0.209766 0.362635
0.017181 0.063716
0.070356 0.126724
0.014767 0.051469
0.300124 0.492076
0.046171 0.117341
0.052073 0.163253
0.259898 0.345202
0.037657 0.176508
0.007851 0.015071
0.281076 0.428532
0.160784 0.219908
0.052145 0.161715
0.087739 0.296375
0.014019 0.046780
0.092814 0.236845
0.143933 0.204830
0.274822 0.428734
0.104135 0.136024
0.182936 0.382598
0.004516 0.009186
0.052437 0.171391
0.304728 0.396193
0.050145 0.160192
0.013149 0.044195
0.159319 0.304252
0.073024 0.140077
0.044057 0.112644
0.050754 0.165526
0.178983 0.289862
0.069489 0.267249
0.199526 0.285804
0.008060 0.023837
0.175694 0.218774
0.095012 0.139888
0.188198 0.307402
0.127038 0.345421
0.056791 0.104845
0.084184 0.278167
0.007618 0.020514
0.177567 0.291595
0.004368 0.009689
0.023689 0.083249
0.263002 0.383376
0.204668 0.271288
0.037579 0.193804
0.069108 0.137755
0.183148 0.353152
0.084717 0.281827
0.018631 0.062281
0.167924 0.211076
0.309704 0.514264
0.043600 0.135646
0.155136 0.291307
0.260519 0.383226
0.277434 0.424076
0.042677 0.210448
0.085540 0.283317
0.070924 0.089580
0.151381 0.290629
0.028569 0.147874
0.084306 0.300163
0.041362 0.133444
0.216395 0.266122
0.274690 0.425680
0.046657 0.153113
0.112715 0.230762
0.116303 0.179915
0.178054 0.295305
0.219160 0.393045
0.060127 0.230049
0.078579 0.296671
0.100845 0.150783
0.007278 0.011568
0.211529 0.266376
0.101988 0.240342
0.101219 0.371102
0.040087 0.187588
0.217136 0.425353
0.316688 0.550513
0.039675 0.194567
0.190566 0.283915
0.050394 0.162542
0.080167 0.207198
0.109203 0.400553
0.044839 0.208817
0.095958 0.144212
0.317828 0.485929
0.077317 0.298402
0.045407 0.215949
0.008252 0.012993
0.048614 0.162584
0.273476 0.398888
0.080021 0.152436
0.048100 0.129194
0.043864 0.137887
0.184096 0.299469
0.076699 0.262459
0.044695 0.209326
0.045792 0.144897
0.056844 0.162400
0.101413 0.138323
0.060438 0.180150
0.085805 0.284594
0.011989 0.036873
0.069968 0.258698
0.042250 0.194673
0.054481 0.160275
0.020919 0.070157
0.055331 0.179016
0.288503 0.453231
0.245748 0.301647
0.325556 0.520910
0.183816 0.413884
0.269271 0.388838
0.099554 0.150757
0.151477 0.284943
0.286515 0.440928
0.090779 0.239331
0.157423 0.222609
0.261583 0.388760
0.101419 0.147817
0.067816 0.261097
0.059125 0.170605
0.188673 0.272813
0.152539 0.290322
0.053592 0.181293
0.086763 0.234189
0.051597 0.126880
0.056216 0.163544
0.090533 0.137822
0.040307 0.190774
0.168277 0.232670
0.054205 0.169868
0.168539 0.231595
0.003751 0.005456
