Model	Replicate	log-likelihood	AIC	chi-squared	theta	optimized_params(nu1, nu2, T)
no_mig	Round_1_Replicate_1	-55257.95	110521.9	2616191.7	2339.41	0.5867,4.794,1.131
no_mig	Round_1_Replicate_2	-72454.05	144914.1	8101150.01	3329.26	0.2495,3.0997,0.8251
no_mig	Round_1_Replicate_3	-44328.69	88663.38	831068.35	1121.67	4.9032,6.2533,2.3025
no_mig	Round_1_Replicate_4	-19168.69	38343.38	76813.46	5548.28	0.532,0.9467,0.1976
no_mig	Round_1_Replicate_5	-44826.05	89658.1	1009214.51	3814.56	0.6447,1.6434,0.7785
no_mig	Round_1_Replicate_6	-53862.57	107731.14	2055478.54	2211.84	1.3969,2.8945,1.6775
no_mig	Round_1_Replicate_7	-29715.94	59437.88	165221.87	6303.76	0.556,0.5103,0.238
no_mig	Round_1_Replicate_8	-404665.17	809336.34	1.097680049911586e+16	2712.32	1.1119,0.3573,6.4773
no_mig	Round_1_Replicate_9	-142853.33	285712.66	399089557.8	1947.16	2.3826,1.0584,4.8059
no_mig	Round_1_Replicate_10	-23480.84	46967.68	163647.75	3510.79	0.6539,3.3393,0.3762
no_mig	Round_2_Replicate_1	-12338.55	24683.1	47625.72	4817.79	0.562,3.8117,0.0971
no_mig	Round_2_Replicate_2	-12438.94	24883.88	20802.83	7209.95	0.2472,0.4268,0.0351
no_mig	Round_2_Replicate_3	-37526.66	75059.32	242802.05	5791.58	0.8627,0.4167,0.2907
no_mig	Round_2_Replicate_4	-14194.62	28395.24	40721.19	5164.55	0.5716,1.3702,0.1592
no_mig	Round_2_Replicate_5	-10585.3	21176.6	20219.91	5947.2	0.3062,1.5489,0.0663
no_mig	Round_2_Replicate_6	-11868.0	23742.0	27765.58	5154.15	0.3887,2.5979,0.1032
no_mig	Round_2_Replicate_7	-18170.06	36346.12	42047.29	5239.66	1.7468,0.666,0.0898
no_mig	Round_2_Replicate_8	-16192.06	32390.12	64151.59	4892.73	1.6325,1.0258,0.1069
no_mig	Round_2_Replicate_9	-28370.46	56746.92	270426.15	2836.2	0.8379,4.3063,0.5588
no_mig	Round_2_Replicate_10	-11107.24	22220.48	21855.14	5602.81	0.4822,1.4481,0.0853
no_mig	Round_2_Replicate_11	-21269.11	42544.22	81373.69	6594.24	0.4102,0.5761,0.1544
no_mig	Round_2_Replicate_12	-50415.03	100836.06	1062396.05	5401.9	0.6065,0.6797,0.6176
no_mig	Round_2_Replicate_13	-12698.37	25402.74	30110.54	4444.17	0.741,2.8623,0.1459
no_mig	Round_2_Replicate_14	-37437.65	74881.3	402891.56	6139.55	0.4507,0.6464,0.3615
no_mig	Round_2_Replicate_15	-16541.99	33089.98	34698.77	5018.55	1.5681,0.8531,0.1094
no_mig	Round_2_Replicate_16	-14932.69	29871.38	51577.66	4923.36	0.3157,3.1009,0.1289
no_mig	Round_2_Replicate_17	-12392.53	24791.06	44804.1	4858.15	0.774,2.1884,0.1086
no_mig	Round_2_Replicate_18	-30246.97	60499.94	137064.63	4804.53	1.3235,0.5995,0.2871
no_mig	Round_2_Replicate_19	-23756.11	47518.22	170403.5	4629.24	0.3745,2.0675,0.2621
no_mig	Round_2_Replicate_20	-11748.58	23503.16	22515.25	7222.21	0.1968,0.4654,0.0284
no_mig	Round_3_Replicate_1	-10440.21	20886.42	20205.58	6051.79	0.2727,1.6227,0.0567
no_mig	Round_3_Replicate_2	-10606.28	21218.56	23285.8	6117.05	0.1985,2.4884,0.0424
no_mig	Round_3_Replicate_3	-11027.77	22061.54	23603.05	5546.56	0.3009,2.936,0.0679
no_mig	Round_3_Replicate_4	-11553.52	23113.04	23965.34	6663.61	0.2136,0.8959,0.0597
no_mig	Round_3_Replicate_5	-11629.66	23265.32	25400.21	6314.8	0.2625,1.0722,0.0733
no_mig	Round_3_Replicate_6	-10330.08	20666.16	18855.3	6702.77	0.1725,1.0589,0.0347
no_mig	Round_3_Replicate_7	-10940.58	21887.16	21879.18	5668.92	0.4439,1.4971,0.0792
no_mig	Round_3_Replicate_8	-11539.42	23084.84	23990.98	6593.24	0.2269,0.9202,0.0626
no_mig	Round_3_Replicate_9	-10549.89	21105.78	18407.85	6463.63	0.2674,0.9832,0.0518
no_mig	Round_3_Replicate_10	-10414.19	20834.38	21597.95	6397.06	0.174,1.7624,0.0364
no_mig	Round_3_Replicate_11	-12244.88	24495.76	26058.41	6436.68	0.3159,0.8319,0.0795
no_mig	Round_3_Replicate_12	-10762.04	21530.08	23178.66	5689.48	0.3082,2.3724,0.0643
no_mig	Round_3_Replicate_13	-11603.25	23212.5	22638.09	6533.78	0.287,0.8281,0.0682
no_mig	Round_3_Replicate_14	-10360.47	20726.94	20679.9	6236.01	0.2401,1.5091,0.0477
no_mig	Round_3_Replicate_15	-10683.4	21372.8	21302.89	5804.64	0.2845,2.0605,0.0647
no_mig	Round_3_Replicate_16	-11030.73	22067.46	19527.22	6503.26	0.3209,0.8165,0.0521
no_mig	Round_3_Replicate_17	-10945.95	21897.9	32938.0	5815.43	0.2579,3.1372,0.05
no_mig	Round_3_Replicate_18	-11427.11	22860.22	25012.6	5190.61	0.558,1.9624,0.0991
no_mig	Round_3_Replicate_19	-11786.74	23579.48	23675.34	5746.16	0.5746,1.0878,0.0801
no_mig	Round_3_Replicate_20	-11335.44	22676.88	26855.58	5202.89	0.462,2.5846,0.0883
no_mig	Round_4_Replicate_1	-10557.33	21120.66	19438.93	6599.81	0.1273,1.6814,0.0304
no_mig	Round_4_Replicate_2	-10795.42	21596.84	18418.93	7017.85	0.1593,0.7383,0.0377
no_mig	Round_4_Replicate_3	-10329.68	20665.36	20836.56	6432.86	0.2037,1.3704,0.0401
no_mig	Round_4_Replicate_4	-10430.56	20867.12	18690.15	6428.12	0.2552,1.0771,0.0494
no_mig	Round_4_Replicate_5	-10588.04	21182.08	18147.97	6627.06	0.2456,0.8735,0.0464
no_mig	Round_4_Replicate_6	-10369.07	20744.14	18522.43	6827.67	0.1516,0.9733,0.031
no_mig	Round_4_Replicate_7	-10405.71	20817.42	17727.78	6884.31	0.1473,0.9119,0.0317
no_mig	Round_4_Replicate_8	-10439.9	20885.8	18335.68	6685.69	0.2121,0.915,0.0405
no_mig	Round_4_Replicate_9	-10403.17	20812.34	19595.3	6163.58	0.2425,1.5685,0.0529
no_mig	Round_4_Replicate_10	-10401.2	20808.4	18985.1	6296.26	0.263,1.2263,0.0527
no_mig	Round_4_Replicate_11	-10401.77	20809.54	17846.91	6786.85	0.156,1.0011,0.0352
no_mig	Round_4_Replicate_12	-10839.49	21684.98	18025.59	7176.84	0.1561,0.5854,0.0287
no_mig	Round_4_Replicate_13	-10589.19	21184.38	19925.62	6928.34	0.1739,0.7628,0.031
no_mig	Round_4_Replicate_14	-10550.13	21106.26	23032.39	6872.15	0.1622,0.8669,0.0287
no_mig	Round_4_Replicate_15	-10957.03	21920.06	17721.34	7147.56	0.1769,0.5788,0.033
no_mig	Round_4_Replicate_16	-10341.57	20689.14	18137.57	6646.14	0.194,1.0303,0.0398
no_mig	Round_4_Replicate_17	-10663.5	21333.0	23602.79	6566.37	0.122,2.1565,0.0262
no_mig	Round_4_Replicate_18	-10547.46	21100.92	18276.04	6706.68	0.2255,0.8501,0.0419
no_mig	Round_4_Replicate_19	-10383.89	20773.78	18478.14	6551.84	0.2253,1.0315,0.0441
no_mig	Round_4_Replicate_20	-10357.28	20720.56	18306.7	6595.31	0.1729,1.205,0.0392
