Model	Replicate	log-likelihood	AIC	chi-squared	theta	optimized_params(nu1, nu2, m12, m21, T1, T2, P , p_misid)
Model	Replicate	log-likelihood	AIC	chi-squared	theta	optimized_params(nu1, nu2, m12, m21, T1, T2, P , p_misid)
Model	Replicate	log-likelihood	AIC	chi-squared	theta	optimized_params(nu1, nu2, m12, m21, T1, T2, P , p_misid)
Model	Replicate	log-likelihood	AIC	chi-squared	theta	optimized_params(nu1, nu2, m12, m21, T1, T2, P , p_misid)
Model	Replicate	log-likelihood	AIC	chi-squared	theta	optimized_params(nu1, nu2, m12, m21, T1, T2, P , p_misid)
Model	Replicate	log-likelihood	AIC	chi-squared	theta	optimized_params(nu1, nu2, m12, m21, T1, T2, P , p_misid)
Model	Replicate	log-likelihood	AIC	chi-squared	theta	optimized_params(nu1, nu2, m12, m21, T1, T2, P , p_misid)
Model	Replicate	log-likelihood	AIC	chi-squared	theta	optimized_params(nu1, nu2, m12, m21, T1, T2, P , p_misid)
Model	Replicate	log-likelihood	AIC	chi-squared	theta	optimized_params(nu1, nu2, m12, m21, T1, T2, P , p_misid)
Model	Replicate	log-likelihood	AIC	chi-squared	theta	optimized_params(nu1, nu2, m12, m21, T1, T2, P , p_misid)
1	Round_1_Replicate_1	-12547.37	25110.74	36277.73	1016.15	0.597,0.7581,3.5765,0.085,1.7712,1.8281,1.0812,0.7918
1	Round_1_Replicate_1	-32241.41	64498.82	324488757454.32	1084.41	2.8833,0.2473,14.0107,0.1349,1.5722,0.2184,15.6908,0.99
1	Round_1_Replicate_1	-21677.29	43370.58	247153.2	183.37	1.1919,11.612,0.3225,0.6937,1.2066,4.9965,0.7171,0.99
1	Round_1_Replicate_1	-28048.95	56113.9	1547340.8	1020.47	1.1718,0.1112,2.0222,5.7146,0.9692,0.9615,0.4372,0.9898
1	Round_1_Replicate_1	-9940.32	19896.64	1247682062431333.5	129.9	14.5703,10.8882,0.8738,0.3905,0.1155,2.0407,0.2599,0.3048
1	Round_1_Replicate_1	-10096.14	20208.28	755338.16	1955.21	0.8358,0.1705,11.0626,1.5962,1.1889,0.4592,2.7541,0.3548
1	Round_1_Replicate_1	-19594.3	39204.6	182681.25	1719.67	0.4606,0.0913,0.0898,1.2476,0.5155,0.4826,0.4323,0.7922
1	Round_1_Replicate_1	-16567.91	33151.82	218567.13	1434.25	0.1441,0.5632,0.1066,0.2383,0.3295,0.1349,0.4775,0.7235
1	Round_1_Replicate_1	-20772.78	41561.56	218810.89	758.11	0.3324,1.2576,2.4005,0.1729,1.0134,5.9279,0.1761,0.9898
1	Round_1_Replicate_1	-28298.74	56613.48	2022627.22	145.85	0.1929,14.5574,0.07,0.2306,0.1936,11.3899,0.6758,0.9898
1	Round_1_Replicate_2	-20531.12	41078.24	235066.58	968.29	0.329,0.7423,3.033,0.1388,4.9631,0.9703,0.0609,0.9898
1	Round_1_Replicate_2	-13966.72	27949.44	82789.95	666.82	1.5758,0.3196,1.2333,0.0728,2.0162,0.1086,0.3239,0.1852
1	Round_1_Replicate_2	-15063.58	30143.16	6.933490742389728e+17	138.6	9.7276,3.8958,5.9928,0.3021,9.0798,0.2093,7.1272,0.606
1	Round_1_Replicate_2	-25445.84	50907.68	372211.93	219.94	3.2145,4.7283,0.1058,0.4027,0.1158,3.329,0.4603,0.9898
1	Round_1_Replicate_2	-4609.45	9234.9	32393660.09	226.24	0.7147,10.6587,1.4524,1.7621,2.2166,0.3127,4.9142,0.1583
1	Round_1_Replicate_2	-20719.86	41455.72	194126.07	409.6	0.4471,2.6879,1.0935,0.0896,1.2292,3.7402,0.8137,0.9819
1	Round_1_Replicate_2	-22247.28	44510.56	336813.02	1492.07	0.1449,0.4941,0.2082,0.271,0.104,0.1205,15.6574,0.9898
1	Round_1_Replicate_2	-17310.9	34637.8	228713.61	1147.12	0.4985,0.2526,0.064,0.0708,0.2299,1.8103,14.9959,0.3715
1	Round_1_Replicate_2	-18971.48	37958.96	178099.48	4034.88	0.0677,0.1804,11.2085,2.9659,0.854,0.6047,1.8976,0.9898
1	Round_1_Replicate_2	-28088.98	56193.96	239703549313.27	129.08	9.9499,1.15,0.6241,4.5457,2.5618,13.5223,0.0632,0.9898
1	Round_1_Replicate_3	-40887.36	81790.72	4705555.47	178.21	6.9022,0.6675,0.6282,0.0626,10.2622,0.2422,0.4685,0.9895
1	Round_1_Replicate_3	-6177.37	12370.74	7568.93	651.93	0.7314,1.1322,1.6158,0.2307,1.3815,8.2312,0.8812,0.3341
1	Round_1_Replicate_3	-6130.61	12277.22	2277854.22	1351.66	0.2592,1.6472,0.0652,6.3538,0.2276,2.944,7.094,0.2291
1	Round_1_Replicate_3	-24321.02	48658.04	469950.79	2559.76	0.1205,0.1183,1.2596,1.1119,0.5741,0.2632,1.5958,0.9898
1	Round_1_Replicate_3	-29812.54	59641.08	1873523.03	426.6	6.0601,0.3103,1.8327,2.0585,0.8027,2.1744,0.6461,0.9898
1	Round_1_Replicate_3	-9653.42	19322.84	28210.99	416.89	4.0481,0.2577,2.0725,2.9947,2.1873,0.1278,8.2019,0.071
1	Round_1_Replicate_3	-11124.6	22265.2	16435161085.91	829.49	10.5323,0.3343,8.3231,3.3462,1.1088,15.6256,0.4937,0.3626
1	Round_1_Replicate_4	-10372.41	20760.82	9812444483.17	970.39	0.274,3.4859,0.1817,10.685,0.4738,0.2593,0.6862,0.6937
1	Round_1_Replicate_4	-5675.09	11366.18	5145386.81	2135.32	0.1283,1.179,0.7041,11.1846,1.3945,0.616,4.6761,0.106
1	Round_1_Replicate_3	-27829.68	55675.36	1189675.56	890.63	0.105,0.1473,7.2108,0.8747,5.3989,0.0831,1.0938,0.9898
1	Round_1_Replicate_4	-4452.58	8921.16	4590.08	569.81	1.4711,0.9608,0.2452,2.0125,1.0332,1.0708,1.2149,0.1161
1	Round_1_Replicate_4	-28388.68	56793.36	662491.58	239.91	8.7341,2.5185,0.2469,1.2007,1.3972,0.0776,0.0724,0.9898
1	Round_1_Replicate_3	-9895.22	19806.44	40063.24	121.28	13.4328,0.1491,0.5493,9.9438,10.9877,0.1368,4.5765,0.19
1	Round_1_Replicate_5	-11309.1	22634.2	34484.0	735.1	1.3052,0.1953,3.3349,0.7688,3.0295,0.3503,0.1747,0.0875
1	Round_1_Replicate_4	-37098.04	74212.08	5610278.66	190.75	12.2693,0.2671,0.365,0.2755,0.1242,13.1012,0.1783,0.9898
1	Round_1_Replicate_5	-9405.96	18827.92	622719707.15	962.67	2.4579,0.4227,7.0739,1.8432,12.6501,6.3188,12.1884,0.3212
1	Round_1_Replicate_4	-11160.03	22336.06	56738.34	3131.33	0.0737,0.1669,0.6353,0.8052,1.5018,9.8116,14.671,0.1952
1	Round_1_Replicate_3	-25873.92	51763.84	848463.93	2707.34	0.0868,0.089,0.0688,2.6974,7.9829,0.8887,0.7574,0.9898
1	Round_1_Replicate_4	-12504.91	25025.82	65676.65	432.18	1.7452,0.1037,0.6825,10.0225,7.2631,0.0805,5.0824,0.4866
1	Round_1_Replicate_6	-9836.53	19689.06	25793.28	598.19	2.1315,0.2416,0.1733,1.1302,0.4026,2.0022,1.3703,0.0711
1	Round_1_Replicate_5	-13051.35	26118.7	50688.76	595.03	0.1418,0.5012,0.7044,4.8982,7.4096,0.091,5.7255,0.3347
1	Round_1_Replicate_4	-23623.36	47262.72	273436.71	669.42	7.691,0.1362,2.424,0.2609,9.0884,16.354,10.0831,0.7736
1	Round_1_Replicate_4	-13803.44	27622.88	52371.44	1612.29	3.3967,0.1012,6.8907,0.1422,0.134,9.1181,0.6993,0.126
1	Round_1_Replicate_5	-5715.15	11446.3	14010.57	2022.09	0.2023,0.3785,10.3066,3.2764,0.3191,15.6763,9.5268,0.3368
1	Round_1_Replicate_5	-13349.05	26714.1	229684.18	2587.93	1.8723,0.0908,12.7381,0.8268,1.1612,1.8145,0.7867,0.4014
1	Round_1_Replicate_4	-30609.03	61234.06	1616958.33	694.13	7.2564,0.3589,0.9168,0.0791,0.0774,0.1326,2.7344,0.9898
1	Round_1_Replicate_5	-19000.02	38016.04	155343.72	957.19	1.3414,0.0892,0.4312,0.1143,0.5074,0.5509,1.692,0.2284
1	Round_1_Replicate_6	-32964.53	65945.06	2428581.81	205.99	13.8665,0.1131,0.1725,11.8605,1.6562,1.0702,2.782,0.9898
1	Round_1_Replicate_7	-27523.55	55063.1	3.0595371282413553e+18	469.6	0.7736,4.2227,10.2794,10.6205,0.2304,1.7121,9.5881,0.9898
1	Round_1_Replicate_5	-9774.0	19564.0	56320.05	456.95	0.2448,3.0832,0.1009,0.3639,1.2566,1.2472,7.7691,0.2591
1	Round_1_Replicate_6	-33914.84	67845.68	3365133.01	181.25	7.0738,0.5083,0.2677,0.3564,9.4414,2.9347,9.8578,0.9898
1	Round_1_Replicate_5	-22279.56	44575.12	397172980.28	428.0	0.5451,2.5874,9.9977,0.1363,7.0649,3.8234,0.1111,0.9898
1	Round_1_Replicate_5	-18993.66	38003.32	141113.15	635.69	6.4234,0.1075,1.8419,0.1116,5.985,10.436,5.1708,0.099
1	Round_1_Replicate_6	-9343.67	18703.34	60001.46	775.09	0.1337,2.969,0.092,1.7958,0.0901,0.2461,0.5733,0.2993
1	Round_1_Replicate_6	-25803.69	51623.38	602862.62	1526.36	0.5507,0.3448,3.4278,0.5061,0.7106,2.4486,0.3549,0.9898
1	Round_1_Replicate_7	-10555.01	21126.02	31936.89	2331.16	0.1246,0.0934,0.2752,6.3142,1.0109,0.1041,0.1559,0.0638
1	Round_1_Replicate_8	-9687.18	19390.36	40165.99	600.85	0.401,5.2333,0.1188,0.1461,0.0705,0.196,0.2905,0.5904
1	Round_1_Replicate_6	-23731.46	47478.92	477275.18	925.8	0.1386,1.5774,0.4482,0.7747,0.0878,0.3172,10.1982,0.9898
1	Round_1_Replicate_7	-26723.0	53462.0	4.522574774322062e+17	371.79	3.5224,6.405,0.2433,5.6076,0.3587,0.1553,2.4995,0.9898
1	Round_1_Replicate_5	-40181.93	80379.86	10577675.36	154.66	8.1979,0.1749,0.0796,0.2141,10.4831,10.5352,0.657,0.9898
1	Round_1_Replicate_6	-25429.15	50874.3	971931.82	194.64	4.7225,0.1384,0.266,3.198,15.055,0.1718,0.2353,0.9897
1	Round_1_Replicate_7	-10530.91	21077.82	29208.8	449.13	5.0535,0.6052,0.1567,0.2683,0.7246,0.1223,0.09,0.1121
1	Round_1_Replicate_6	-27720.73	55457.46	779918.63	1430.24	0.3617,0.1867,0.1558,0.4949,1.7712,14.4254,3.6694,0.9898
1	Round_1_Replicate_7	-7180.97	14377.94	104977509907844.27	89.96	0.9769,15.4347,8.5544,0.6367,11.0742,6.8366,3.1203,0.1433
1	Round_1_Replicate_9	-33888.81	67793.62	3325446.67	473.46	5.5108,0.171,1.2189,0.92,0.0644,3.4364,0.333,0.9898
1	Round_1_Replicate_8	-20975.54	41967.08	6866415.37	523.06	1.0929,1.2942,1.5799,3.1999,0.2296,10.207,0.4936,0.9895
1	Round_1_Replicate_7	-26093.14	52202.28	860175.93	1109.7	0.1622,0.8778,0.1192,0.7387,0.1399,1.3877,1.7788,0.9898
1	Round_1_Replicate_8	-19061.21	38138.42	124472.51	297.96	8.7585,0.3853,0.6382,0.0672,0.79,2.9326,0.3455,0.5666
1	Round_1_Replicate_6	-12536.38	25088.76	152707.99	319.54	0.0897,5.8003,0.1324,0.4714,2.564,13.6241,6.3869,0.2029
1	Round_1_Replicate_6	-20546.41	41108.82	290180.17	2504.23	0.3708,0.1025,0.0855,14.2075,0.4687,0.3168,11.2229,0.9898
1	Round_1_Replicate_7	-13016.95	26049.9	1.0794201144955899e+26	411.84	2.3792,3.9112,11.306,11.6719,0.2022,0.3955,3.9274,0.103
1	Round_1_Replicate_8	-30200.87	60417.74	1.575947516338051e+17	232.4	1.8045,6.9472,7.5595,3.8768,2.1502,0.1623,0.4956,0.9898
1	Round_1_Replicate_7	-4810.81	9637.62	6730.5	6722.52	0.1006,0.1054,0.4246,17.9026,0.3216,1.8355,0.4155,0.1034
1	Round_1_Replicate_8	-29241.83	58499.66	421194421101382.5	225.97	3.4713,8.4143,5.3015,1.8397,1.1785,0.139,2.1039,0.9898
1	Round_1_Replicate_10	-33057.35	66130.7	1.2723282445620214e+24	178.05	3.5188,10.0094,4.1592,7.7228,0.9742,5.2437,0.3945,0.9898
1	Round_1_Replicate_9	-22222.69	44461.38	401151.94	646.79	0.4393,3.4471,0.0963,2.6009,8.0212,12.0959,5.4122,0.9898
1	Round_1_Replicate_8	-30481.16	60978.32	2.6664015545748402e+19	229.59	1.7043,15.8484,5.5668,4.4549,0.9714,0.4827,13.7733,0.9898
1	Round_1_Replicate_9	-8127.7	16271.4	14524.21	3821.74	0.2667,0.1069,8.9933,2.6743,0.8528,1.2441,2.5618,0.3173
1	Round_1_Replicate_7	-16798.9	33613.8	5438532.77	828.24	0.863,0.4558,0.7315,9.6601,2.2912,0.242,1.5413,0.99
1	Round_1_Replicate_9	-8134.08	16284.16	21462.48	1074.63	0.3178,0.6046,0.5451,0.1121,1.157,0.3128,10.866,0.0661
1	Round_1_Replicate_8	-24231.54	48479.08	410145.28	1847.1	0.1666,0.3045,0.6677,0.5657,0.293,0.597,8.1324,0.9898
1	Round_1_Replicate_9	-32812.45	65640.9	202121205.45	1240.62	5.1147,0.2169,7.398,0.4835,0.2434,1.5496,5.5941,0.9898
1	Round_2_Replicate_1	-8931.39	17878.78	26562.88	1150.75	0.2047,0.729,0.5949,0.237,0.1909,0.9978,0.0896,0.3695
1	Round_1_Replicate_10	-27197.21	54410.42	757014.85	520.54	8.9711,0.8741,0.0809,1.6425,0.1611,0.128,14.7328,0.9898
1	Round_1_Replicate_8	-11380.56	22777.12	110857.8	512.94	0.1017,2.7178,0.0919,1.2894,3.2807,1.125,10.8618,0.126
1	Round_1_Replicate_9	-7168.77	14353.54	18242.87	1302.76	0.8496,0.1519,0.5517,14.8336,0.4482,1.6614,0.4551,0.2562
1	Round_1_Replicate_10	-30701.66	61419.32	866811.89	434.63	1.7786,1.2473,0.6648,0.0887,2.683,0.2952,3.3813,0.9898
1	Round_1_Replicate_8	-33980.9	67977.8	1455273.7	327.69	2.8587,1.1232,0.5079,0.2101,4.4744,0.2397,0.8581,0.9898
1	Round_1_Replicate_10	-9173.19	18362.38	47479.67	1532.53	0.1405,0.576,0.1122,1.104,2.525,7.5935,0.8618,0.0987
1	Round_1_Replicate_9	-10183.32	20382.64	39403.32	1796.09	0.1682,0.361,0.2938,0.975,0.193,15.1233,5.9726,0.375
1	Round_2_Replicate_2	-7559.39	15134.78	37066.17	209.71	1.1761,14.6892,0.0467,0.1522,0.2116,1.3096,0.1977,0.1075
1	Round_2_Replicate_1	-6507.03	13030.06	13296.43	501.25	2.8349,0.7577,0.9503,1.9447,0.7253,0.4366,1.7874,0.2397
1	Round_1_Replicate_9	-22052.54	44121.08	297367.68	559.5	0.1762,8.1722,3.636,3.2253,0.2441,0.0842,15.5552,0.9898
1	Round_1_Replicate_7	-20463.56	40943.12	349271325.11	1310.42	0.159,5.7894,3.4292,11.6931,6.6217,16.0282,0.2281,0.9898
1	Round_1_Replicate_9	-15444.85	30905.7	126699.54	2061.41	0.1116,0.1118,9.5139,13.1515,3.0256,0.2719,1.9015,0.9898
1	Round_2_Replicate_3	-9937.35	19890.7	105824.18	344.03	0.4047,14.6892,0.0284,0.0457,0.0152,0.5519,0.6693,0.1536
1	Round_1_Replicate_10	-24043.26	48102.52	427609.65	405.47	0.1449,1.8555,0.3997,0.0836,9.0716,2.0833,0.7902,0.9898
1	Round_1_Replicate_10	-29272.57	58561.14	1906537.64	1489.08	0.089,0.462,0.0727,0.5522,0.0955,3.4282,0.2397,0.9898
1	Round_1_Replicate_10	-25582.45	51180.9	863415793.3	410.44	0.6197,3.5386,8.432,0.6239,0.0687,1.7104,0.426,0.9898
1	Round_2_Replicate_2	-6959.92	13935.84	2875173831.21	1085.81	0.4423,2.0325,0.2372,7.6765,0.4267,4.2899,1.1626,0.4158
1	Round_1_Replicate_10	-23026.36	46068.72	265057.95	104.54	16.4283,0.2573,0.6681,0.0687,13.259,0.1871,6.1044,0.2045
1	Round_2_Replicate_4	-4751.71	9519.42	9288.91	536.64	0.661,6.9732,0.4203,0.7717,0.1739,0.1004,1.5055,0.0833
1	Round_1_Replicate_8	-7234.57	14485.14	55446.17	311.18	0.6441,3.463,4.2067,0.1041,15.5289,6.3572,2.8883,0.5145
Model	Replicate	log-likelihood	AIC	chi-squared	theta	optimized_params(nu1, nu2, m12, m21, m12i, m21i, T1, T2, P , p_misid)
Model	Replicate	log-likelihood	AIC	chi-squared	theta	optimized_params(nu1, nu2, m12, m21, m12i, m21i, T1, T2, P , p_misid)
Model	Replicate	log-likelihood	AIC	chi-squared	theta	optimized_params(nu1, nu2, m12, m21, m12i, m21i, T1, T2, P , p_misid)
Model	Replicate	log-likelihood	AIC	chi-squared	theta	optimized_params(nu1, nu2, m12, m21, m12i, m21i, T1, T2, P , p_misid)
Model	Replicate	log-likelihood	AIC	chi-squared	theta	optimized_params(nu1, nu2, m12, m21, m12i, m21i, T1, T2, P , p_misid)
Model	Replicate	log-likelihood	AIC	chi-squared	theta	optimized_params(nu1, nu2, m12, m21, m12i, m21i, T1, T2, P , p_misid)
Model	Replicate	log-likelihood	AIC	chi-squared	theta	optimized_params(nu1, nu2, m12, m21, m12i, m21i, T1, T2, P , p_misid)
Model	Replicate	log-likelihood	AIC	chi-squared	theta	optimized_params(nu1, nu2, m12, m21, m12i, m21i, T1, T2, P , p_misid)
Model	Replicate	log-likelihood	AIC	chi-squared	theta	optimized_params(nu1, nu2, m12, m21, m12i, m21i, T1, T2, P , p_misid)
Model	Replicate	log-likelihood	AIC	chi-squared	theta	optimized_params(nu1, nu2, m12, m21, m12i, m21i, T1, T2, P , p_misid)
1	Round_2_Replicate_3	-7535.5	15087.0	23601250.64	205.3	10.1226,0.3109,0.1485,12.7676,0.157,3.6892,1.1197,0.1466
1	Round_2_Replicate_1	-4438.83	8893.66	5984.94	6438.99	0.0685,0.1501,1.63,13.3728,0.4455,18.722,3.6717,0.0443
1	Round_2_Replicate_1	-19756.16	39528.32	298143387.39	2163.09	0.3692,0.3271,0.0322,19.8,0.1675,0.7008,19.8,0.9895
1	Round_2_Replicate_1	-12555.35	25126.7	19733986.43	1042.55	5.6557,0.1353,9.1576,9.2429,0.3536,6.802,0.1412,0.521
1	Round_2_Replicate_1	-6325.9	12667.8	11691.1	17280.89	0.0354,0.0291,2.485,18.722,0.0993,4.6062,0.1415,0.0248
1	Round_2_Replicate_5	-13676.3	27368.6	10788837185.32	373.25	2.7185,19.8,0.2634,0.482,0.1078,0.1926,0.0761,0.7469
1	Round_1_Replicate_10	-22653.31	45322.62	393400.21	980.34	0.2241,0.6218,0.1345,0.8188,13.0774,3.5963,2.5478,0.9898
1	Round_1_Replicate_9	-33111.68	66239.36	1722285.62	380.88	6.4249,0.5422,0.2926,0.8239,1.0445,0.0666,2.1264,0.9898
1	Round_2_Replicate_1	-5077.17	10170.34	104262.72	2504.53	0.2705,0.3644,0.0799,10.8494,0.3602,10.4228,2.6022,0.2411
1	Round_2_Replicate_4	-3476.16	6968.32	1312144.15	812.14	0.7255,1.1839,0.4994,3.876,0.909,6.9195,0.2408,0.0204
1	Round_2_Replicate_6	-11168.96	22353.92	97481.1	590.66	0.1813,18.722,0.025,0.1272,0.0763,0.1019,0.2989,0.5277
1	Round_1_Replicate_1	-30164.69	60349.38	6.332214200867205e+18	504.77	3.0405,1.1607,7.271,10.1189,11.2335,2.8594,0.1437,0.9384,0.3446,0.9895
1	Round_1_Replicate_1	-27396.55	54813.1	-3220006.21	171.93	0.9424,4.3162,0.9334,7.212,2.0057,0.3977,8.0463,0.0836,6.0459,0.99
1	Round_1_Replicate_1	-33761.41	67542.82	1575821.97	110.58	11.7164,2.4309,0.0925,0.2806,0.7736,1.8508,11.3606,0.3985,0.0731,0.9899
1	Round_1_Replicate_1	-13736.2	27492.4	66533.26	162.2	0.1389,5.324,0.4996,1.6845,5.3227,0.627,0.101,1.644,5.7847,0.9899
1	Round_2_Replicate_1	-7738.21	15492.42	13919.12	9225.15	0.0764,0.0319,17.7135,7.1358,4.0501,0.3852,2.5668,0.0689
1	Round_1_Replicate_1	-13989.66	27999.32	-54814.07	1116.28	0.6565,0.0706,0.2877,11.8851,0.1392,3.976,1.4218,0.0707,7.5425,0.4405
1	Round_2_Replicate_2	-3727.4	7470.8	2420.9	2202.98	0.0485,0.5004,18.722,1.867,1.6499,3.5177,14.064,0.1101
1	Round_1_Replicate_1	-7534.52	15089.04	12623.05	198.98	0.219,8.8339,4.643,0.3215,0.3983,0.4977,3.1555,7.8502,0.5874,0.5388
1	Round_2_Replicate_2	-16280.83	32577.66	103845.36	1555.85	4.6454,0.0947,7.8531,1.4162,0.5944,18.722,0.3949,0.5346
1	Round_2_Replicate_5	-7444.93	14905.86	16158.67	687.15	0.3169,1.0712,0.3213,1.2668,2.9354,0.5327,0.1763,0.2729
1	Round_2_Replicate_7	-8066.99	16149.98	58800.37	704.74	0.1109,18.722,0.0203,0.1271,0.008,0.1138,0.1424,0.0757
1	Round_1_Replicate_10	-28491.96	56999.92	960200.96	1973.49	0.6275,0.2523,6.1093,0.2791,11.6871,5.0739,0.1123,0.9898
1	Round_2_Replicate_2	-5381.04	10778.08	20476453.79	1968.77	0.4641,0.3013,0.1123,16.1948,3.0276,8.1724,0.6429,0.2392
1	Round_2_Replicate_2	-8953.34	17922.68	36723.8	6613.89	0.0212,0.1128,2.2849,2.5555,0.9185,1.2531,2.5555,0.0693
1	Round_1_Replicate_1	-10364.01	20748.02	379409841884.31	393.82	4.83,1.5936,6.6533,1.0739,4.3634,0.3507,0.8795,8.6983,6.3995,0.4101
1	Round_2_Replicate_8	-22984.03	45984.06	258347.35	539.06	1.6167,2.6665,0.3724,0.712,0.1375,0.2687,0.7384,0.9895
1	Round_2_Replicate_6	-6616.41	13248.82	33826.68	479.49	0.4598,6.8542,0.0307,0.344,0.2782,0.1429,4.3247,0.0246
1	Round_2_Replicate_2	-5663.24	11342.48	1085470407.91	2284.27	0.1803,1.1522,0.0941,14.6892,0.0615,16.3282,14.1718,0.1434
1	Round_2_Replicate_1	-7832.07	15680.14	724408.26	559.68	2.7856,0.7236,2.8706,0.5492,3.1385,2.0174,14.7332,0.1713
1	Round_2_Replicate_2	-21809.38	43634.76	267106.59	3558.25	0.1054,0.2454,11.1437,0.6211,4.9701,2.0346,9.5486,0.9898
1	Round_2_Replicate_3	-23671.58	47359.16	565918.32	2441.05	0.3746,0.1082,2.4205,9.8078,0.0734,2.2569,0.9107,0.9898
1	Round_1_Replicate_2	-3612.29	7244.58	3734.36	168.06	2.2284,6.8446,0.4239,1.7439,1.5655,0.1077,6.5067,0.2513,0.5404,0.0899
1	Round_2_Replicate_9	-6012.93	12041.86	476670.36	458.41	1.4152,13.2529,0.0553,0.023,0.1726,0.0732,0.2237,0.1093
1	Round_1_Replicate_2	-12863.3	25746.6	-11768765853144.81	687.97	0.5002,14.1151,9.4662,5.2828,0.3664,13.9737,3.7126,0.1623,1.4965,0.9899
1	Round_2_Replicate_3	-8761.28	17538.56	30262.11	7744.35	0.0466,0.173,0.2498,18.722,0.0946,4.7987,2.5258,0.5231
1	Round_1_Replicate_2	-31749.06	63518.12	53057.34	1464.99	0.0759,1.5322,1.0058,0.2417,5.5455,0.314,0.8385,0.7575,10.02,0.9899
1	Round_1_Replicate_2	-12142.72	24305.44	929603074.3	268.72	1.8484,3.7612,2.8344,0.5352,6.0825,0.079,0.0923,5.8193,0.3102,0.7439
1	Round_2_Replicate_7	-12082.45	24180.9	40094.58	906.59	1.102,0.307,0.1293,3.3361,6.6446,5.4009,8.6975,0.7155
1	Round_2_Replicate_3	-4600.09	9216.18	999844665.98	1233.74	0.4226,1.4339,0.0123,7.4531,0.1149,5.4543,13.4995,0.0512
1	Round_2_Replicate_3	-12058.2	24132.4	38220.25	1397.56	0.5254,0.1235,1.2864,0.5245,1.0421,0.3086,9.2301,0.1131
1	Round_1_Replicate_2	-9548.25	19116.5	-13382282653.4	-32.4	7.5037,1.0747,4.0518,14.7813,3.5604,0.1845,0.1295,6.0094,12.4618,0.5966
1	Round_2_Replicate_4	-14645.96	29307.92	90117.45	442.09	5.4667,0.0504,0.9396,5.0662,0.1029,2.1722,1.8021,0.0564
1	Round_2_Replicate_10	-5996.82	12009.64	12044.55	510.49	2.5285,2.3956,0.0252,0.0687,0.1944,0.1993,0.6327,0.1712
1	Round_1_Replicate_1	-32769.17	65558.34	2801018.05	586.54	6.8701,0.2178,0.0814,0.4017,14.3138,0.1427,15.8591,2.2297,0.7971,0.9899
1	Round_1_Replicate_2	-20658.43	41336.86	-395760.99	2152.86	0.7057,0.3478,0.4974,0.1112,0.1172,9.0664,0.3981,12.7586,1.8123,0.99
1	Round_2_Replicate_2	-6406.84	12829.68	7534.52	433.2	0.3176,2.5736,4.3681,0.0349,19.8,2.1364,14.8267,0.4782
1	Round_2_Replicate_8	-6475.6	12967.2	16497.61	469.62	0.3373,2.493,0.2727,0.3302,2.3534,0.3701,1.3514,0.0224
1	Round_2_Replicate_4	-17132.47	34280.94	2866288.86	1809.45	0.0886,7.4363,0.035,13.4298,0.556,0.5896,8.9398,0.8617
1	Round_2_Replicate_4	-9636.52	19289.04	27066.14	2180.5	0.1034,0.2568,1.8544,0.3321,0.762,0.4809,13.4254,0.3137
1	Round_1_Replicate_1	-22812.61	45645.22	4.610121107969305e+20	-205.21	4.0753,1.6229,0.0757,16.3248,15.3993,1.3141,0.2746,14.3021,5.1011,0.9899
1	Round_1_Replicate_2	-22040.32	44100.64	-2196702.82	-804.13	1.0929,0.3714,2.4329,0.2358,9.0768,2.5351,9.8156,13.2454,14.5898,0.99
1	Round_3_Replicate_1	-10175.2	20366.4	63884.96	345.94	0.206,16.6861,0.7725,0.6068,0.5312,0.0301,0.4374,0.2073
1	Round_1_Replicate_3	-7066.22	14152.44	502466550076.31	253.32	9.1978,2.3119,4.0084,3.7117,1.0549,10.5388,1.1274,0.0917,0.4492,0.142
1	Round_2_Replicate_4	-4120.34	8256.68	4741.35	7527.36	0.0805,0.1023,1.3538,19.2535,0.4234,7.6404,0.7794,0.0158
1	Round_2_Replicate_9	-6937.32	13890.64	20957.63	618.24	0.3274,3.1413,0.2162,0.4788,0.1553,0.3518,0.7247,0.2451
1	Round_2_Replicate_3	-23463.02	46942.04	255685895040.24	337.17	0.5259,3.4189,14.3904,0.2943,7.1159,1.6465,9.6306,0.9898
1	Round_2_Replicate_5	-20538.19	41092.38	332205.97	1866.78	0.1388,0.3238,0.0879,0.9551,0.8588,2.1405,5.9982,0.896
1	Round_1_Replicate_3	-9530.46	19080.92	36961.71	441.06	0.1309,7.4337,3.4117,5.3024,0.1306,0.0618,0.3105,1.8815,0.4398,0.4043
1	Round_2_Replicate_1	-8983.33	17982.66	21459.44	3079.67	0.0283,0.0519,9.7428,16.2415,6.7791,0.1928,0.3067,0.1265
1	Round_2_Replicate_5	-6483.17	12982.34	197334058.92	1455.53	0.4952,0.332,14.6892,3.303,1.3227,0.3155,1.4222,0.039
1	Round_1_Replicate_1	-10084.59	20189.18	-225745.33	761.18	0.095,0.1634,16.3993,0.4183,0.485,0.952,0.1056,4.7521,8.2097,0.4876
1	Round_1_Replicate_3	-14222.14	28464.28	52367.67	569.62	5.8481,0.1918,3.2014,0.3052,0.0693,0.0602,0.64,0.2876,0.0752,0.0701
1	Round_2_Replicate_3	-9894.87	19805.74	1750978838.66	2628.12	1.3896,0.1617,19.8,2.1884,0.0413,19.8,19.8,0.2819
1	Round_1_Replicate_3	-22545.98	45111.96	217357.47	456.84	0.7523,6.0127,1.3205,0.1068,0.7604,11.5918,0.3168,0.1717,0.0794,0.9895
1	Round_2_Replicate_5	-15330.47	30676.94	180465630.65	239.57	6.5741,0.1751,2.3635,19.8,0.0842,12.7505,0.1774,0.743
1	Round_1_Replicate_3	-6013.89	12047.78	11020350.74	110.27	3.2098,0.4824,5.6035,4.7143,0.3498,8.3802,0.0674,9.7201,6.9267,0.0766
1	Round_3_Replicate_2	-3760.37	7536.74	6336.41	512.36	1.7716,1.8845,0.8912,1.1891,0.5048,0.2135,2.2088,0.0602
1	Round_2_Replicate_10	-7637.0	15290.0	22171642376253.23	203.79	3.9457,6.0238,0.2332,2.3193,3.3502,1.9574,0.7324,0.4
1	Round_2_Replicate_6	-5660.22	11336.44	7566.14	1850.7	0.1253,0.2571,1.9743,6.909,1.225,0.2048,0.598,0.0843
1	Round_2_Replicate_6	-8489.39	16994.78	4648004.11	1641.17	0.1157,3.5183,0.0085,10.0209,0.2027,4.6756,8.7834,0.1521
1	Round_2_Replicate_3	-10517.79	21051.58	3288400198561415.5	214.06	10.966,0.3884,5.951,19.8,0.6451,19.8,1.3394,0.2347
1	Round_3_Replicate_3	-5781.58	11579.16	119721.29	313.99	2.2526,13.2128,0.815,0.9238,0.4819,0.0282,1.4836,0.0621
1	Round_1_Replicate_4	-28957.61	57935.22	829620.92	194.73	9.3985,1.9018,0.1417,1.7398,5.2222,0.1179,3.0693,0.3161,0.1692,0.9899
1	Round_2_Replicate_5	-10725.55	21467.1	42504.06	1686.74	0.7731,0.0291,0.0891,18.722,0.0905,8.1316,0.1754,0.0306
1	Round_3_Replicate_1	-4020.27	8056.54	3685.31	995.09	0.2872,0.7908,1.5207,1.0747,3.1955,3.766,0.7259,0.0098
1	Round_2_Replicate_7	-8687.11	17390.22	58628.3	2502.91	0.0675,0.588,0.0604,6.2228,0.346,0.4962,18.722,0.1185
1	Round_1_Replicate_4	-23380.06	46780.12	271224.66	491.64	1.9364,3.8944,0.4461,0.1523,0.0829,0.1643,0.1427,0.2063,0.1745,0.9895
1	Round_2_Replicate_6	-9437.37	18890.74	25143.05	1389.39	0.8216,0.0976,0.0779,4.0228,0.4536,8.6624,2.8086,0.0696
1	Round_2_Replicate_7	-20012.9	40041.8	190298.41	1245.48	0.1388,0.8373,14.6892,1.4171,0.8609,4.1952,9.9229,0.9898
1	Round_1_Replicate_3	-8690.84	17401.68	16468.22	1318.28	0.6793,0.2353,4.8133,0.5769,0.114,0.5378,5.477,5.7027,0.439,0.0849
1	Round_1_Replicate_2	-37005.15	74030.3	-75135.53	-426.04	0.7586,3.081,0.1494,1.52,0.1924,9.479,9.8797,0.2417,8.0237,0.99
1	Round_2_Replicate_6	-11587.49	23190.98	51562.87	22089.9	0.0243,0.0215,0.3904,19.2535,0.1103,0.2476,3.1618,0.4927
1	Round_3_Replicate_4	-7163.18	14342.36	1958415.48	484.29	0.2488,17.7027,0.2995,2.9973,0.1682,0.2657,0.973,0.0219
1	Round_2_Replicate_8	-15307.19	30630.38	150556.55	422.37	0.0956,5.582,0.3154,0.8944,0.1907,2.9865,14.0189,0.7322
1	Round_1_Replicate_4	-5588.52	11197.04	11445.11	2141.67	0.1634,0.7307,0.2001,8.9397,0.5236,4.1601,0.5736,1.9046,0.3345,0.2146
1	Round_3_Replicate_2	-5180.36	10376.72	5155921.92	545.04	1.8884,0.5924,1.4642,5.3494,0.4598,2.4032,0.3445,0.0105
1	Round_2_Replicate_7	-6604.04	13224.08	21467.41	1002.53	1.1455,0.2609,3.5309,4.2137,1.6344,4.7597,0.3193,0.0482
1	Round_1_Replicate_4	-13007.42	26034.84	-112213.81	463.94	1.1741,0.4677,2.2687,14.5761,0.1265,0.5026,0.3959,2.358,5.4691,0.4293
1	Round_2_Replicate_4	-10592.28	21200.56	60648.38	2541.22	0.0503,1.7777,3.5022,13.68,0.2251,18.722,1.6952,0.6161
1	Round_1_Replicate_3	-21784.26	43588.52	81927733440.55	1063.89	0.3886,4.5115,0.2751,9.2857,0.065,14.9515,2.9463,16.2529,0.1563,0.9899
1	Round_1_Replicate_2	-21751.08	43522.16	401137.35	943.72	0.0776,0.0937,0.2593,0.1202,0.4989,1.6404,5.1439,0.0674,0.4645,0.1184
1	Round_2_Replicate_2	-21173.35	42362.7	539641.77	418.51	0.0968,0.1607,7.952,13.6106,13.4861,0.0653,4.6467,0.9898
1	Round_2_Replicate_9	-24933.88	49883.76	2.9927657621076214e+19	718.32	1.0209,8.8244,0.0387,14.6892,0.6424,1.262,1.6122,0.9898
1	Round_1_Replicate_5	-43982.36	87984.72	-4624697.54	1901.17	0.5292,0.071,0.2278,0.5021,2.1536,1.9837,1.2562,0.1401,14.6695,0.99
1	Round_3_Replicate_5	-6227.54	12471.08	20731.2	656.36	0.2813,3.1106,0.2053,0.5152,0.2777,0.1301,2.5708,0.0484
1	Round_2_Replicate_8	-4180.14	8376.28	27140.54	3242.72	0.1912,0.1608,1.6301,19.2535,2.6513,0.4053,0.1194,0.0302
1	Round_1_Replicate_4	-26601.15	53222.3	485784.73	1354.16	0.1955,0.0835,0.3502,0.1038,15.6385,10.6846,3.271,0.7052,0.1455,0.9072
1	Round_1_Replicate_5	-4717.4	9454.8	-20154.95	347.42	0.2541,2.5731,0.5816,3.4532,0.5954,0.594,0.2079,0.2792,10.2134,0.1021
1	Round_3_Replicate_3	-4199.85	8415.7	131789819.02	336.07	2.1462,1.7754,0.6702,2.7745,0.4044,14.4312,0.426,0.0176
1	Round_1_Replicate_4	-27743.36	55506.72	604453.08	219.56	5.8913,4.4409,1.2662,0.0832,7.7618,2.5252,1.8532,0.1813,0.277,0.9899
1	Round_1_Replicate_3	-26520.03	53060.06	683800.79	328.24	0.5184,9.0411,0.454,0.1891,0.0919,0.3291,0.5167,0.4285,0.9358,0.9899
1	Round_1_Replicate_2	-20866.19	41752.38	242930.22	432.75	0.5625,0.0723,1.2722,2.0294,0.1249,0.0959,5.9337,0.5873,3.6384,0.6223
1	Round_2_Replicate_10	-9177.31	18370.62	2068576.85	900.81	0.1631,7.1659,0.0649,5.3803,0.0699,1.3578,18.722,0.0455
1	Round_2_Replicate_9	-8100.35	16216.7	22244.38	467.59	5.856,0.0987,0.7047,19.2535,0.1643,0.6895,0.192,0.083
1	Round_3_Replicate_6	-6185.37	12386.74	304984727.42	275.14	2.5397,14.6892,1.202,0.4572,0.3813,0.2356,2.9142,0.0451
1	Round_1_Replicate_5	-16002.64	32025.28	74402.64	345.3	14.9971,0.3125,0.6611,0.2328,7.1572,4.3531,0.1641,1.2548,0.209,0.4558
1	Round_1_Replicate_5	-4528.21	9076.42	1552.89	1542.35	0.7201,0.3892,0.0608,0.0742,0.1,8.0368,0.1509,4.6041,1.2185,0.1082
1	Round_1_Replicate_4	-17542.0	35104.0	-264349.55	581.47	0.0839,1.7086,11.2775,0.0955,2.2256,0.2321,1.4807,0.4277,3.9495,0.99
1	Round_2_Replicate_4	-12502.3	25020.6	1573617.87	2900.08	19.8,0.0664,19.8,1.2882,4.4726,2.8195,0.3165,0.0648
1	Round_1_Replicate_3	-32294.7	64609.4	1265565.15	2012.15	0.2073,0.1779,5.0088,0.1646,3.4637,0.3588,0.6631,0.0628,1.5501,0.9899
1	Round_2_Replicate_8	-6133.2	12282.4	10550.92	5826.35	0.1617,0.0807,18.722,6.5815,6.4623,6.86,17.6303,0.1473
1	Round_2_Replicate_4	-10148.24	20312.48	59163.21	196.19	0.1458,19.8,0.5328,0.7619,19.5134,11.4526,1.1718,0.1904
1	Round_3_Replicate_1	-5221.38	10458.76	8752280218.39	803.11	0.5865,2.9412,0.0227,5.5368,0.3642,3.6617,18.722,0.0883
1	Round_1_Replicate_6	-9655.57	19331.14	19985.6	935.67	0.2339,0.4975,4.9001,0.188,5.803,4.9123,3.0557,0.0932,0.7075,0.5078
1	Round_2_Replicate_10	-8768.5	17553.0	26607.07	1194.98	1.0422,0.0635,1.4282,18.722,0.0841,1.3025,0.6784,0.0929
1	Round_3_Replicate_4	-5861.78	11739.56	2777798831542485.5	773.93	0.9755,1.7685,0.5195,10.9714,2.515,5.4781,0.1732,0.019
1	Round_2_Replicate_5	-3535.8	7087.6	2211.12	3369.83	0.0714,0.3013,19.8,0.877,1.399,6.3532,19.8,0.0627
1	Round_3_Replicate_7	-5303.2	10622.4	12847.87	786.71	0.2121,3.5269,0.2995,1.0855,0.0768,0.0966,3.5474,0.0857
1	Round_2_Replicate_7	-10666.36	21348.72	82809.29	13510.62	0.0208,0.0514,0.1199,7.8699,0.0573,9.9245,0.051,0.0463
1	Round_1_Replicate_5	-28797.8	57615.6	1254833.12	613.27	4.5066,0.203,4.383,13.2041,0.0709,0.1332,0.18,0.4717,0.1074,0.9899
1	Round_1_Replicate_5	-29257.71	58535.42	4449344.26	689.83	2.6112,0.1168,2.3071,0.3485,1.6876,0.1055,0.4079,0.1587,8.4834,0.9899
1	Round_2_Replicate_9	-35597.38	71210.76	5157122.83	931.51	1.6742,0.0534,1.1733,1.9952,0.2347,2.7205,0.7138,0.9898
1	Round_1_Replicate_6	-21171.6	42363.2	217634.98	396.89	0.2116,4.4015,4.4955,0.0622,12.6699,7.2088,0.3122,4.6044,0.4108,0.9899
1	Round_1_Replicate_3	-4850.02	9720.04	-3.418382904371364e+16	227.66	7.5789,12.4647,0.2961,3.5207,4.969,8.9849,0.6519,0.1317,2.8811,0.288
1	Round_3_Replicate_1	-6777.8	13571.6	11785.37	2119.12	0.2556,0.135,0.4233,5.8098,1.4289,0.3009,0.0779,0.0205
1	Round_2_Replicate_8	-9607.38	19230.76	27474.23	3699.81	0.2309,0.0383,1.4063,18.722,0.1775,0.3355,0.2723,0.2971
1	Round_3_Replicate_5	-4217.56	8451.12	5498126675.21	230.74	2.0919,4.0695,1.1953,1.6287,0.2932,8.2643,0.0834,0.0355
1	Round_2_Replicate_5	-9155.46	18326.92	4.459207810251574e+19	348.95	2.6149,1.7154,1.6716,12.1479,0.2007,6.9746,1.3916,0.1286
1	Round_3_Replicate_8	-8716.1	17448.2	47235.64	473.03	0.2832,6.6428,0.1348,0.3214,0.1892,0.3204,1.6275,0.2554
1	Round_2_Replicate_5	-9429.86	18875.72	19576.33	467.41	2.2829,0.8072,0.9291,0.255,3.516,19.8,19.8,0.4045
1	Round_2_Replicate_6	-21539.67	43095.34	251742.57	5341.98	0.0281,0.1927,11.1716,0.4308,0.0694,4.9387,2.2885,0.9898
1	Round_1_Replicate_6	-27555.61	55131.22	1058490.53	2128.77	0.371,0.0915,0.3092,0.2956,2.2315,3.5115,0.6922,1.5236,0.7204,0.9899
1	Round_1_Replicate_5	-5906.08	11832.16	14637.21	266.95	1.4528,7.5572,3.4682,2.4349,0.7068,0.1251,1.3365,0.2228,0.069,0.282
1	Round_1_Replicate_4	-4973.11	9966.22	11751.85	299.9	2.5404,6.4475,0.4795,5.671,0.6153,0.1099,1.5683,0.6369,0.1478,0.1193
1	Round_3_Replicate_2	-5307.29	10630.58	44691.92	907.81	1.1335,0.4138,0.0076,7.2058,0.061,16.7399,5.2193,0.1538
1	Round_2_Replicate_9	-7148.24	14312.48	24320991.9	3318.66	0.1191,0.6449,0.8458,18.722,0.0798,0.704,0.4034,0.4542
1	Round_1_Replicate_4	-29618.54	59257.08	1509426.14	481.02	0.2028,0.6526,0.3589,9.1072,2.0427,1.3598,9.3306,0.09,0.1544,0.9899
1	Round_2_Replicate_10	-15988.68	31993.36	111568.25	5022.79	0.0474,0.0268,2.1229,1.2781,0.7441,0.3623,10.6287,0.0397
1	Round_3_Replicate_9	-4999.19	10014.38	7742395.22	650.7	1.1867,4.4288,0.1044,0.6121,0.1026,0.0541,0.4122,0.108
1	Round_1_Replicate_7	-25012.86	50045.72	724152.95	1106.83	0.9534,0.186,0.1429,4.1212,1.2339,2.0196,0.7465,6.7896,0.3009,0.9899
1	Round_2_Replicate_7	-5211.51	10439.02	5642.1	1168.2	0.4594,0.5358,1.4572,2.7549,2.16,7.4986,4.826,0.2622
1	Round_1_Replicate_6	-24637.67	49295.34	293441804.72	273.6	5.9952,0.4341,7.8279,0.137,0.7945,10.937,0.6085,0.1221,3.0475,0.9899
1	Round_3_Replicate_6	-5158.33	10332.66	59193979149.27	1034.9	0.3922,2.7363,0.5898,7.8024,0.2683,6.1123,0.2405,0.0294
1	Round_2_Replicate_10	-13725.24	27466.48	66304.3	2270.32	0.456,0.0385,0.1093,8.4634,0.1811,0.5228,0.1979,0.4581
1	Round_1_Replicate_4	-7630.69	15281.38	14607.96	162.19	9.1766,1.3841,0.1178,1.2494,4.3679,1.1685,7.3997,0.3034,0.2938,0.1617
1	Round_3_Replicate_3	-4939.72	9895.44	13404209.59	2881.64	0.192,0.4918,0.0136,14.7601,0.0481,5.9437,19.8,0.1823
1	Round_3_Replicate_1	-4991.94	9999.88	393664.37	1251.74	0.4599,0.4025,2.8156,8.0585,1.3016,0.6094,1.6929,0.1592
1	Round_1_Replicate_6	-8231.94	16483.88	1035365163.44	103.73	9.4563,5.2154,4.9289,16.6676,0.257,0.793,0.2204,13.9937,0.1338,0.1467
1	Round_3_Replicate_10	-5152.66	10321.32	9939.05	936.66	0.198,1.7844,0.4671,2.6885,0.0715,0.1765,0.6051,0.1282
1	Round_2_Replicate_8	-4200.65	8417.3	3230.41	644.26	0.3556,1.4463,2.3146,0.9639,0.1636,19.8,11.8927,0.1862
1	Round_1_Replicate_7	-20346.65	40713.3	183671.87	3086.22	0.143,0.3665,1.6604,10.8162,0.2399,6.406,0.3305,1.1894,0.2858,0.9899
1	Round_1_Replicate_6	-29585.8	59191.6	2539385.53	102.56	4.1297,0.2563,9.4159,1.5691,0.6701,1.96,6.9687,6.2011,3.8798,0.9899
1	Round_1_Replicate_5	-10671.76	21363.52	19243952452232.32	248.9	4.2827,10.1251,1.4345,0.4313,0.3646,9.0995,0.1946,3.8013,0.9818,0.2122
1	Round_3_Replicate_7	-3653.25	7322.5	395610987.89	677.46	0.7336,1.7827,1.0466,4.2883,0.3399,18.722,0.0817,0.0177
1	Round_4_Replicate_1	-3639.27	7294.54	3967.19	622.52	1.1757,1.5687,1.1823,0.9232,0.2585,0.3459,4.0901,0.0611
1	Round_3_Replicate_2	-4775.87	9567.74	5099.66	1913.49	0.175,0.3185,1.6934,6.8112,0.4332,0.2016,1.0856,0.116
1	Round_1_Replicate_7	-11126.21	22272.42	95003649.5	552.62	3.9757,0.2862,13.6854,6.0281,0.7129,14.4221,1.7176,0.1766,0.2864,0.4892
1	Round_2_Replicate_9	-4871.62	9759.24	8426213.8	1430.17	0.209,0.7183,19.6202,0.5787,0.3957,1.9999,19.8,0.1202
1	Round_1_Replicate_7	-46235.07	92490.14	18159207.77	197.12	16.2128,0.1122,4.4906,0.0856,0.4104,0.1648,4.919,1.8871,0.7971,0.9899
1	Round_3_Replicate_4	-5006.13	10028.26	114231419089.94	1309.73	0.5195,1.0929,0.0358,11.083,0.1445,10.0038,18.722,0.1271
1	Round_1_Replicate_5	-23566.96	47153.92	464706.89	1160.66	0.1374,0.8427,0.288,0.9095,1.1436,0.1331,0.5956,3.6147,0.1055,0.9899
1	Round_4_Replicate_2	-4313.68	8643.36	301887.04	566.24	2.0949,1.4416,1.6693,1.4903,0.3374,0.189,3.5648,0.0456
1	Round_2_Replicate_6	-20233.21	40482.42	247450.9	125.16	0.1793,10.076,14.0047,0.2663,18.722,15.9269,1.8235,0.9898
1	Round_1_Replicate_7	-6488.6	12997.2	13006.25	972.9	0.8104,0.6971,0.9739,0.9625,9.8986,2.7111,0.0865,0.4849,0.964,0.2404
1	Round_3_Replicate_3	-7433.1	14882.2	1347969.83	1636.54	0.053,0.6557,0.9389,18.722,1.1202,0.1023,0.8157,0.055
1	Round_1_Replicate_8	-32095.85	64211.7	3.7104666951230095e+24	202.59	4.8655,2.6931,11.8889,3.6182,10.8533,12.761,1.716,8.9464,0.6628,0.99
1	Round_3_Replicate_1	-5288.05	10592.1	10152.22	11396.19	0.0468,0.0683,0.6365,19.0366,0.2372,11.8989,1.0217,0.0065
1	Round_2_Replicate_10	-9102.2	18220.4	25827429.58	3170.21	0.9817,0.1332,18.722,0.5338,0.0991,2.9145,3.8279,0.1509
1	Round_1_Replicate_7	-25309.36	50638.72	177569.63	311.8	2.2036,6.2492,0.3552,0.9061,0.8801,0.0806,0.58,0.243,2.2747,0.9899
1	Round_1_Replicate_6	-9721.12	19462.24	-129932.1	362.23	2.5246,0.0632,0.9358,11.5141,0.0938,0.9882,0.1057,15.6326,4.0703,0.1425
1	Round_3_Replicate_5	-6189.95	12395.9	12302.55	1032.96	0.6917,0.5307,0.0068,1.949,0.0937,1.8932,18.722,0.1287
1	Round_3_Replicate_8	-3716.23	7448.46	41503015.59	1070.91	0.5873,1.0335,0.2718,6.0136,0.415,18.722,0.7655,0.0065
1	Round_1_Replicate_6	-10668.28	21356.56	-45480.91	311.94	0.3489,4.2084,10.8982,0.6911,5.9515,2.8121,7.9946,0.1445,7.1358,0.1134
1	Round_1_Replicate_8	-29748.7	59517.4	6794794.83	616.88	0.9558,0.1859,2.6952,1.145,2.9912,0.7152,5.6595,0.1145,9.1718,0.9899
1	Round_4_Replicate_3	-4178.03	8372.06	4508.02	466.41	2.3871,1.5981,0.736,1.5241,0.746,0.1777,4.0671,0.0679
1	Round_2_Replicate_3	-12891.66	25799.32	62720.39	538.1	0.0374,0.477,4.8675,3.514,10.3058,0.1982,9.2468,0.6543
1	Round_1_Replicate_8	-30537.43	61094.86	1.915064192813076e+19	222.27	5.3334,11.6217,13.7814,13.3133,5.1298,0.1214,0.6287,0.2582,2.4619,0.9898
1	Round_2_Replicate_7	-19398.17	38812.34	180149.5	550.61	0.4255,1.6195,2.6318,0.498,15.3497,6.9862,15.8698,0.9898
1	Round_2_Replicate_6	-8438.07	16892.14	12638992286718.86	1573.8	1.3417,0.2972,19.8,7.0071,0.3043,19.8,1.5551,0.0999
1	Round_3_Replicate_2	-5502.01	11020.02	7828.8	10345.25	0.0738,0.0413,2.1136,18.722,0.3702,2.2868,1.7585,0.0127
1	Round_1_Replicate_8	-21683.18	43386.36	245650.1	338.02	0.2135,3.2053,11.9264,1.3624,0.764,0.1472,5.269,0.1754,0.1666,0.9899
1	Round_3_Replicate_2	-7811.12	15638.24	23524.75	10258.48	0.0479,0.0573,0.4635,8.5605,9.0738,1.1732,0.3244,0.0763
1	Round_3_Replicate_4	-4932.78	9881.56	5946.22	3589.28	0.143,0.1109,1.2784,17.3204,4.2108,0.3198,0.5789,0.0226
1	Round_1_Replicate_6	-12358.38	24736.76	-35246.77	-252.73	1.3404,8.1869,0.4811,0.2156,0.1745,5.0219,1.2296,1.0133,4.1719,0.9898
1	Round_4_Replicate_4	-3775.6	7567.2	13427.55	663.77	1.0417,1.5546,1.3999,1.4117,0.2616,0.2382,2.1452,0.1057
1	Round_1_Replicate_8	-22863.36	45746.72	297619.45	1357.8	0.091,0.8097,0.0916,0.6681,15.1062,14.7288,0.0848,0.5922,0.1722,0.9899
1	Round_3_Replicate_9	-4050.55	8117.1	6584.85	2485.05	0.2448,0.3467,0.2709,7.4839,1.0746,10.7876,0.0677,0.0148
1	Round_2_Replicate_4	-15899.79	31815.58	230398.93	839.44	0.2241,0.2649,14.6892,4.0744,9.5173,0.3407,0.7491,0.9898
1	Round_1_Replicate_9	-28749.93	57519.86	3038927963490938.0	110.89	9.6219,4.587,0.859,2.2372,2.0955,0.3923,5.3897,10.2009,0.2734,0.9899
1	Round_1_Replicate_7	-5245.91	10511.82	12308.19	614.05	0.1446,6.3772,0.4345,4.0472,10.4672,0.0637,0.0816,1.9483,0.1926,0.0862
1	Round_1_Replicate_8	-20916.76	41853.52	325317.65	3101.76	0.0914,0.0964,0.0863,0.4951,0.1723,4.6086,0.1951,3.0966,0.3587,0.7856
1	Round_1_Replicate_9	-26733.29	53486.58	413361.69	160.82	5.7361,7.6408,0.9068,14.6051,0.069,0.4086,2.1856,0.6735,1.0495,0.9895
1	Round_1_Replicate_7	-7323.32	14666.64	12017.44	922.08	0.6034,0.6447,0.0833,0.8296,2.024,0.2463,1.0698,0.15,0.5094,0.2118
1	Round_3_Replicate_5	-9895.17	19806.34	27814.49	1623.26	0.0995,0.1733,0.6016,6.4541,1.9472,0.1104,0.2765,0.0874
1	Round_4_Replicate_5	-4159.9	8335.8	5677.46	473.05	2.4663,1.2329,0.7346,2.1269,0.9127,0.203,1.4907,0.0344
1	Round_1_Replicate_5	-48069.52	96159.04	3004227.78	-19753.34	0.2766,0.0665,0.5248,0.306,2.3662,0.2731,5.6266,11.9148,2.9798,0.99
1	Round_3_Replicate_6	-7172.29	14360.58	1.4472049017058772e+18	517.54	1.5926,3.3792,0.0097,9.2055,0.0312,18.1265,6.2363,0.0284
1	Round_3_Replicate_3	-4671.18	9358.36	6586.8	3550.33	0.1485,0.2202,0.587,6.5063,0.2137,18.722,2.2287,0.0181
1	Round_3_Replicate_10	-5361.95	10739.9	7252.08	556.43	1.5015,0.5823,0.7994,1.793,0.6416,18.1958,0.1059,0.0126
1	Round_3_Replicate_1	-4513.82	9043.64	1021002.11	1593.45	0.2556,0.6085,14.7407,0.4011,0.4095,18.3623,8.3445,0.0784
1	Round_2_Replicate_7	-13383.29	26782.58	1048756410.26	2245.42	8.2846,0.1355,18.0833,1.6166,0.1506,13.2682,0.0633,0.4767
1	Round_1_Replicate_7	-4077.34	8174.68	4987.21	248.95	0.864,5.6373,0.3799,0.6876,0.8374,0.5958,9.163,13.0081,0.0699,0.1143
1	Round_1_Replicate_9	-25839.14	51698.28	519909.67	1088.95	0.732,0.1586,0.1658,1.491,0.5515,0.1312,0.3542,8.2943,1.1477,0.8743
1	Round_4_Replicate_6	-4032.74	8081.48	67054.9	343.19	3.1113,3.6384,0.7587,1.5706,0.8048,0.1082,1.673,0.0338
1	Round_2_Replicate_5	-13165.66	26347.32	72924.2	2258.83	0.0403,0.1265,17.7027,16.4955,2.5858,0.1625,1.6147,0.9897
1	Round_1_Replicate_9	-10307.34	20634.68	-73158.94	-560.41	0.0738,0.9078,0.1992,0.0853,0.2953,0.4836,0.172,15.4999,8.0166,0.4043
1	Round_4_Replicate_1	-3371.17	6758.34	35451.46	745.27	0.5838,1.4319,0.6723,2.5292,0.7731,14.4617,0.217,0.0212
1	Round_1_Replicate_8	-35407.55	70835.1	342374.42	-505.34	1.099,0.8769,0.2033,0.5907,7.0569,1.2713,0.4732,0.8338,15.3225,0.99
1	Round_1_Replicate_10	-18062.35	36144.7	198835.46	1004.87	0.2238,0.2856,14.774,3.96,4.2731,0.13,4.4312,0.2138,0.3194,0.99
1	Round_3_Replicate_6	-7013.93	14043.86	20847.39	1811.34	0.0655,0.6898,0.789,5.3771,2.706,0.637,1.4223,0.026
1	Round_1_Replicate_9	-32891.18	65802.36	33692.58	113.53	4.3347,10.8319,9.9237,3.08,0.1863,0.1061,6.1714,1.0478,6.8596,0.9899
1	Round_1_Replicate_9	-8775.15	17570.3	25425.97	510.62	2.3106,0.2015,4.023,9.393,0.398,0.5489,5.6146,1.5754,0.0762,0.0791
1	Round_4_Replicate_7	-3491.4	6998.8	125330.3	537.89	1.0955,2.7152,0.5083,2.1164,0.4286,0.1591,1.3045,0.0317
1	Round_2_Replicate_8	-10623.02	21262.04	73916.55	564.35	18.722,0.1552,4.2506,4.6298,0.2009,13.652,0.1405,0.0572
1	Round_1_Replicate_6	-7274.57	14569.14	-141921255737746.28	305.7	16.6605,1.1118,5.5265,0.9501,5.4815,4.0533,0.3309,0.8213,1.9606,0.0746
1	Round_3_Replicate_7	-6283.43	12582.86	46376489981728.78	752.45	1.5028,0.5315,0.0033,18.4403,0.0423,2.5086,19.5248,0.0472
1	Round_3_Replicate_3	-3727.98	7471.96	3733.28	6787.2	0.0742,0.1278,3.1099,17.766,7.9896,0.9567,0.0656,0.0189
1	Round_3_Replicate_4	-4654.11	9324.22	5776.75	4950.42	0.1254,0.1267,1.0563,9.3258,0.4884,14.824,0.2188,0.017
1	Round_1_Replicate_10	-34246.25	68512.5	2489160.66	1248.24	1.1037,0.1306,0.9157,0.2618,5.9007,0.5126,0.2232,12.6445,0.3086,0.9899
1	Round_3_Replicate_2	-5136.23	10288.46	19070.12	4828.93	0.1806,0.1428,19.8,0.5617,0.4324,1.9269,19.8,0.0173
1	Round_4_Replicate_2	-3245.57	6507.14	113853.57	528.98	0.7712,1.8754,0.9786,2.0102,0.5404,11.91,0.2313,0.0297
1	Round_3_Replicate_7	-4126.74	8269.48	10683.52	1429.16	0.1568,0.6902,1.5621,5.4687,0.3927,0.2472,0.4171,0.0213
1	Round_1_Replicate_8	-7481.29	14982.58	-259592.97	420.28	0.4513,0.1991,0.4104,4.6453,0.1804,1.0833,8.5736,0.3281,2.4245,0.9899
1	Round_1_Replicate_8	-11231.0	22482.0	34683.78	1451.39	0.3831,0.1105,0.2486,2.4054,0.1403,3.634,1.8412,0.21,0.6342,0.2317
1	Round_4_Replicate_8	-5595.84	11207.68	6773.26	481.97	2.6777,1.1523,0.6562,0.7019,0.8602,0.1447,1.6581,0.0486
1	Round_1_Replicate_10	-29354.33	58728.66	1043437.98	1207.92	0.3454,0.0956,0.0645,1.056,0.3303,0.0613,2.6521,0.09,0.466,0.9015
1	Round_3_Replicate_8	-4785.22	9586.44	801133161477.07	951.17	0.6673,1.7702,0.0166,8.2947,0.0708,2.0434,6.5525,0.0289
1	Round_1_Replicate_10	-28016.75	56053.5	5530372586568074.0	195.8	1.9192,11.2096,11.7598,1.6927,0.3677,4.0229,1.7831,0.417,0.2233,0.9898
1	Round_1_Replicate_9	-16702.09	33424.18	103088.03	1161.69	1.0522,0.1084,0.4243,3.3471,0.0881,1.0388,0.1939,0.2408,0.5386,0.6939
1	Round_2_Replicate_9	-12259.27	24534.54	147082935574.63	896.82	5.0945,0.5394,8.0309,0.5487,0.3264,19.8,0.0971,0.5115
1	Round_3_Replicate_8	-7449.16	14914.32	103525.13	1838.01	0.4071,0.1096,7.514,18.1289,0.7485,0.2983,0.5206,0.1516
1	Round_2_Replicate_1	-17037.53	34095.06	255400.12	952.57	0.1705,1.0391,0.1073,0.0299,0.0413,1.0279,0.1063,1.2597,0.1831,0.7182
1	Round_1_Replicate_10	-21087.6	42195.2	250026.82	577.69	0.5851,0.1092,8.6519,0.0786,0.2871,1.1825,0.536,0.919,3.9776,0.8679
1	Round_1_Replicate_10	-5770.61	11561.22	13256.09	415.61	0.7357,4.5276,0.281,0.2396,0.1527,0.3227,0.7563,0.1656,0.1491,0.1096
1	Round_4_Replicate_3	-3743.19	7502.38	469952471.05	768.71	0.6161,1.8659,0.8288,4.6417,0.5179,6.8967,0.432,0.0098
1	Round_3_Replicate_4	-6704.34	13424.68	118704.42	1258.26	0.119,0.4952,0.4311,10.8183,4.5724,0.2545,0.1121,0.0278
1	Round_4_Replicate_9	-4287.36	8590.72	4013.92	782.24	0.8855,0.9526,0.6603,1.3839,0.4783,0.137,1.2084,0.052
1	Round_2_Replicate_1	-6953.95	13927.9	11900.29	265.24	3.0604,6.74,0.2321,0.2884,0.717,0.1075,0.8462,0.2822,0.1051,0.3961
1	Round_1_Replicate_7	-5709.82	11439.64	2554.43	511.13	0.5164,2.1697,1.8191,3.2322,1.5008,0.5644,0.7856,0.1426,6.3789,0.2229
1	Round_3_Replicate_5	-4441.03	8898.06	5588.44	10257.47	0.0428,0.0849,3.2908,18.144,0.1476,8.1873,1.0695,0.0308
1	Round_1_Replicate_9	-35721.33	71462.66	6.147163151285277e+25	158.61	4.7083,8.5427,6.2106,9.3992,12.0588,10.5326,3.3301,0.1727,0.3027,0.9899
1	Round_4_Replicate_4	-3869.37	7754.74	1983483501.49	623.06	0.9745,1.7084,0.6916,4.5519,1.3337,3.7732,0.1609,0.0215
1	Round_4_Replicate_10	-4701.93	9419.86	111240.29	463.18	2.917,2.4715,0.971,0.975,0.3744,0.1146,4.104,0.106
1	Round_3_Replicate_5	-5739.94	11495.88	799282.42	1388.51	0.6232,0.1891,0.6142,18.722,4.6142,0.324,0.2284,0.1114
1	Round_3_Replicate_9	-10766.09	21548.18	31168.7	1274.56	0.2201,0.0948,0.6848,5.107,3.2808,0.144,0.1517,0.1145
1	Round_2_Replicate_2	-3718.21	7456.42	-24185.88	459.43	3.7663,1.8365,0.0148,0.4616,0.1432,18.825,0.0275,0.8432,1.3195,0.022
1	Round_1_Replicate_10	-5626.13	11272.26	-6504.65	1137.88	0.4652,5.8783,0.5415,0.2596,0.9985,4.405,0.0934,0.157,4.7529,0.0829
1	Round_2_Replicate_1	-8481.26	16982.52	-1126.59	87.19	18.9328,0.1346,4.6551,10.7851,0.4386,0.7012,0.1836,5.2076,3.0324,0.3234
1	Round_2_Replicate_10	-13228.4	26472.8	4.1897596916119145e+24	377.27	19.3298,2.2429,14.6892,1.1137,1.2604,14.1837,0.0675,0.0805
1	Round_4_Replicate_5	-3598.43	7212.86	841507.11	454.97	1.4249,1.4753,0.7587,2.4202,1.0933,4.726,0.4414,0.0097
1	Round_3_Replicate_6	-5377.83	10771.66	7891.09	2534.74	0.4147,0.1,0.7146,18.722,1.327,1.4488,0.1212,0.0271
1	Round_2_Replicate_2	-6053.16	12126.32	40533.1	132.89	12.1272,11.3388,0.2933,0.4448,1.4078,0.0598,1.9484,0.1259,0.1372,0.0536
1	Round_2_Replicate_1	-11109.4	22238.8	111209.91	228.99	0.1598,7.2831,0.0672,0.0875,0.0887,0.1417,3.9664,0.4684,0.984,0.035
1	Round_2_Replicate_1	-12535.46	25090.92	42430.94	850.48	1.1246,0.1534,0.6281,0.5245,0.0336,0.0759,3.7334,5.4208,0.0767,0.0215
1	Round_3_Replicate_6	-7578.42	15172.84	27913.49	9249.42	0.0359,0.0921,0.4407,8.787,1.2378,2.7393,0.2385,0.0465
1	Round_3_Replicate_10	-9465.87	18947.74	29180.04	2923.02	0.0597,0.159,1.1484,3.8231,1.8605,0.4735,2.3864,0.2792
1	Round_2_Replicate_8	-19406.83	38829.66	211832.72	187.74	0.1253,6.6673,11.5379,0.1412,19.8,19.8,7.516,0.9895
1	Round_2_Replicate_1	-11073.78	22167.56	63366.58	27.75	0.133,3.454,0.2845,19.8,0.7005,0.1164,1.2616,0.834,19.8,0.515
1	Round_3_Replicate_9	-4577.23	9170.46	4086209475.3	1693.41	0.5583,0.363,0.0144,18.4403,0.334,9.0125,19.5248,0.0406
1	Round_1_Replicate_10	-27113.29	54246.58	1033273481880.4	246.54	2.6754,3.2716,2.0984,1.9472,1.5992,2.4477,0.2684,4.7756,0.1425,0.9899
1	Round_4_Replicate_6	-3467.46	6950.92	120241.9	625.86	1.0134,1.145,0.6449,2.9045,1.3277,3.7729,0.286,0.0123
1	Round_3_Replicate_3	-4935.65	9887.3	6537.37	3036.88	0.0492,0.3192,5.5831,1.8479,5.1307,13.9198,18.722,0.0895
1	Round_3_Replicate_7	-7319.52	14655.04	15089.0	2685.38	0.2169,0.0659,2.9987,14.0552,1.5569,0.2646,0.029,0.0371
1	Round_4_Replicate_1	-3603.73	7223.46	2755.98	1297.91	0.2227,0.6469,2.1935,3.3413,0.516,0.435,0.2751,0.0226
1	Round_5_Replicate_1	-3544.24	7104.48	4360.52	736.54	0.8681,1.5697,0.3615,1.7617,0.2047,0.1301,2.3258,0.0145
1	Round_2_Replicate_3	-18170.2	36360.4	110350.32	412.39	2.0731,0.451,0.0242,0.0551,0.5692,8.2603,0.0219,7.3211,0.2071,0.7904
1	Round_1_Replicate_8	-5643.95	11307.9	-530.16	660.47	0.1172,5.8475,4.1842,0.1237,2.0325,2.1676,5.9257,3.7587,1.2107,0.3078
1	Round_4_Replicate_7	-3414.96	6845.92	152371.62	893.43	0.5958,1.0207,0.8653,3.7028,0.6817,5.1747,0.4507,0.0372
1	Round_2_Replicate_3	-5462.76	10945.52	12238.54	248.11	4.6241,6.7349,0.8761,1.7584,0.9192,0.0253,1.0258,0.0403,0.1791,0.1217
1	Round_3_Replicate_8	-5885.99	11787.98	8779.23	3099.72	0.1769,0.1082,1.0364,9.067,0.9522,0.2851,0.0787,0.0321
1	Round_2_Replicate_1	-10527.19	21074.38	3551916016.34	377.12	3.3323,1.2498,0.1506,19.8,4.2863,0.3044,2.778,0.26,0.7935,0.4799
1	Round_4_Replicate_2	-3433.0	6882.0	264446.84	1165.38	0.2161,0.9373,2.7133,5.7647,0.191,0.1586,0.2156,0.0376
1	Round_2_Replicate_2	-14847.48	29714.96	1083.23	921.65	0.4889,0.8875,1.4705,3.649,0.0743,0.1768,0.0865,0.1087,12.6486,0.3658
1	Round_2_Replicate_6	-23583.04	47182.08	380474.24	12625.97	0.0224,0.0503,3.1449,5.9562,7.9534,1.2867,2.2909,0.9898
1	Round_4_Replicate_8	-3969.73	7955.46	21582.44	748.5	0.4764,1.7693,0.3802,2.2025,0.509,4.5511,0.1466,0.0154
1	Round_2_Replicate_2	-11865.89	23751.78	48001.83	433.05	0.1599,1.969,0.6332,0.427,0.1807,0.9966,5.7272,0.474,0.2019,0.5958
1	Round_3_Replicate_9	-6499.03	13014.06	13256.3	2091.06	0.092,0.3047,0.698,5.8623,1.8006,0.3698,0.1687,0.0084
1	Round_2_Replicate_7	-5242.81	10501.62	6867.1	2427.38	0.0757,0.2169,18.722,7.8001,0.973,0.2024,1.6318,0.1274
1	Round_1_Replicate_9	-18022.05	36064.1	4089.64	-6017.45	0.164,1.1718,0.9955,2.6184,0.3645,14.553,0.1766,0.343,2.5684,0.99
1	Round_4_Replicate_3	-3689.18	7394.36	991412.83	1560.91	0.2379,0.5184,2.2239,9.3216,0.5659,0.255,0.3745,0.0283
1	Round_3_Replicate_10	-7153.2	14322.4	188695702108.19	2126.74	0.1768,2.6846,0.013,18.8041,0.2273,18.7172,6.3392,0.1868
1	Round_2_Replicate_4	-8826.92	17673.84	-373403000.12	510.39	2.7425,1.034,1.9546,2.3095,8.2227,0.0327,13.9633,0.5444,1.0093,0.0251
1	Round_3_Replicate_4	-4468.4	8952.8	3865.45	1128.69	0.049,1.0542,19.8,1.3678,0.397,15.0962,5.2612,0.2249
1	Round_2_Replicate_4	-5631.8	11283.6	9793.19	1381.56	0.3022,0.7293,0.0353,0.3108,0.3177,10.4162,0.0231,4.2667,0.6947,0.0869
1	Round_4_Replicate_9	-3572.62	7161.24	804917.2	879.14	0.6124,1.2626,0.3606,3.7527,1.6899,5.89,0.4562,0.0108
1	Round_2_Replicate_2	-6834.32	13688.64	-2.6245932312747046e+17	-36.47	7.5581,0.9348,19.8,19.8,12.8198,0.0351,0.0277,4.9508,19.8,0.1817
1	Round_3_Replicate_10	-3995.98	8007.96	759869.64	2854.68	0.2579,0.1853,2.7423,19.8,3.9766,1.0952,0.0417,0.0086
1	Round_2_Replicate_1	-9118.5	18257.0	51768.53	80.56	0.0404,18.9328,0.0968,12.4405,1.3512,0.1243,0.0154,13.4642,1.2769,0.0621
1	Round_2_Replicate_2	-9992.67	20005.34	122376884.63	177.48	2.2967,11.258,0.4498,1.0287,4.6331,0.3498,2.309,0.8964,0.0347,0.7026
1	Round_4_Replicate_4	-4643.69	9303.38	5878.64	1070.2	0.1986,0.9198,0.9572,2.8084,0.7197,0.1747,0.7791,0.013
1	Round_2_Replicate_3	-5123.68	10267.36	6292.73	899.46	1.4123,0.6385,0.088,0.053,0.4772,0.7426,0.1174,0.05,0.7658,0.0205
1	Round_4_Replicate_10	-3799.62	7615.24	451631752.19	956.11	0.4971,1.5299,0.9412,5.7538,1.2346,8.6916,0.1359,0.0166
1	Round_4_Replicate_5	-4334.47	8684.94	4524.26	1595.59	0.2241,0.4419,0.9718,4.2455,0.5769,0.3836,0.6267,0.0204
1	Round_3_Replicate_5	-3402.34	6820.68	5281.66	1913.41	0.1359,0.5259,14.6892,0.7812,0.441,6.5902,5.69,0.0152
1	Round_3_Replicate_1	-9704.67	19425.34	1.1364972906027037e+19	657.18	1.1156,0.8768,18.4403,10.7847,0.0957,19.5248,1.0487,0.0791
1	Round_2_Replicate_3	-10703.26	21426.52	-633317.2	981.37	0.4122,0.8094,0.0874,3.8845,0.0872,0.0812,0.0471,0.0529,19.8,0.0289
1	Round_2_Replicate_5	-4147.57	8315.14	3603.72	597.03	1.213,1.0089,0.3548,1.5132,1.6014,0.1026,1.0122,1.6992,0.3498,0.0117
1	Round_2_Replicate_5	-4716.41	9452.82	4165.04	948.82	1.0519,0.3776,0.1846,0.1399,0.5631,4.5658,0.089,8.5354,1.1959,0.0252
1	Round_4_Replicate_1	-4309.08	8634.16	6499.12	2823.31	0.1351,0.1911,2.7421,14.6015,6.8481,0.5375,0.0976,0.0192
1	Round_3_Replicate_7	-5733.24	11482.48	8173.28	9528.04	0.0841,0.0369,4.5666,19.8,0.2242,19.8,3.1042,0.0352
1	Round_4_Replicate_1	-4362.05	8740.1	493792.02	1800.44	0.5508,0.2481,0.0131,14.7407,0.2705,13.348,19.1019,0.0229
1	Round_2_Replicate_8	-16738.04	33492.08	190196.34	921.83	0.4003,0.0385,5.4624,19.2535,4.5658,0.0514,4.1476,0.7205
1	Round_2_Replicate_2	-5649.43	11318.86	807573753237.31	487.37	1.1078,7.6336,0.5539,3.8795,5.4014,0.0384,0.0784,0.3365,0.0413,0.0243
1	Round_4_Replicate_6	-3881.27	7778.54	16622.11	1562.91	0.1414,0.5207,3.0716,7.1712,0.7445,0.226,0.2077,0.0118
1	Round_1_Replicate_9	-34948.22	69916.44	4727588.64	340.67	2.9917,0.1175,0.1595,1.4384,0.0624,0.2209,15.7059,12.1203,0.6231,0.9899
1	Round_2_Replicate_3	-8651.53	17323.06	367702356.43	212.93	5.5824,4.2036,0.1827,12.1253,1.1027,0.1117,3.1062,4.2253,0.0325,0.095
1	Round_2_Replicate_4	-6859.92	13739.84	22388.28	196.34	0.2128,9.8347,0.0774,0.2544,1.1236,0.2404,3.8604,0.1242,0.5974,0.0201
1	Round_4_Replicate_7	-4365.3	8746.6	4595.93	1684.53	0.1645,0.3961,1.8456,6.5774,0.6545,0.1743,0.2587,0.0223
1	Round_2_Replicate_6	-4688.11	9396.22	4760.35	148.49	2.0649,9.1557,1.34,0.2185,0.9644,0.2403,5.5509,0.7512,1.5412,0.3127
1	Round_1_Replicate_10	-7760.45	15540.9	1052317.1	17.31	11.9801,0.1952,11.0797,0.3836,0.4202,16.4137,0.0796,9.2083,9.2678,0.0718
1	Round_2_Replicate_4	-6832.05	13684.1	-2021.93	722.69	1.0538,0.9348,2.9808,4.2036,2.2574,1.2908,0.0864,1.1804,6.2189,0.021
1	Round_2_Replicate_9	-11034.96	22085.92	134676364510.51	712.04	0.3129,0.2613,19.8,19.8,6.2993,0.2394,2.2746,0.2646
1	Round_2_Replicate_6	-12853.55	25727.1	45390.4	1682.22	0.4168,0.1449,0.016,0.3615,0.0773,11.6586,0.4867,1.6052,0.3615,0.4926
1	Round_3_Replicate_8	-5436.33	10888.66	8220.44	8213.51	0.1028,0.0526,0.3506,18.722,0.3212,10.0059,0.3503,0.0043
1	Round_5_Replicate_1	-3131.14	6278.28	25028.62	599.2	0.6509,1.6259,1.0504,1.9853,1.0044,9.7832,0.2227,0.0042
1	Round_2_Replicate_9	-6298.64	12613.28	9389.28	167.52	0.1122,7.5873,6.682,0.0453,19.8,19.8,0.4252,0.4312
1	Round_3_Replicate_2	-9147.79	18311.58	6155326.45	3231.99	1.1558,0.1036,18.722,1.8963,0.9942,14.5071,3.0019,0.066
1	Round_4_Replicate_8	-4197.44	8410.88	6154274.15	1447.1	0.1586,0.7428,1.517,10.385,0.2647,0.1353,0.2099,0.0166
1	Round_1_Replicate_10	-21112.81	42245.62	247391.29	1186.18	0.2523,0.8353,10.4,0.1088,15.1525,2.8796,0.5112,0.7685,0.1957,0.99
1	Round_2_Replicate_10	-18187.1	36390.2	231845.53	3328.74	0.1412,0.071,5.8824,16.5892,1.0279,0.2387,8.5859,0.9898
1	Round_4_Replicate_2	-4149.56	8315.12	377807.47	1791.36	0.4777,0.3592,0.0202,10.6364,0.3821,18.3419,18.722,0.0598
1	Round_2_Replicate_4	-5785.06	11590.12	16880.13	657.35	0.665,7.2591,0.0893,7.1404,0.1057,0.1557,0.9468,0.9774,0.0246,0.1138
1	Round_2_Replicate_5	-14320.92	28661.84	54738.19	498.32	2.7061,0.7621,0.0678,0.1788,0.4612,0.1773,0.7231,0.5965,0.4679,0.6928
1	Round_2_Replicate_3	-10249.46	20518.92	-1.0745068990691666e+19	-13.81	14.6445,0.8547,4.1444,15.9933,14.6892,0.0866,0.8916,13.5038,11.9648,0.174
1	Round_2_Replicate_3	-3487.58	6995.16	2162.8	742.64	0.4928,3.1783,2.6785,19.7986,1.4251,0.0144,0.0218,10.8078,0.2374,0.0662
1	Round_4_Replicate_9	-3968.47	7952.94	141112.48	987.32	0.211,1.3841,1.2904,4.2756,0.3855,0.2784,0.7648,0.0102
1	Round_2_Replicate_5	-4771.86	9563.72	4089.32	131.93	0.1476,3.5386,0.0853,1.8961,1.7964,0.1307,0.2203,1.1493,11.347,0.057
1	Round_3_Replicate_1	-5421.14	10858.28	10222219.04	1091.71	0.1063,0.5793,18.4618,10.7265,2.8784,0.2894,0.6044,0.0904
1	Round_3_Replicate_9	-4332.17	8680.34	9444.1	7465.74	0.0479,0.1675,2.4007,18.483,1.1944,2.9392,2.9423,0.0079
1	Round_4_Replicate_2	-3578.85	7173.7	270212.62	4430.79	0.1089,0.2357,2.642,18.9693,11.4931,0.8426,0.0474,0.0293
1	Round_2_Replicate_7	-13026.32	26072.64	179098.38	1220.15	0.119,0.6133,0.0196,0.3277,0.0497,3.4217,0.6589,2.0606,0.1598,0.0456
1	Round_3_Replicate_3	-5164.21	10344.42	466194039.52	1835.11	0.344,0.2922,11.9622,12.4087,0.5943,7.1583,3.9869,0.0337
1	Round_2_Replicate_1	-10934.43	21888.86	2417816857831.13	296.2	0.8777,3.936,9.7851,0.0295,16.1728,3.2534,3.4037,3.5795,0.3025,0.5738
1	Round_2_Replicate_10	-26603.94	53223.88	12411596.6	650.37	1.7374,1.023,3.563,0.1125,19.8,19.8,7.2478,0.9895
1	Round_4_Replicate_10	-5492.63	11001.26	8368.29	1905.4	0.11,0.3733,1.1562,5.431,0.3333,0.1524,0.3078,0.0196
1	Round_2_Replicate_1	-7135.46	14290.92	12755.91	118.47	1.0893,14.3204,0.1472,0.2444,1.9935,1.5459,3.6622,19.8,0.0694,0.4317
1	Round_3_Replicate_2	-4657.69	9331.38	4677.46	2334.51	0.0681,0.2652,8.5354,7.1149,0.3853,0.1444,0.7357,0.0553
1	Round_2_Replicate_5	-4157.66	8335.32	65315.27	419.88	1.3806,1.9912,2.8446,4.0305,1.7457,0.5789,1.7872,1.0071,0.3,0.058
1	Round_2_Replicate_7	-7394.8	14809.6	14132.4	295.68	0.2738,2.4761,0.2355,0.32,2.9338,0.4851,10.1169,0.2109,0.2269,0.0157
1	Round_2_Replicate_6	-3551.5	7123.0	3143.85	317.11	1.9938,2.3426,1.0452,0.9926,0.1017,1.2469,3.3816,0.6144,0.628,0.045
1	Round_2_Replicate_6	-5832.45	11684.9	25226418023.41	280.39	0.7364,3.9803,0.1427,16.2265,0.1067,4.6063,1.071,0.2298,2.6889,0.0369
1	Round_4_Replicate_3	-5560.86	11137.72	1759624816461.76	981.0	1.0711,0.4672,0.0231,18.4403,0.2629,6.1218,19.5248,0.0234
1	Round_3_Replicate_3	-4314.05	8644.1	354434.64	2254.93	0.039,0.5275,19.9856,19.0747,0.4667,0.1996,1.0119,0.0718
1	Round_2_Replicate_2	-8416.84	16853.68	14248.5	3453.88	0.0871,0.1203,9.8063,2.3383,0.183,0.1193,18.9328,11.7599,0.1816,0.1197
1	Round_4_Replicate_3	-3476.83	6969.66	3085.29	6986.86	0.0696,0.1203,5.4071,18.722,6.1069,1.7557,0.0764,0.0135
1	Round_2_Replicate_6	-12487.91	24995.82	33968.32	390.62	0.5573,1.6916,2.0431,18.9328,3.607,0.0252,7.0958,0.2798,0.9775,0.7251
1	Round_2_Replicate_2	-4709.91	9439.82	7525.05	93.63	4.0112,14.4171,0.0742,0.2528,0.1599,3.6072,3.0612,15.476,0.0514,0.2497
1	Round_3_Replicate_6	-3689.28	7394.56	2837.35	2852.64	0.0317,0.3901,17.2123,2.1715,5.7179,4.3878,7.9175,0.0263
1	Round_2_Replicate_4	-12500.21	25020.42	9.563895570808687e+18	365.25	0.9775,19.8,0.3512,11.1963,19.8,0.0516,0.1072,0.6165,0.4421,0.4384
1	Round_2_Replicate_8	-7444.19	14908.38	136536.31	141.19	0.6636,7.3633,1.5622,8.5695,4.2136,0.1133,12.2562,0.0329,2.4708,0.124
1	Round_2_Replicate_7	-10643.58	21307.16	93806.38	368.35	0.304,2.6006,0.1562,0.0926,0.5902,0.3523,5.5143,0.0804,0.2231,0.072
1	Round_5_Replicate_1	-3214.81	6445.62	2298.28	1172.84	0.138,0.9126,7.6254,2.2187,0.2005,0.2041,0.0858,0.0344
1	Round_3_Replicate_4	-5827.66	11671.32	17443841.03	1059.32	0.2557,0.4231,6.7564,14.957,2.5616,0.0688,1.9103,0.0512
1	Round_2_Replicate_7	-7173.56	14367.12	-15346.77	1067.21	0.435,3.4786,2.3283,0.4878,2.783,3.3756,0.0503,0.0405,14.6892,0.3988
