Model	Replicate	log-likelihood	AIC	chi-squared	theta	optimized_params(nu1, nu2, m, mi, T1, T2, P)
SC_sym_i	Round_1_Replicate_1	-7001.38	14018.76	11945.58	2720.53	0.1485,0.1514,0.5321,2.805,0.4463,0.4365,0.99,0.1792
SC_sym_i	Round_1_Replicate_2	-5211.91	10439.82	7856.25	485.05	0.1601,3.1006,1.3314,2.1508,1.783,0.1185,0.1652,0.0875
SC_sym_i	Round_1_Replicate_3	-26558.84	53133.68	617063.15	1412.0	0.2002,0.3137,4.1131,0.302,4.1662,15.0853,0.9891,0.9898
SC_sym_i	Round_1_Replicate_4	-7109.95	14235.9	13550.36	1838.45	0.4243,0.1436,0.8495,7.3207,0.117,0.3139,0.9898,0.138
SC_sym_i	Round_1_Replicate_5	-19505.53	39027.06	162048.64	437.13	3.9797,0.2928,0.5759,3.9745,0.5438,2.5299,0.063,0.805
SC_sym_i	Round_1_Replicate_6	-4433.07	8882.14	4342.24	494.51	0.927,3.0063,1.3963,0.3051,0.6383,0.1354,0.5213,0.1757
SC_sym_i	Round_1_Replicate_7	-9240.23	18496.46	32962.14	204.21	0.158,14.0839,0.4407,2.07,12.1152,9.3833,0.39,0.3763
SC_sym_i	Round_1_Replicate_8	-4751.12	9518.24	6911.19	719.83	0.1311,2.7506,1.7941,2.1611,7.702,14.7564,0.99,0.068
SC_sym_i	Round_1_Replicate_9	-11833.46	23682.92	58424.18	1414.11	0.1414,0.4249,0.3165,0.4149,12.1302,7.2125,0.9897,0.4339
SC_sym_i	Round_1_Replicate_10	-24262.23	48540.46	277392.34	312.25	1.6788,5.8167,9.8204,0.5692,1.038,0.1032,0.9902,0.989
SC_sym_i	Round_2_Replicate_1	-11529.82	23075.64	10540673.64	351.21	1.969,12.4205,0.5625,0.6955,0.1425,0.2896,0.0795,0.7055
SC_sym_i	Round_2_Replicate_2	-21913.95	43843.9	266006.26	834.2	0.2851,1.7331,0.3795,0.7425,0.0741,0.2897,0.6256,0.9898
SC_sym_i	Round_2_Replicate_3	-7167.58	14351.16	19677.02	669.21	0.7298,4.2418,1.0774,0.5805,0.1428,0.0328,0.1673,0.4919
SC_sym_i	Round_2_Replicate_4	-6665.41	13346.82	16521.66	241.58	3.1265,7.098,2.3931,0.4556,1.3496,0.0471,0.9896,0.2433
SC_sym_i	Round_2_Replicate_5	-12460.12	24936.24	49103.76	516.25	2.7283,0.5424,0.4146,0.2982,1.3343,0.0888,0.9891,0.2761
SC_sym_i	Round_2_Replicate_6	-17654.68	35325.36	2782905.13	258.17	0.4766,17.0362,7.6338,1.7994,2.9647,0.5446,0.1937,0.9399
SC_sym_i	Round_2_Replicate_7	-6330.42	12676.84	26051.95	149.75	2.3956,12.3076,7.919,0.2248,3.4601,0.1178,0.9893,0.0332
SC_sym_i	Round_2_Replicate_8	-7221.53	14459.06	11813.47	913.8	0.2727,0.4825,0.6645,1.4309,3.0639,0.1668,0.9896,0.0303
SC_sym_i	Round_2_Replicate_9	-18991.14	37998.28	391066.72	408.71	3.7942,0.4911,0.3951,0.0352,2.0447,0.0277,0.1456,0.4743
SC_sym_i	Round_2_Replicate_10	-10914.0	21844.0	49390.5	490.37	0.7652,2.0174,0.6713,0.0463,2.0557,0.0772,0.3413,0.5279
SC_sym_i	Round_2_Replicate_11	-4631.9	9279.8	4026.17	1052.48	0.1398,1.0203,11.654,0.1655,0.7289,0.0277,0.3616,0.1442
SC_sym_i	Round_2_Replicate_12	-5664.69	11345.38	11479518065.55	340.85	4.5926,3.3107,8.0232,1.2587,0.4032,0.3489,0.8761,0.0385
SC_sym_i	Round_2_Replicate_13	-24169.36	48354.72	301387.77	245.53	0.6355,14.0693,0.9247,0.2676,0.7105,0.7775,0.1867,0.9892
SC_sym_i	Round_2_Replicate_14	-8056.6	16129.2	13746.65	799.32	0.9149,0.7394,1.5833,0.735,0.1535,0.8235,0.9898,0.4876
SC_sym_i	Round_2_Replicate_15	-25017.57	50051.14	593568.68	539.42	0.3697,4.1147,0.6283,0.128,0.4522,0.0718,0.9896,0.9891
SC_sym_i	Round_2_Replicate_16	-8167.29	16350.58	16561348.11	198.34	4.519,6.9286,9.1605,0.7255,1.7672,0.3704,0.1669,0.2664
SC_sym_i	Round_2_Replicate_17	-3993.45	8002.9	4003.82	920.25	0.3057,1.4237,1.2067,1.7574,0.2141,0.047,0.3445,0.0594
SC_sym_i	Round_2_Replicate_18	-4928.49	9872.98	9762.11	316.63	1.485,5.198,0.2701,0.3433,1.2429,0.1162,0.9894,0.0239
SC_sym_i	Round_2_Replicate_19	-9269.37	18554.74	100078.59	198.67	0.7548,9.6604,0.8113,0.0813,3.0991,0.1896,0.9889,0.0199
SC_sym_i	Round_2_Replicate_20	-5744.5	11505.0	666196.3	511.36	0.9383,13.1221,0.9622,1.2042,0.175,0.0381,0.9896,0.173
SC_sym_i	Round_3_Replicate_1	-4909.87	9835.74	7125.14	725.42	0.9095,1.2761,0.4483,2.7492,0.4832,0.0247,0.2943,0.0399
SC_sym_i	Round_3_Replicate_2	-4093.33	8202.66	4767.42	579.5	0.3705,4.8068,2.0186,0.888,0.2876,0.0587,0.4083,0.0268
SC_sym_i	Round_3_Replicate_3	-3393.93	6803.86	2393.75	681.4	0.6867,1.5122,5.3987,3.3898,0.7602,0.0383,0.4888,0.0267
SC_sym_i	Round_3_Replicate_4	-3700.13	7416.26	2627.92	985.32	0.7084,0.7462,1.0463,2.7447,0.1551,0.0531,0.7494,0.0146
SC_sym_i	Round_3_Replicate_5	-3768.08	7552.16	4044.79	1049.03	0.3724,1.0427,0.9878,0.5218,0.0719,0.0408,0.9898,0.0175
SC_sym_i	Round_3_Replicate_6	-3413.36	6842.72	2422.16	747.75	0.7556,1.8268,0.5694,2.9198,0.207,0.0555,0.3248,0.0197
SC_sym_i	Round_3_Replicate_7	-4378.87	8773.74	6229.12	812.8	0.1859,5.2275,1.1826,5.4964,0.0929,0.0175,0.1223,0.033
SC_sym_i	Round_3_Replicate_8	-5623.59	11263.18	12519.32	860.08	0.2302,1.6676,1.0347,0.4843,0.3249,0.0437,0.6285,0.0224
SC_sym_i	Round_3_Replicate_9	-5948.75	11913.5	12945.12	608.97	0.2405,4.9339,3.7447,0.8491,0.2917,0.0164,0.6588,0.1482
SC_sym_i	Round_3_Replicate_10	-4319.24	8654.48	4778.4	796.71	0.2911,2.447,0.9497,1.2236,0.1408,0.0871,0.9898,0.1398
SC_sym_i	Round_3_Replicate_11	-4027.29	8070.58	185165.37	503.8	1.0583,2.7289,2.32,3.2086,0.6933,0.0653,0.9894,0.1682
SC_sym_i	Round_3_Replicate_12	-5927.56	11871.12	11679.12	668.29	0.1415,3.2204,5.2448,0.471,0.3553,0.131,0.7553,0.1243
SC_sym_i	Round_3_Replicate_13	-3541.49	7098.98	3727.6	601.72	0.8102,3.4164,0.8568,4.4234,0.2496,0.0602,0.185,0.0254
SC_sym_i	Round_3_Replicate_14	-4790.45	9596.9	5445.79	567.71	1.1262,2.5346,0.3613,1.2852,0.3961,0.0636,0.4144,0.1894
SC_sym_i	Round_3_Replicate_15	-4031.41	8078.82	3210.45	896.07	0.2961,1.9533,1.9881,4.2282,0.1203,0.0412,0.5584,0.1894
SC_sym_i	Round_3_Replicate_16	-3626.27	7268.54	4241.66	943.88	0.3237,1.9791,0.4332,2.3949,0.0757,0.0202,0.2051,0.0229
SC_sym_i	Round_3_Replicate_17	-7005.38	14026.76	21543.4	943.47	0.2335,1.2042,0.3037,2.1081,0.4949,0.046,0.1062,0.0152
SC_sym_i	Round_3_Replicate_18	-6791.32	13598.64	11581.22	1645.6	0.0946,0.4701,2.0032,4.7204,0.3357,0.0497,0.1895,0.1864
SC_sym_i	Round_3_Replicate_19	-3632.19	7280.38	3044.39	494.89	0.7455,4.2849,0.7254,4.9072,0.5027,0.0296,0.9244,0.0681
SC_sym_i	Round_3_Replicate_20	-5064.0	10144.0	6549.99	517.91	0.3542,3.5635,0.4324,1.3387,0.7396,0.1076,0.9898,0.203
SC_sym_i	Round_4_Replicate_1	-3063.73	6143.46	3555.58	563.67	0.4376,2.4461,6.9805,2.9344,1.122,0.0669,0.5952,0.0366
SC_sym_i	Round_4_Replicate_2	-3234.76	6485.52	8801.17	582.89	1.0167,2.4636,7.9901,2.1495,0.4152,0.0541,0.8132,0.0288
SC_sym_i	Round_4_Replicate_3	-3165.28	6346.56	2918.66	604.39	0.899,1.6361,5.9606,2.4461,0.886,0.0718,0.4383,0.0173
SC_sym_i	Round_4_Replicate_4	-4046.62	8109.24	176946.33	627.27	1.0663,1.1091,4.3414,6.2566,1.2758,0.0724,0.2654,0.0174
SC_sym_i	Round_4_Replicate_5	-3074.49	6164.98	1595.35	694.62	0.4984,2.0007,8.9507,3.2254,0.4991,0.0294,0.2897,0.0393
SC_sym_i	Round_4_Replicate_6	-3303.6	6623.2	5301.57	535.08	0.8998,2.0162,7.7882,3.3406,1.1422,0.0487,0.4288,0.0336
SC_sym_i	Round_4_Replicate_7	-3100.63	6217.26	5577.3	846.02	0.4248,1.1975,5.2486,4.0308,0.6257,0.0571,0.4261,0.0118
SC_sym_i	Round_4_Replicate_8	-2879.56	5775.12	2142.31	526.49	0.5688,2.5399,6.9734,1.8259,1.1471,0.1249,0.7456,0.0234
SC_sym_i	Round_4_Replicate_9	-3601.83	7219.66	898372.23	707.12	0.9602,1.4013,9.5878,5.1703,0.4199,0.0399,0.6677,0.0256
SC_sym_i	Round_4_Replicate_10	-3297.6	6611.2	7152.48	847.76	0.5568,1.0495,8.2441,4.5275,0.593,0.0452,0.3878,0.0119
SC_sym_i	Round_4_Replicate_11	-3799.19	7614.38	2727.82	779.23	0.5022,1.0306,8.2033,1.9882,1.4484,0.0467,0.3086,0.047
SC_sym_i	Round_4_Replicate_12	-3751.96	7519.92	8253.87	641.45	1.2929,1.1693,9.5811,3.58,0.6926,0.0495,0.7423,0.0137
SC_sym_i	Round_4_Replicate_13	-3300.88	6617.76	4021.7	589.66	0.9614,1.7658,5.8362,2.8402,0.8015,0.0503,0.2873,0.0262
SC_sym_i	Round_4_Replicate_14	-3703.14	7422.28	3779.15	709.19	0.386,1.5408,5.5099,3.709,1.1529,0.0438,0.3059,0.0499
SC_sym_i	Round_4_Replicate_15	-3299.85	6615.7	3706.52	473.18	0.9646,2.5049,11.1862,4.0347,1.2742,0.0304,0.3506,0.0124
SC_sym_i	Round_4_Replicate_16	-2998.5	6013.0	31912.63	889.69	0.369,1.2075,3.9944,4.3308,0.4652,0.0805,0.4959,0.0189
SC_sym_i	Round_4_Replicate_17	-3125.96	6267.92	2060.35	472.56	0.8429,2.8578,8.2042,2.6232,1.1064,0.0448,0.5094,0.0356
Model	Replicate	log-likelihood	AIC	chi-squared	theta	optimized_params(nu1, nu2, m, mi, T1, T2, P)
Model	Replicate	log-likelihood	AIC	chi-squared	theta	optimized_params(nu1, nu2, m, mi, T1, T2, P)
Model	Replicate	log-likelihood	AIC	chi-squared	theta	optimized_params(nu1, nu2, m, mi, T1, T2, P)
SC_sym_i	Round_1_Replicate_1	-5988.71	11993.42	7046.84	828.95	0.4535,0.8308,4.2685,0.9191,10.4043,5.1067,0.5892,0.3771
Model	Replicate	log-likelihood	AIC	chi-squared	theta	optimized_params(nu1, nu2, m, mi, T1, T2, P)
SC_sym_i	Round_1_Replicate_1	-9861.46	19738.92	27940.07	220.75	15.5379,0.5087,1.2628,0.7123,3.5288,4.861,0.1354,0.0031
SC_sym_i	Round_1_Replicate_2	-3124.84	6265.68	2595.31	163.73	1.5505,8.105,0.7184,2.6173,6.6813,0.1797,0.4165,0.0218
SC_sym_i	Round_1_Replicate_3	-4028.68	8073.36	5994.94	311.87	1.4512,3.749,0.1605,11.2027,2.546,0.0258,0.9399,0.0431
SC_sym_i	Round_1_Replicate_4	-5229.06	10474.12	6363.43	472.17	1.258,1.0557,0.5039,0.1594,0.0961,9.4006,0.0046,0.0575
SC_sym_i	Round_1_Replicate_5	-8033.18	16082.36	1983329998959.17	334.94	6.5433,12.4214,7.673,0.0248,0.174,0.1661,0.8892,0.0274
SC_sym_i	Round_1_Replicate_6	-4955.25	9926.5	163325.05	670.7	0.7741,0.8784,4.9474,2.8989,2.1182,0.383,0.9972,0.1612
SC_sym_i	Round_1_Replicate_7	-15703.01	31422.02	103610.77	413.09	0.7467,0.0889,2.2423,1.5288,14.0824,0.494,0.0635,0.0181
SC_sym_i	Round_1_Replicate_8	-2880.01	5776.02	1421.38	237.93	1.8533,4.8789,0.3996,3.7092,3.0918,0.9006,0.1805,0.0013
SC_sym_i	Round_1_Replicate_9	-3047.32	6110.64	3161.39	269.75	1.7925,3.8794,0.9631,2.7058,3.3832,0.2282,0.5563,0.0007
SC_sym_i	Round_1_Replicate_10	-4553.12	9122.24	4537.63	3428.49	0.1493,0.1677,0.2539,12.472,4.6757,1.5173,0.9989,0.108
SC_sym_i	Round_2_Replicate_1	-5297.72	10611.44	10369.16	455.05	0.6756,19.7059,0.4019,13.5281,0.2415,0.0216,0.1151,0.009
SC_sym_i	Round_2_Replicate_2	-5559.23	11134.46	7999.73	280.77	1.0314,1.4649,1.4263,19.8,12.2636,0.5296,0.1804,0.0017
SC_sym_i	Round_2_Replicate_3	-3158.73	6333.46	51132.11	183.09	1.893,4.9144,0.5972,19.8,8.4897,2.4256,0.1043,0.0009
SC_sym_i	Round_2_Replicate_4	-4501.73	9019.46	4324.99	493.58	1.9605,1.3875,0.7885,0.9928,1.0095,0.1544,0.1026,0.0004
SC_sym_i	Round_2_Replicate_5	-5888.13	11792.26	13659.96	569.81	0.579,2.1646,0.2083,5.4278,0.9252,0.1886,0.0156,0.0015
SC_sym_i	Round_2_Replicate_6	-3443.63	6903.26	6329477.1	551.46	0.3279,3.3816,2.7202,8.5189,0.7431,0.5637,0.0498,0.0033
SC_sym_i	Round_2_Replicate_7	-6746.3	13508.6	971671937073304.8	231.94	4.5175,4.3312,2.8459,19.8,1.8368,0.2336,0.0608,0.0072
SC_sym_i	Round_2_Replicate_8	-3441.57	6899.14	2075.04	488.51	0.572,1.9068,0.2639,1.6052,2.7973,0.4069,0.6641,0.0055
SC_sym_i	Round_2_Replicate_9	-7844.73	15705.46	12217.56	105.66	6.0725,5.3751,0.3493,0.0022,16.9351,1.1414,0.3077,0.4567
SC_sym_i	Round_2_Replicate_10	-2859.39	5734.78	1291.61	166.5	2.085,7.1744,0.1465,0.9753,6.288,0.5348,0.7545,0.0143
SC_sym_i	Round_3_Replicate_1	-2793.19	5602.38	1438.0	169.3	1.8866,7.0226,0.3895,1.8883,6.5691,0.8435,0.3149,0.0085
SC_sym_i	Round_3_Replicate_2	-3071.9	6159.8	1356.21	171.46	2.2602,6.3767,0.0569,0.3917,5.6979,1.4244,0.9353,0.0512
SC_sym_i	Round_3_Replicate_3	-2805.72	5627.44	1155.06	112.58	2.8871,10.45,0.2007,0.6446,10.3001,1.2958,0.6127,0.0139
SC_sym_i	Round_3_Replicate_4	-2861.08	5738.16	1447.6	181.29	2.0575,6.4192,0.1171,0.6227,5.4369,0.6966,0.9644,0.0051
SC_sym_i	Round_3_Replicate_5	-4422.56	8861.12	17958.53	153.66	1.006,19.7103,0.1935,1.395,3.8783,1.6615,0.9826,0.0419
SC_sym_i	Round_3_Replicate_6	-2892.01	5800.02	1438.41	181.64	1.2649,6.8415,0.3149,1.0489,6.9245,0.433,0.8757,0.0096
SC_sym_i	Round_3_Replicate_7	-3000.6	6017.2	1537.44	282.89	1.2229,4.5215,0.3868,1.5085,2.7629,0.3873,0.4231,0.0079
SC_sym_i	Round_3_Replicate_8	-3115.88	6247.76	1700.58	323.62	1.1992,3.6276,0.3627,1.2143,2.3539,0.4423,0.4031,0.0012
SC_sym_i	Round_3_Replicate_9	-2795.0	5606.0	1796.61	373.59	1.0086,3.2003,0.8134,4.1088,1.9238,0.4581,0.2285,0.0033
SC_sym_i	Round_3_Replicate_10	-4695.98	9407.96	5766.87	281.81	0.8845,3.3093,0.3181,0.5488,6.1724,0.2849,0.9977,0.0145
SC_sym_i	Round_4_Replicate_1	-3626.39	7268.78	2943.42	183.91	1.6266,4.1484,0.6499,3.5005,12.3274,0.7442,0.354,0.0003
SC_sym_i	Round_4_Replicate_2	-2859.74	5735.48	1408.21	184.26	1.7296,6.4991,0.684,0.3493,5.6953,0.7244,0.2673,0.008
SC_sym_i	Round_4_Replicate_3	-2839.18	5694.36	1416.73	250.15	1.4908,4.6456,0.2072,1.3117,3.742,0.534,0.8337,0.0051
SC_sym_i	Round_4_Replicate_4	-2814.19	5644.38	2872.7	95.53	3.3141,12.5486,0.2436,2.9064,12.5344,1.6029,0.1949,0.0039
SC_sym_i	Round_4_Replicate_5	-2800.69	5617.38	1155.93	246.36	1.3441,4.8514,0.3447,1.2334,3.8839,0.6939,0.6493,0.0058
SC_sym_i	Round_4_Replicate_6	-2805.58	5627.16	1569.16	143.45	2.1249,8.3502,0.3952,1.4027,8.2109,0.7133,0.3857,0.0162
SC_sym_i	Round_4_Replicate_7	-2797.87	5611.74	2574.64	152.24	2.1282,7.9678,0.3787,3.5554,7.2039,1.0114,0.2272,0.0068
SC_sym_i	Round_4_Replicate_8	-2790.57	5597.14	1483.78	172.59	1.9142,6.8418,0.3865,1.6756,6.311,0.8562,0.354,0.0066
SC_sym_i	Round_4_Replicate_9	-2810.3	5636.6	2154.03	125.15	2.6752,9.4797,0.3169,0.8022,8.9123,0.9842,0.4669,0.0086
SC_sym_i	Round_4_Replicate_10	-2811.79	5639.58	1595.95	179.42	2.0714,6.2606,0.3663,2.5328,5.7587,1.165,0.231,0.0021
