Model	Replicate	log-likelihood	AIC	chi-squared	theta	optimized_params(nu1, nu2, m, mi, T1, T2, P)
SC_sym_i	Round_1_Replicate_1	-12041.14	24098.28	2.300833679923091e+18	190.96	9.583,1.8319,3.578,12.6083,0.1983,14.1773,0.973,0.0128
SC_sym_i	Round_1_Replicate_2	-4317.05	8650.1	6331.73	520.87	0.4608,4.37,0.3331,4.2074,0.3357,0.206,0.1543,0.0081
SC_sym_i	Round_1_Replicate_3	-12749.15	25514.3	64558.03	1257.75	0.327,0.2065,0.1314,0.2582,12.8338,9.8223,0.9953,0.0537
SC_sym_i	Round_1_Replicate_4	-5665.39	11346.78	7957.0	581.74	0.43,0.9578,0.7477,1.0781,5.672,1.5863,0.0058,0.094
SC_sym_i	Round_1_Replicate_5	-5316.44	10648.88	6885.74	533.51	3.8698,1.1662,0.1313,1.9862,0.0995,0.3408,0.8539,0.0447
SC_sym_i	Round_1_Replicate_6	-19081.12	38178.24	267647.48	575.31	0.061,8.8543,3.1149,3.754,1.2188,1.5484,0.4997,0.9936
SC_sym_i	Round_1_Replicate_7	-3460.79	6937.58	2116.26	170.15	1.9853,5.6007,0.3781,0.682,8.8079,0.7465,0.0073,0.0169
SC_sym_i	Round_1_Replicate_8	-6676.31	13368.62	13836.51	263.29	6.0651,1.1515,13.8095,0.3992,0.2935,11.1618,0.2786,0.0711
SC_sym_i	Round_1_Replicate_9	-4436.91	8889.82	4841.21	1087.78	0.5267,0.6297,3.614,0.4203,0.0485,0.1984,0.8514,0.009
SC_sym_i	Round_1_Replicate_10	-4750.97	9517.94	3953.11	466.49	0.675,2.0052,5.468,0.5666,0.2254,10.2366,0.5938,0.2827
SC_sym_i	Round_2_Replicate_1	-4579.54	9175.08	6730.22	73.12	0.8266,19.7992,0.3429,0.5146,19.799,0.6927,0.0104,0.0114
SC_sym_i	Round_2_Replicate_2	-5687.9	11391.8	105482.13	306.5	2.8042,1.0953,1.3452,1.6645,5.7217,1.645,0.0046,0.0053
SC_sym_i	Round_2_Replicate_3	-7207.15	14430.3	12936.73	505.7	0.9536,0.749,0.3735,0.2914,4.7399,0.8905,0.007,0.008
SC_sym_i	Round_2_Replicate_4	-6871.54	13759.08	12959.53	128.79	6.1843,1.8314,0.4519,0.0013,19.6579,1.6482,0.0018,0.0009
SC_sym_i	Round_2_Replicate_5	-8295.16	16606.32	251342.25	63.16	4.6361,19.8,0.0968,1.7133,18.7124,0.3201,0.0011,0.0138
SC_sym_i	Round_2_Replicate_6	-2839.34	5694.68	1748.45	165.53	1.7329,7.8828,1.1435,0.2353,6.2873,0.5951,0.2442,0.0054
SC_sym_i	Round_2_Replicate_7	-3092.32	6200.64	2693.71	133.21	2.5574,8.8651,0.4164,0.2869,8.1925,0.7198,0.0068,0.0271
SC_sym_i	Round_2_Replicate_8	-5607.76	11231.52	7112.23	244.3	3.773,1.6108,0.3605,3.7878,5.4996,1.1156,0.0043,0.0181
SC_sym_i	Round_2_Replicate_9	-8195.06	16406.12	16830.74	323.96	1.6312,0.7795,0.322,0.1515,19.7995,5.4928,0.0245,0.0219
SC_sym_i	Round_2_Replicate_10	-2825.22	5666.44	1660.68	116.62	2.8752,10.3707,0.2152,2.3089,9.3327,1.9059,0.3054,0.0027
SC_sym_i	Round_3_Replicate_1	-3025.19	6066.38	2576.15	179.23	1.5189,6.8038,0.2856,2.4645,6.7541,0.2139,0.6107,0.0062
SC_sym_i	Round_3_Replicate_2	-4948.53	9913.06	5645.57	125.05	7.1002,3.3094,0.1527,2.5584,10.691,4.4838,0.1899,0.0004
SC_sym_i	Round_3_Replicate_3	-2857.86	5731.72	1816.95	129.38	2.9007,9.266,0.2541,1.0512,7.1863,1.6489,0.2478,0.0213
SC_sym_i	Round_3_Replicate_4	-2887.74	5791.48	1524.49	209.71	1.3406,5.8378,0.0272,0.9982,5.3108,0.4365,0.965,0.0226
SC_sym_i	Round_3_Replicate_5	-3608.7	7233.4	2483.06	193.57	1.5507,4.6602,0.1615,1.3949,6.7483,6.5159,0.2621,0.0026
SC_sym_i	Round_3_Replicate_6	-3621.1	7258.2	3122.14	204.1	1.1065,5.8258,0.2538,0.8999,3.6756,5.1942,0.1306,0.0011
SC_sym_i	Round_3_Replicate_7	-2818.09	5652.18	1766.84	144.65	2.0636,8.7872,0.417,2.9075,7.6261,0.6342,0.2773,0.0159
SC_sym_i	Round_3_Replicate_8	-2921.72	5859.44	1196.28	377.0	1.2305,2.7596,0.153,0.8737,1.9232,0.4935,0.996,0.0001
SC_sym_i	Round_3_Replicate_9	-2803.07	5622.14	1120.86	250.0	1.3989,4.6457,0.3367,1.0311,3.8702,0.5708,0.7638,0.0051
SC_sym_i	Round_3_Replicate_10	-5868.12	11752.24	9744.04	171.51	0.7224,4.9906,0.1323,0.8319,14.4992,0.9665,0.1896,0.0009
SC_sym_i	Round_4_Replicate_1	-2794.06	5604.12	1054.71	363.19	0.8867,3.3144,0.5293,1.9571,2.372,0.3632,0.6267,0.0037
SC_sym_i	Round_4_Replicate_2	-2779.06	5574.12	1142.23	320.24	1.048,3.7274,0.6083,1.852,2.7972,0.3989,0.5697,0.0032
SC_sym_i	Round_4_Replicate_3	-2798.68	5613.36	1122.73	260.68	1.2529,4.4601,0.3208,1.4114,4.0119,0.4238,0.8004,0.0076
SC_sym_i	Round_4_Replicate_4	-3287.99	6591.98	2084.76	309.19	1.2111,3.6969,0.3529,1.6361,2.3947,0.8708,0.1144,0.0062
SC_sym_i	Round_4_Replicate_5	-2788.85	5593.7	1376.59	259.76	1.2967,4.6419,0.5505,2.9364,3.6188,0.5826,0.302,0.0031
SC_sym_i	Round_4_Replicate_6	-2783.83	5583.66	1083.83	374.78	0.934,3.1885,0.4204,1.8453,2.1477,0.3171,0.7662,0.0017
SC_sym_i	Round_4_Replicate_7	-2809.95	5635.9	1112.34	438.76	0.8039,2.6192,0.5077,2.0271,1.6908,0.507,0.7133,0.0001
SC_sym_i	Round_4_Replicate_8	-2972.91	5961.82	2355.54	348.72	0.9841,3.5066,0.001,1.5044,2.268,0.3919,0.8236,0.0056
SC_sym_i	Round_4_Replicate_9	-2811.51	5639.02	1187.42	393.4	0.8367,2.9529,0.2481,1.4459,2.2097,0.3348,0.9366,0.0006
SC_sym_i	Round_4_Replicate_10	-2827.83	5671.66	1350.81	276.66	1.2285,4.013,0.1481,1.0539,3.7837,0.6047,0.936,0.0016
