Model	Replicate	log-likelihood	AIC	chi-squared	theta	optimized_params(nu1_0,nu2_0,nu1,nu2,T,m12,m21,m12i,m21i,P,p_misid)
SC_sym_i	Round_1_Replicate_1	-5040.13	10094.26	10791.41	556.48	0.1588,3.8992,0.4873,16.7566,0.6317,1.2295,0.3208
SC_sym_i	Round_1_Replicate_2	-3192.4	6398.8	1823.66	3690.34	0.0844,0.2474,4.3348,8.1951,0.4287,10.6182,0.9894
SC_sym_i	Round_1_Replicate_3	-3877.7	7769.4	4570.11	274.05	0.7219,5.5589,0.2538,15.893,0.9543,3.5517,0.145
SC_sym_i	Round_1_Replicate_4	-15551.89	31117.78	197474.18	959.81	0.1202,0.432,0.1779,0.4247,3.5344,0.0853,0.104
SC_sym_i	Round_1_Replicate_5	-21505.46	43024.92	225304.0	245.4	6.7556,0.1291,0.0784,0.3096,3.8494,1.6795,0.0867
SC_sym_i	Round_1_Replicate_6	-7303.92	14621.84	782368.86	689.86	2.7561,0.339,2.3874,5.2302,0.7357,14.3109,0.989
SC_sym_i	Round_1_Replicate_7	-11661.15	23336.3	49537.94	226.08	6.2406,0.2741,1.0294,2.0317,7.4334,0.1586,0.9892
SC_sym_i	Round_1_Replicate_8	-10919.28	21852.56	47217.13	220.95	5.7371,1.5551,8.7371,0.106,4.7948,0.0752,0.9675
SC_sym_i	Round_1_Replicate_9	-5849.26	11712.52	23426.61	276.27	8.3695,2.3569,0.1525,1.051,0.1419,1.0434,0.9901
SC_sym_i	Round_1_Replicate_10	-14763.32	29540.64	64523.52	659.65	2.1425,0.1032,0.1856,1.1323,0.6176,5.4678,0.6663
SC_sym_i	Round_2_Replicate_1	-6977.47	13968.94	17307.03	5938.58	0.0399,0.119,11.3081,2.4744,0.4617,3.3774,0.9894
SC_sym_i	Round_2_Replicate_2	-4641.47	9296.94	15189.09	2285.02	0.039,1.1151,10.5106,5.5994,0.0901,3.8984,0.1581
SC_sym_i	Round_2_Replicate_3	-3062.85	6139.7	1467.61	3534.83	0.0838,0.2804,2.7522,10.2436,0.3697,13.071,0.9894
SC_sym_i	Round_2_Replicate_4	-6608.44	13230.88	17563.09	4380.45	0.0231,0.2486,1.8979,3.484,0.1697,2.7853,0.99
SC_sym_i	Round_2_Replicate_5	-3465.89	6945.78	177588.6	1089.21	0.1662,1.5915,9.5105,6.1803,1.4463,2.2216,0.9896
SC_sym_i	Round_2_Replicate_6	-6152.82	12319.64	8210.66	12556.23	0.0368,0.0348,19.7001,1.1873,0.2472,19.5975,0.2226
SC_sym_i	Round_2_Replicate_7	-8546.75	17107.5	24327.3	3622.8	0.6197,0.0436,18.5729,13.2425,2.2967,2.637,0.3777
SC_sym_i	Round_2_Replicate_8	-5482.05	10978.1	10549.01	1736.11	0.0533,0.7926,3.1421,1.5439,0.0688,10.0739,0.3324
SC_sym_i	Round_2_Replicate_9	-3874.56	7763.12	3128.25	6161.49	0.0579,0.1216,19.5119,5.1918,0.7476,4.4246,0.6679
SC_sym_i	Round_2_Replicate_10	-4990.35	9994.7	7050.18	7279.95	0.0382,0.107,0.5572,5.7584,0.0456,1.3931,0.99
SC_sym_i	Round_2_Replicate_11	-4728.55	9471.1	8610.77	3069.35	0.2437,0.1418,15.071,9.0564,1.3015,6.7884,0.9896
SC_sym_i	Round_2_Replicate_12	-5651.62	11317.24	835535110052.65	1199.57	0.427,0.5564,11.8107,14.7116,0.3057,10.4014,0.1719
SC_sym_i	Round_2_Replicate_13	-4677.35	9368.7	7075.57	1024.58	0.0931,1.6818,1.2892,3.7565,1.0644,17.2476,0.6129
SC_sym_i	Round_2_Replicate_14	-3963.53	7941.06	3946.76	4292.59	0.0316,0.3448,19.7001,3.33,0.1251,19.5975,0.3455
SC_sym_i	Round_2_Replicate_15	-3564.65	7143.3	2525.42	4696.56	0.0748,0.1687,1.5405,7.4579,1.4526,18.4922,0.99
SC_sym_i	Round_2_Replicate_16	-4232.22	8478.44	4269.53	5088.51	0.0285,0.2489,18.5729,1.8758,3.499,8.6738,0.2881
SC_sym_i	Round_2_Replicate_17	-9887.17	19788.34	22203.24	2149.03	0.3342,0.0997,0.604,17.3956,0.1403,14.1533,0.1591
SC_sym_i	Round_2_Replicate_18	-4024.87	8063.74	10664.88	1799.43	0.079,1.6326,0.8632,13.9587,0.196,16.9396,0.989
SC_sym_i	Round_2_Replicate_19	-5488.42	10990.84	7162.68	3741.62	0.2144,0.0989,0.9149,6.4575,0.3274,3.3115,0.9894
SC_sym_i	Round_2_Replicate_20	-8922.29	17858.58	28558.87	6488.65	0.0325,0.0862,1.2423,7.4279,2.5948,14.0365,0.2327
SC_sym_i	Round_3_Replicate_1	-3056.24	6126.48	20261.96	2177.54	0.1231,0.5001,9.0823,6.6687,0.1152,7.3402,0.9574
SC_sym_i	Round_3_Replicate_2	-4526.79	9067.58	5247.63	1757.62	0.0702,0.7952,1.1091,18.5729,0.594,10.0082,0.4483
SC_sym_i	Round_3_Replicate_3	-3256.52	6527.04	1662.94	2442.4	0.1237,0.374,2.2334,13.064,0.2104,16.7556,0.5205
SC_sym_i	Round_3_Replicate_4	-3127.54	6269.08	1532.76	5805.29	0.0588,0.1555,1.1197,19.9142,0.6707,5.8541,0.9895
SC_sym_i	Round_3_Replicate_5	-3381.08	6776.16	2078.05	1292.48	0.1637,1.0213,0.7677,17.0829,0.8991,7.4323,0.65
SC_sym_i	Round_3_Replicate_6	-4309.1	8632.2	4440.12	8042.86	0.0462,0.0879,6.2663,10.7784,0.2184,19.5756,0.4854
SC_sym_i	Round_3_Replicate_7	-3445.05	6904.1	2579.91	2322.95	0.0701,0.694,1.6876,18.5729,1.0661,6.997,0.7173
SC_sym_i	Round_3_Replicate_8	-5085.16	10184.32	5710.26	3963.01	0.1409,0.1226,2.1699,12.8761,0.1098,6.6716,0.3643
SC_sym_i	Round_3_Replicate_9	-3240.7	6495.4	1954.95	3019.87	0.0702,0.3991,1.2825,7.6602,0.4861,16.7431,0.99
SC_sym_i	Round_3_Replicate_10	-3188.03	6390.06	3312.01	2178.66	0.0935,0.7186,3.0341,12.8461,0.6853,5.2171,0.8909
SC_sym_i	Round_3_Replicate_11	-3533.27	7080.54	2399.77	4792.7	0.0986,0.1399,4.8759,13.1684,0.1248,6.9388,0.9895
SC_sym_i	Round_3_Replicate_12	-3172.37	6358.74	3772.86	2711.69	0.1294,0.3159,11.3741,7.0077,0.1871,8.4339,0.9897
SC_sym_i	Round_3_Replicate_13	-3230.8	6475.6	1647.15	3338.39	0.1049,0.2632,1.7993,19.9142,0.2361,16.1071,0.8248
SC_sym_i	Round_3_Replicate_14	-3052.96	6119.92	4944.63	1291.24	0.1976,0.9252,2.6325,5.8017,0.4853,7.2094,0.8289
SC_sym_i	Round_3_Replicate_15	-6442.11	12898.22	10327.12	4714.37	0.0821,0.1091,0.7871,5.0272,1.0606,16.7431,0.6401
SC_sym_i	Round_3_Replicate_16	-3463.94	6941.88	2308.28	3312.86	0.1049,0.2444,5.4946,5.7241,0.0942,19.6412,0.4722
SC_sym_i	Round_3_Replicate_17	-5480.13	10974.26	145297.07	1634.6	0.2915,0.4427,3.9372,19.1183,0.1812,19.6423,0.99
SC_sym_i	Round_3_Replicate_18	-3358.51	6731.02	2038.58	2156.8	0.1529,0.3939,1.0145,4.0124,0.1068,15.4867,0.9898
SC_sym_i	Round_3_Replicate_19	-3268.99	6551.98	1729.53	2813.82	0.0973,0.3458,2.4243,11.8694,1.108,9.2915,0.5875
SC_sym_i	Round_3_Replicate_20	-3258.2	6530.4	1623.94	1414.32	0.2053,0.6721,1.1042,10.4171,1.1379,6.4097,0.5473
SC_sym_i	Round_4_Replicate_1	-3175.88	6365.76	237836.12	1504.29	0.1367,0.9459,4.9713,5.8801,0.5176,4.5464,0.9893
SC_sym_i	Round_4_Replicate_2	-3032.65	6079.3	2749.81	913.63	0.2812,1.2765,1.686,3.9006,0.7264,8.7906,0.8172
SC_sym_i	Round_4_Replicate_3	-3015.91	6045.82	1570.86	1527.16	0.182,0.6958,2.7471,8.487,0.6803,7.4412,0.5394
SC_sym_i	Round_4_Replicate_4	-3199.4	6412.8	1952.07	1194.2	0.2699,0.8453,1.4202,6.9331,0.7702,4.6372,0.9036
SC_sym_i	Round_4_Replicate_5	-3732.72	7479.44	32408820.58	934.98	0.3207,1.2376,3.4641,6.1834,0.5435,4.4379,0.9901
SC_sym_i	Round_4_Replicate_6	-3100.83	6215.66	13437.3	1005.76	0.3171,0.9334,2.9484,2.9537,0.601,3.6764,0.9899
SC_sym_i	Round_4_Replicate_7	-3083.79	6181.58	26961.12	1975.5	0.1189,0.6166,4.2852,6.4905,0.2913,5.4208,0.9894
SC_sym_i	Round_4_Replicate_8	-3061.75	6137.5	25353.8	2036.14	0.1414,0.5082,5.1172,6.4556,0.8461,5.5251,0.9897
SC_sym_i	Round_4_Replicate_9	-3229.65	6473.3	3044.64	1159.71	0.3247,0.7175,1.7044,3.7948,0.3231,11.6456,0.9892
SC_sym_i	Round_4_Replicate_10	-3167.24	6348.48	2307.16	1538.49	0.184,0.6377,3.1266,3.5078,0.3183,12.635,0.9904
SC_sym_i	Round_4_Replicate_11	-3507.41	7028.82	8467472.42	979.87	0.2184,1.6695,3.2124,6.0271,0.3634,10.0014,0.9901
SC_sym_i	Round_4_Replicate_12	-3780.7	7575.4	72565446.03	892.1	0.2831,1.621,3.4704,6.4514,0.5872,11.9999,0.9901
SC_sym_i	Round_4_Replicate_13	-3005.91	6025.82	1462.67	1276.32	0.2077,0.8835,2.0271,7.9108,0.3055,7.9066,0.6228
SC_sym_i	Round_4_Replicate_14	-3281.47	6576.94	1877.66	1764.2	0.1732,0.5128,1.3622,3.5616,0.7009,7.032,0.97
SC_sym_i	Round_4_Replicate_15	-3107.34	6228.68	1434.83	1648.98	0.1673,0.6145,2.1343,8.5914,0.6791,8.3589,0.5134
SC_sym_i	Round_4_Replicate_16	-3050.86	6115.72	1647.98	1523.85	0.2065,0.6294,2.8817,7.8338,0.6532,6.8476,0.5298
SC_sym_i	Round_4_Replicate_17	-3335.31	6684.62	2081.59	1248.19	0.3338,0.6105,1.8888,4.5396,0.6801,13.0739,0.9019
SC_sym_i	Round_4_Replicate_18	-3059.07	6132.14	6016.08	1360.78	0.2149,0.7485,2.8163,4.3756,0.5194,6.5834,0.9275
SC_sym_i	Round_4_Replicate_19	-3057.22	6128.44	1442.23	1458.4	0.2029,0.6763,2.1163,4.9506,0.8289,4.9711,0.7871
SC_sym_i	Round_4_Replicate_20	-3105.87	6225.74	20296.85	831.14	0.2637,1.5881,2.2535,3.5431,0.2567,4.6524,0.6306
SC_sym_i	Round_4_Replicate_21	-3355.8	6725.6	404394.76	1100.9	0.3456,0.767,5.0708,4.3499,0.6817,6.8075,0.9353
SC_sym_i	Round_4_Replicate_22	-3119.4	6252.8	1397.85	1372.19	0.2117,0.7163,1.3765,8.9436,0.5898,11.083,0.5718
SC_sym_i	Round_4_Replicate_23	-3029.56	6073.12	1276.84	1787.09	0.1579,0.5886,1.4256,8.7469,0.2584,4.6172,0.8128
SC_sym_i	Round_4_Replicate_24	-3402.7	6819.4	4704.19	1044.92	0.1574,1.4604,2.3197,4.7212,0.9579,4.9704,0.5173
SC_sym_i	Round_4_Replicate_25	-3047.57	6109.14	2819.94	1534.35	0.1585,0.8199,2.7696,7.9563,0.2752,12.0966,0.7887
SC_sym_i	Round_4_Replicate_26	-3187.31	6388.62	3032.35	1295.53	0.2832,0.6458,2.8321,4.1066,0.7382,9.7257,0.723
SC_sym_i	Round_4_Replicate_27	-3409.86	6833.72	95689.97	1081.13	0.1512,1.6097,5.4903,3.6487,0.3299,12.3007,0.4701
SC_sym_i	Round_4_Replicate_28	-3936.5	7887.0	1391123.75	1000.43	0.2767,1.3248,2.6599,7.8753,0.6411,7.0188,0.9901
SC_sym_i	Round_4_Replicate_29	-3081.92	6177.84	73852.66	807.63	0.2913,1.5654,5.6342,2.7282,0.7499,7.1062,0.8439
SC_sym_i	Round_4_Replicate_30	-3094.14	6202.28	11236.84	1606.32	0.1409,0.7753,4.2928,6.3842,0.6642,11.196,0.4807
SC_sym_i	Round_1_Replicate_1	-16952.76	33921.52	1.2513105155939702e+16	361.58	13.1219,9.2325,6.8402,0.0704,0.1389,0.1391,0.9896,0.7749
SC_sym_i	Round_1_Replicate_2	-9646.01	19308.02	26914.06	2247.56	0.3191,0.2023,6.5914,8.4442,0.1027,4.7338,0.0961,0.6223
SC_sym_i	Round_1_Replicate_3	-33199.7	66415.4	1508033.69	306.9	5.3635,0.9817,0.0926,0.1227,1.9234,0.3701,0.3036,0.9889
SC_sym_i	Round_1_Replicate_4	-8755.57	17527.14	1.0312515791348602e+16	402.2	6.6985,2.6041,3.1678,8.1809,0.28,0.1551,0.0696,0.1289
SC_sym_i	Round_1_Replicate_5	-19326.49	38668.98	320225.98	2751.02	0.1143,0.1226,0.5655,0.1329,0.0629,0.4346,0.7845,0.6328
SC_sym_i	Round_1_Replicate_6	-9653.54	19323.08	44937.62	217.98	0.1324,7.2052,0.1616,0.7105,7.341,5.0265,0.4862,0.228
SC_sym_i	Round_1_Replicate_7	-7064.74	14145.48	41822086899.12	664.8	1.6058,1.4172,2.5766,6.3645,0.1473,0.186,0.9894,0.0519
SC_sym_i	Round_1_Replicate_8	-9297.25	18610.5	7201502503.83	226.24	4.6603,3.0609,9.6476,1.0618,0.2588,3.3727,0.184,0.3423
SC_sym_i	Round_1_Replicate_9	-21076.12	42168.24	245992.06	855.08	1.2097,0.2805,1.5343,0.3249,0.3001,15.0659,0.1317,0.9375
SC_sym_i	Round_1_Replicate_10	-5401.8	10819.6	7206.86	831.07	0.3987,1.2268,9.7946,0.1271,0.9037,5.3759,0.0858,0.2492
SC_sym_i	Round_2_Replicate_1	-13635.49	27286.98	40398.18	763.51	0.2988,1.4327,3.3943,0.059,0.3864,3.201,0.2632,0.8796
SC_sym_i	Round_2_Replicate_2	-5585.75	11187.5	5949.66	2087.15	0.0911,0.8738,14.0693,0.3022,0.1784,2.6539,0.023,0.3833
SC_sym_i	Round_2_Replicate_3	-23160.24	46336.48	411094.12	1838.44	0.3302,0.2247,9.8494,0.4234,2.3217,19.5354,0.378,0.9895
SC_sym_i	Round_2_Replicate_4	-5079.85	10175.7	14036.04	347.26	0.8507,4.6975,12.0243,0.0243,0.5654,3.2112,0.3384,0.1334
SC_sym_i	Round_2_Replicate_5	-4589.38	9194.76	4825.18	1071.03	0.582,0.4466,3.9463,0.5492,0.9927,1.1741,0.0863,0.0406
SC_sym_i	Round_2_Replicate_6	-7921.64	15859.28	36934.21	176.3	2.041,8.215,12.3773,0.2216,6.0841,7.6251,0.0252,0.1017
SC_sym_i	Round_2_Replicate_7	-5461.22	10938.44	5649.01	1171.37	0.184,1.34,19.3403,0.6474,4.4656,18.9721,0.2298,0.3525
SC_sym_i	Round_2_Replicate_8	-6978.03	13972.06	11515.36	767.57	1.1651,0.3657,1.9934,0.0785,1.8086,16.4052,0.1182,0.0556
SC_sym_i	Round_2_Replicate_9	-8904.65	17825.3	25448.72	630.49	2.1644,0.4553,16.4874,0.0751,2.9166,18.9923,0.1041,0.28
SC_sym_i	Round_2_Replicate_10	-6072.63	12161.26	8898.78	1168.81	0.4352,0.3958,13.6492,0.0901,6.2938,17.9256,0.1647,0.0694
SC_sym_i	Round_2_Replicate_11	-4547.18	9110.36	7088.98	303.89	0.7934,6.5905,6.1318,0.0939,0.2416,13.2798,0.0817,0.0938
SC_sym_i	Round_2_Replicate_12	-10327.71	20671.42	30067.86	484.57	2.915,0.5284,2.5416,0.0516,2.641,14.3438,0.0114,0.5003
SC_sym_i	Round_2_Replicate_13	-7546.62	15109.24	15211.53	1044.99	0.2953,1.1111,14.0693,0.1061,4.1736,5.2107,0.0383,0.4713
SC_sym_i	Round_2_Replicate_14	-20768.27	41552.54	227123.65	886.54	0.4768,0.7909,16.1023,0.5065,0.3094,8.7441,0.4295,0.9891
SC_sym_i	Round_2_Replicate_15	-20153.62	40323.24	201088.76	2055.18	0.1793,0.3647,6.6586,0.5636,4.0495,7.8219,0.1851,0.9891
SC_sym_i	Round_2_Replicate_16	-12253.96	24523.92	40324.41	1232.6	0.7926,0.2084,1.8359,0.0405,0.3922,2.4704,0.0341,0.6128
SC_sym_i	Round_2_Replicate_17	-12536.7	25089.4	6616113.84	221.15	2.6197,2.8754,1.8197,0.7803,4.9636,6.8232,0.0151,0.7656
SC_sym_i	Round_2_Replicate_18	-26735.37	53486.74	967074.2	854.55	1.6012,0.2729,3.0703,0.164,0.4148,2.1265,0.0382,0.9892
SC_sym_i	Round_2_Replicate_19	-4976.89	9969.78	5008.2	305.77	0.7254,5.225,15.6547,0.2318,2.4005,3.1224,0.532,0.2911
SC_sym_i	Round_2_Replicate_20	-4566.36	9148.72	4377.73	981.56	0.346,0.8107,1.4612,0.1181,0.5804,19.6196,0.0102,0.1698
SC_sym_i	Round_3_Replicate_1	-6895.65	13807.3	20600.28	139.48	2.1873,18.8041,16.8696,0.1675,0.9481,18.8449,0.066,0.1283
SC_sym_i	Round_3_Replicate_2	-4630.0	9276.0	9879.59	257.0	0.5856,16.1023,5.1714,0.0328,0.5491,12.6769,0.1037,0.1074
SC_sym_i	Round_3_Replicate_3	-4573.95	9163.9	8096.35	409.11	0.459,5.0055,13.0937,0.0452,0.5909,14.3347,0.1869,0.0196
SC_sym_i	Round_3_Replicate_4	-5679.76	11375.52	14039.14	311.49	0.7889,11.3748,15.1924,0.2585,0.4142,17.843,0.0577,0.0833
SC_sym_i	Round_3_Replicate_5	-4370.01	8756.02	4652.57	109.11	2.8641,15.0546,8.3063,0.0878,0.3205,16.4078,0.3254,0.1489
SC_sym_i	Round_3_Replicate_6	-4126.21	8268.42	5795.56	249.57	1.264,7.0243,2.7404,0.1365,0.2261,4.2237,0.116,0.1196
SC_sym_i	Round_3_Replicate_7	-5474.69	10965.38	13863.75	362.97	0.2129,12.1605,6.6457,0.0673,0.1304,3.5357,0.2837,0.0546
SC_sym_i	Round_3_Replicate_8	-4518.47	9052.94	8950.29	231.97	1.001,9.7241,4.8784,0.0431,0.5811,13.9026,0.081,0.0636
SC_sym_i	Round_3_Replicate_9	-3951.52	7919.04	6027.82	350.46	0.481,8.1586,8.1894,0.1055,0.0804,11.1305,0.1622,0.0235
SC_sym_i	Round_3_Replicate_10	-4764.67	9545.34	10016.28	379.11	0.4888,10.235,10.9007,0.0646,0.7878,17.2853,0.0743,0.0859
SC_sym_i	Round_3_Replicate_11	-8222.47	16460.94	37403.04	306.36	1.2807,3.0734,18.4403,0.026,0.5104,19.5248,0.0584,0.2255
SC_sym_i	Round_3_Replicate_12	-5822.27	11660.54	12411.29	190.24	1.8291,6.4812,4.6106,0.1756,0.4193,17.034,0.0496,0.1316
SC_sym_i	Round_3_Replicate_13	-4384.06	8784.12	4021.15	259.9	1.5831,3.9001,4.2442,0.1374,0.1801,6.6593,0.3182,0.1847
SC_sym_i	Round_3_Replicate_14	-4275.38	8566.76	10819.36	498.43	0.3304,8.6807,10.4225,0.1392,0.0755,6.0778,0.0864,0.0283
SC_sym_i	Round_3_Replicate_15	-3332.74	6681.48	3491.38	255.09	1.4006,5.6304,1.9309,0.0497,0.4954,3.4251,0.2594,0.0355
SC_sym_i	Round_3_Replicate_16	-6493.57	13003.14	14579.3	267.34	1.6987,2.9857,11.206,0.1384,0.1281,15.5821,0.0725,0.1189
SC_sym_i	Round_3_Replicate_17	-4312.34	8640.68	8627.7	644.49	0.2457,6.9298,14.1029,0.1354,0.6827,18.0831,0.0633,0.0207
SC_sym_i	Round_3_Replicate_18	-5232.54	10481.08	12250.09	294.43	0.8949,11.8436,15.6547,0.3737,0.777,3.6338,0.1617,0.1348
SC_sym_i	Round_3_Replicate_19	-4462.22	8940.44	12141.73	689.16	0.216,6.2793,9.1195,0.0283,0.4739,9.0807,0.0263,0.0256
SC_sym_i	Round_3_Replicate_20	-8608.73	17233.46	41906.3	353.8	1.3126,2.14,14.3599,0.0464,0.7582,17.4672,0.0267,0.2538
SC_sym_i	Round_4_Replicate_1	-3247.3	6510.6	2820.02	259.6	2.1494,4.6135,1.1759,0.0497,0.3106,2.537,0.2153,0.0154
SC_sym_i	Round_4_Replicate_2	-3498.66	7013.32	2827.53	281.97	2.0941,4.4739,1.2451,0.0788,0.2953,1.8284,0.5077,0.0272
SC_sym_i	Round_4_Replicate_3	-3100.47	6216.94	1822.19	281.59	1.8007,4.1827,1.2449,0.1168,0.2704,2.6059,0.3725,0.0162
SC_sym_i	Round_4_Replicate_4	-3234.36	6484.72	1833.27	243.5	1.9342,3.7539,1.3201,0.0842,0.5007,6.0504,0.2131,0.0264
SC_sym_i	Round_4_Replicate_5	-3578.57	7173.14	5006.82	256.88	0.9451,7.3854,1.3863,0.0332,0.7507,2.3174,0.2831,0.0178
SC_sym_i	Round_4_Replicate_6	-3455.92	6927.84	3292.56	317.24	1.396,3.5557,2.2406,0.0458,0.8239,2.6285,0.2045,0.045
SC_sym_i	Round_4_Replicate_7	-3397.76	6811.52	3171.78	303.11	1.3862,4.7487,3.1607,0.1039,0.4533,1.8963,0.5132,0.0265
SC_sym_i	Round_4_Replicate_8	-3410.33	6836.66	2531.05	398.45	0.8989,3.1912,1.6227,0.0668,0.2625,1.9361,0.4132,0.0277
SC_sym_i	Round_4_Replicate_9	-3546.14	7108.28	3979.69	223.23	2.6293,5.868,2.1263,0.0686,0.3152,2.6106,0.3919,0.0194
SC_sym_i	Round_4_Replicate_10	-4137.67	8291.34	6579.11	270.42	2.4183,3.6177,2.6007,0.0267,0.5634,2.6135,0.191,0.0437
SC_sym_i	Round_4_Replicate_11	-3324.87	6665.74	2099.96	277.58	1.2079,4.1579,1.1255,0.0779,0.8965,3.936,0.4313,0.0151
SC_sym_i	Round_4_Replicate_12	-3264.52	6545.04	1781.26	390.41	0.7113,2.9968,2.1415,0.1196,0.3571,4.6568,0.2867,0.0313
SC_sym_i	Round_4_Replicate_13	-3489.12	6994.24	2962.26	248.84	2.0361,3.8909,1.6789,0.0595,0.9793,4.2298,0.1542,0.0371
SC_sym_i	Round_4_Replicate_14	-3555.74	7127.48	4530.76	258.35	2.0864,4.4699,1.6833,0.039,0.2505,3.0719,0.1428,0.0305
SC_sym_i	Round_4_Replicate_15	-3485.98	6987.96	3688.53	212.08	1.9455,6.7385,1.4552,0.0437,0.3105,3.497,0.4443,0.0338
SC_sym_i	Round_4_Replicate_16	-3238.6	6493.2	2512.07	368.08	1.2305,3.273,2.1605,0.0694,0.3831,1.8768,0.2848,0.0263
SC_sym_i	Round_4_Replicate_17	-3244.28	6504.56	2398.78	300.18	1.5561,3.5907,1.9755,0.1001,0.523,3.2474,0.1876,0.024
SC_sym_i	Round_4_Replicate_18	-3663.56	7343.12	5666.61	193.93	2.3482,7.4794,2.9683,0.0498,0.4469,3.8845,0.3312,0.0131
SC_sym_i	Round_4_Replicate_19	-3392.03	6800.06	3484.52	208.65	1.5869,6.3613,1.8513,0.0327,0.4007,6.5423,0.2347,0.0289
SC_sym_i	Round_4_Replicate_20	-3364.5	6745.0	3057.15	261.34	0.7244,6.779,1.1549,0.0822,0.9636,4.0495,0.137,0.0142
SC_sym_i	Round_4_Replicate_21	-3092.18	6200.36	2559.02	379.58	0.9381,3.4466,1.9561,0.0573,0.4697,2.1888,0.1454,0.0157
SC_sym_i	Round_4_Replicate_22	-3510.47	7036.94	3706.57	250.43	1.6194,5.2049,2.4237,0.0476,0.2795,3.7671,0.3457,0.0452
SC_sym_i	Round_4_Replicate_23	-3415.74	6847.48	3696.87	194.82	1.8332,7.7987,3.2902,0.0909,0.5551,5.1476,0.3343,0.0277
SC_sym_i	Round_4_Replicate_24	-3402.67	6821.34	3267.97	235.97	2.0755,6.1269,1.0125,0.055,0.5229,2.1663,0.3102,0.038
SC_sym_i	Round_4_Replicate_25	-3412.21	6840.42	2863.38	326.53	0.852,4.8645,1.0717,0.1059,0.5749,1.7852,0.3104,0.0291
SC_sym_i	Round_4_Replicate_26	-3466.51	6949.02	4388.33	318.8	0.9082,5.0119,3.325,0.055,0.3185,3.0575,0.3041,0.0236
SC_sym_i	Round_4_Replicate_27	-3316.13	6648.26	2947.15	252.05	1.1208,6.1885,3.408,0.1168,0.563,5.0134,0.3116,0.0297
SC_sym_i	Round_4_Replicate_28	-3486.45	6988.9	3744.35	211.18	1.9786,6.4622,1.3807,0.0357,0.3313,3.6926,0.4694,0.0157
SC_sym_i	Round_4_Replicate_29	-3626.98	7269.96	4986.87	218.7	2.2004,6.6419,2.5862,0.0508,0.3812,2.9014,0.3898,0.0259
SC_sym_i	Round_4_Replicate_30	-3786.1	7588.2	7649.95	193.71	1.6915,8.6357,2.9582,0.0318,0.6151,5.4015,0.2247,0.022
