Model	Replicate	log-likelihood	AIC	chi-squared	theta	optimized_params(nu1, nu2, m, mi, T1, T2, P)
Model	Replicate	log-likelihood	AIC	chi-squared	theta	optimized_params(nu1, nu2, m, mi, T1, T2, P)
Model	Replicate	log-likelihood	AIC	chi-squared	theta	optimized_params(nu1, nu2, m, mi, T1, T2, P)
Model	Replicate	log-likelihood	AIC	chi-squared	theta	optimized_params(nu1, nu2, m, mi, T1, T2, P)
Model	Replicate	log-likelihood	AIC	chi-squared	theta	optimized_params(nu1, nu2, m, mi, T1, T2, P)
Model	Replicate	log-likelihood	AIC	chi-squared	theta	optimized_params(nu1, nu2, m, mi, T1, T2, P)
Model	Replicate	log-likelihood	AIC	chi-squared	theta	optimized_params(nu1, nu2, m, mi, T1, T2, P)
Model	Replicate	log-likelihood	AIC	chi-squared	theta	optimized_params(nu1, nu2, m, mi, T1, T2, P)
Model	Replicate	log-likelihood	AIC	chi-squared	theta	optimized_params(nu1, nu2, m, mi, T1, T2, P)
Model	Replicate	log-likelihood	AIC	chi-squared	theta	optimized_params(nu1, nu2, m, mi, T1, T2, P)
1	Round_1_Replicate_1	-7123.78	14255.56	30166.07	258.71	3.9678,9.1712,0.8118,0.1205
1	Round_1_Replicate_1	-55178.57	110365.14	916016011.64	432.46	4.6012,0.1924,1.578,0.9896
1	Round_1_Replicate_1	-46103.86	92215.72	33950826.83	697.76	3.4648,0.0993,0.4908,0.9896
1	Round_1_Replicate_1	-36841.94	73691.88	1839549278.34	378.34	1.5571,1.0945,6.2359,0.2756
1	Round_1_Replicate_1	-12286.03	24580.06	583475.72	368.66	0.406,7.604,0.8163,0.0963
1	Round_1_Replicate_1	-37195.08	74398.16	47240329.95	767.14	0.1315,1.8538,0.7717,0.9896
1	Round_1_Replicate_1	-29070.04	58148.08	1021334.06	492.15	7.6395,0.8422,0.3901,0.9896
1	Round_1_Replicate_1	-34014.15	68036.3	8789297.56	411.1	0.6098,3.1298,2.1322,0.9896
1	Round_1_Replicate_1	-63451.14	126910.28	85761810217.7	454.61	0.9833,0.8644,6.3136,0.9896
1	Round_1_Replicate_1	-21460.86	42929.72	4018449.74	148.42	12.4305,1.9617,4.8559,0.2117
1	Round_1_Replicate_2	-40498.38	81004.76	11288681.65	274.35	7.786,0.6958,2.1998,0.9896
1	Round_1_Replicate_2	-8785.7	17579.4	44472.83	1939.02	0.0748,0.1845,0.0665,0.1342
1	Round_1_Replicate_2	-24315.69	48639.38	396929.63	455.95	1.4092,3.4126,0.6436,0.9894
1	Round_1_Replicate_2	-10913.54	21835.08	142215.54	100.59	12.7592,15.8777,3.1337,0.2417
1	Round_1_Replicate_2	-20027.52	40063.04	2674099.22	226.7	7.8078,1.236,3.1521,0.0848
1	Round_1_Replicate_2	-38573.77	77155.54	38026784.69	1331.04	0.1673,0.567,0.9096,0.9896
1	Round_1_Replicate_2	-7403.77	14815.54	403926.17	617.32	0.9513,7.9984,0.1505,0.4197
1	Round_1_Replicate_2	-7065.6	14139.2	868596.3	340.2	5.9019,5.2595,0.481,0.1844
1	Round_1_Replicate_2	-9286.68	18581.36	2417864520958598.0	483.97	9.0536,5.6405,0.1835,0.1737
1	Round_1_Replicate_2	-94133.76	188275.52	1925884761903793.2	177.55	7.5318,0.4408,9.4376,0.9896
1	Round_1_Replicate_3	-36926.74	73861.48	1784714612.82	370.56	0.0963,8.1191,0.8856,0.7093
1	Round_1_Replicate_3	-27935.53	55879.06	1015928.48	1634.72	0.261,0.306,0.4654,0.9893
1	Round_1_Replicate_3	-44252.07	88512.14	135646549.16	326.06	1.3368,2.1583,5.7293,0.9896
1	Round_1_Replicate_3	-35579.37	71166.74	3828007.32	1704.97	0.3947,0.1499,0.5117,0.9896
1	Round_1_Replicate_3	-51489.96	102987.92	545269868577.68	1486.65	0.1587,0.2777,1.6921,0.1296
1	Round_1_Replicate_3	-20172.47	40352.94	13232479.2	326.75	0.4952,5.0213,2.2003,0.0797
1	Round_1_Replicate_3	-16592.02	33192.04	1414560.64	1264.5	0.0866,0.8385,0.3017,0.3711
1	Round_1_Replicate_3	-50782.68	101573.36	593411964.95	862.72	0.7799,0.3546,2.289,0.9893
1	Round_1_Replicate_3	-9222.78	18453.56	2637695715.4	772.41	6.2048,1.0857,0.0944,0.4491
1	Round_1_Replicate_4	-8713.2	17434.4	21297.87	982.55	4.1226,0.2076,0.0765,0.0627
1	Round_1_Replicate_4	-29111.36	58230.72	14048409.42	633.37	2.9854,0.1649,0.8454,0.4288
1	Round_1_Replicate_3	-86434.92	172877.84	2662409699763473.5	299.27	0.2076,4.3563,4.652,0.9893
1	Round_1_Replicate_4	-41817.7	83643.4	6563884251.8	1236.76	0.5075,0.1855,1.6515,0.2273
1	Round_1_Replicate_4	-7008.65	14025.3	3502874543.29	501.47	2.3192,9.2188,0.1965,0.1797
1	Round_1_Replicate_4	-49707.37	99422.74	7254688746.89	1069.33	0.8675,0.1311,1.3761,0.8501
1	Round_1_Replicate_4	-25724.78	51457.56	500985.92	338.84	2.4102,4.1054,1.0239,0.9894
1	Round_1_Replicate_4	-35713.15	71434.3	2261950409.49	380.33	0.2742,3.824,2.5396,0.464
1	Round_1_Replicate_5	-27256.89	54521.78	954053.82	1839.92	0.3014,0.0949,0.1324,0.9896
1	Round_1_Replicate_4	-55344.8	110697.6	2295930826.71	670.66	1.3283,0.318,2.6882,0.9893
1	Round_1_Replicate_4	-25117.3	50242.6	4518807.57	291.39	13.995,0.3083,1.1831,0.0746
1	Round_1_Replicate_4	-26278.1	52564.2	28798621.4	536.79	8.3755,1.8454,0.2153,0.9896
1	Round_1_Replicate_6	-42114.17	84236.34	32385461.11	110.66	10.2607,3.5732,11.4252,0.9896
1	Round_1_Replicate_5	-27242.29	54492.58	902021.18	657.72	0.7145,1.4522,1.0297,0.9894
1	Round_1_Replicate_5	-33443.19	66894.38	18067060.56	407.61	0.1592,9.3334,0.5774,0.9896
1	Round_1_Replicate_5	-14733.48	29474.96	1679286.7	189.6	1.0278,12.6715,2.3141,0.094
1	Round_1_Replicate_5	-6650.8	13309.6	38031.41	739.02	0.1964,5.385,0.1501,0.0903
1	Round_1_Replicate_5	-20523.57	41055.14	258356.49	1791.08	0.105,0.2369,0.0832,0.9896
1	Round_1_Replicate_5	-17210.8	34429.6	1581035.42	177.09	8.289,2.5018,4.2209,0.0567
1	Round_1_Replicate_5	-27600.22	55208.44	635709.01	335.92	9.9297,2.4071,0.5865,0.9896
1	Round_1_Replicate_7	-29350.59	58709.18	1887867.75	402.83	0.8448,3.3576,1.6248,0.9896
1	Round_1_Replicate_5	-71703.27	143414.54	-8.966688947158653e+27	186.62	0.0857,9.6286,4.9452,0.9896
1	Round_1_Replicate_5	-71455.7	142919.4	-2.4245098912645718e+22	414.52	0.3442,0.5657,11.1511,0.9896
1	Round_1_Replicate_6	-34075.65	68159.3	3554604.96	1487.92	0.3806,0.2701,0.7348,0.9896
1	Round_1_Replicate_6	-35327.78	70663.56	4090627.86	929.94	3.693,0.0973,0.1366,0.9896
1	Round_1_Replicate_6	-65643.37	131294.74	1458200971104.78	271.61	15.1302,0.0899,1.4062,0.6676
1	Round_1_Replicate_6	-18635.96	37279.92	1465592.64	495.76	0.8694,2.055,1.7023,0.6757
1	Round_1_Replicate_6	-16178.82	32365.64	567088.97	275.47	7.612,1.2122,1.7725,0.2174
1	Round_1_Replicate_6	-10659.35	21326.7	114529.83	1978.25	0.1126,0.2233,0.1456,0.0989
1	Round_1_Replicate_6	-9306.7	18621.4	34524.64	652.96	1.4226,2.6039,0.2053,0.6227
1	Round_1_Replicate_8	-60886.82	121781.64	16003687560.65	1980.88	0.2274,0.1101,1.0029,0.9896
1	Round_1_Replicate_6	-35375.56	70759.12	479896042.57	140.44	11.6958,1.1286,7.7577,0.1093
1	Round_1_Replicate_7	-15279.88	30567.76	456638.36	478.51	0.4858,4.5388,0.6433,0.727
1	Round_1_Replicate_7	-33147.08	66302.16	2120838.16	1335.93	0.6524,0.1806,0.484,0.9896
1	Round_1_Replicate_7	-30929.48	61866.96	309023963.16	675.9	0.7423,0.7151,3.0959,0.093
1	Round_1_Replicate_7	-74636.71	149281.42	1079082022167.8	559.36	2.6295,0.1235,1.9122,0.9896
1	Round_1_Replicate_7	-28094.87	56197.74	1.177248644722418e+16	407.45	6.901,13.6247,0.2234,0.9896
1	Round_1_Replicate_7	-33505.34	67018.68	2371096.04	736.26	2.7309,0.2575,0.4235,0.9896
1	Round_1_Replicate_9	-29986.4	59980.8	1176762.61	85.75	13.8314,17.5448,4.1411,0.9896
1	Round_1_Replicate_7	-23036.53	46081.06	437010.03	816.04	14.1979,0.1113,0.1246,0.8117
1	Round_1_Replicate_7	-59593.58	119195.16	640545578455524.5	1572.58	0.1107,0.1093,2.2866,0.9897
1	Round_1_Replicate_8	-41418.87	82845.74	7731763259.42	2056.48	0.1693,0.1402,0.9837,0.1403
1	Round_1_Replicate_8	-28614.69	57237.38	1696791.96	333.63	0.9224,5.179,1.4777,0.9896
1	Round_1_Replicate_8	-49476.79	98961.58	745196713360.72	193.11	0.3401,8.6644,4.9585,0.2194
1	Round_1_Replicate_8	-63554.69	127117.38	60986909035.46	291.02	2.5153,0.9146,8.6758,0.9896
1	Round_1_Replicate_8	-84288.3	168584.6	6.220239339455088e+16	796.94	0.1232,0.9352,3.0164,0.6901
1	Round_1_Replicate_8	-44504.62	89017.24	5.31834934438102e+16	745.82	0.2346,0.2402,5.8873,0.1328
1	Round_1_Replicate_9	-24267.56	48543.12	1967019.14	484.14	3.121,4.0416,0.2825,0.9896
1	Round_1_Replicate_9	-70198.06	140404.12	36876224157544.47	374.57	5.5779,0.1016,1.9662,0.2996
1	Round_1_Replicate_9	-27365.27	54738.54	848351.07	184.75	3.1917,11.8334,1.7575,0.9893
1	Round_1_Replicate_9	-21133.56	42275.12	1952916.96	279.15	5.5657,1.2551,2.5771,0.5708
1	Round_1_Replicate_9	-44473.19	88954.38	294161503.04	500.87	0.4181,2.0494,2.8104,0.9896
1	Round_1_Replicate_10	-20494.85	40997.7	1316231.32	261.92	14.7052,0.5349,1.3364,0.0761
1	Round_1_Replicate_6	-87149.97	174307.94	-9.183226076737322e+28	206.37	6.9321,0.0723,7.9862,0.9895
1	Round_1_Replicate_10	-22484.46	44976.92	246816.19	555.24	0.8243,11.4341,0.1842,0.9896
1	Round_1_Replicate_9	-65329.48	130666.96	2.5728919924181514e+17	1773.85	0.1309,0.0871,1.8343,0.9896
1	Round_1_Replicate_10	-19347.79	38703.58	2746133.73	2563.5	0.1161,0.1476,0.3328,0.0548
1	Round_1_Replicate_10	-46357.29	92722.58	-1.078568337904589e+21	1267.95	0.1245,0.1945,2.8921,0.1101
1	Round_1_Replicate_10	-21961.16	43930.32	322156.07	1635.79	0.2016,0.2974,0.1643,0.9896
1	Round_1_Replicate_10	-78721.69	157451.38	-4.707577887650682e+29	261.05	0.1509,3.2928,10.5121,0.9894
1	Round_2_Replicate_1	-9438.69	18885.38	32997.11	1537.22	0.2299,0.0437,0.0136,0.1011
1	Round_1_Replicate_7	-36661.02	73330.04	4556013.59	235.18	12.0016,1.0217,1.7875,0.9896
1	Round_2_Replicate_1	-23280.2	46568.4	479778.27	686.05	0.3246,3.5353,0.2552,0.9896
1	Round_2_Replicate_1	-6241.85	12491.7	33938.37	606.72	0.6154,3.3954,0.3412,0.0804
1	Round_2_Replicate_1	-6991.14	13990.28	789786.17	241.37	5.2568,13.0306,0.6965,0.0365
1	Round_2_Replicate_1	-25890.21	51788.42	3439867.07	491.4	6.5862,2.2401,0.272,0.9896
1	Round_2_Replicate_1	-7337.22	14682.44	18847.78	599.33	1.2129,3.0986,0.272,0.4205
1	Round_2_Replicate_2	-7775.53	15559.06	58156.18	1244.18	0.1117,0.8561,0.1231,0.1245
1	Round_1_Replicate_8	-11955.38	23918.76	98281.92	1860.63	0.1658,0.2126,0.1477,0.4336
1	Round_1_Replicate_8	-109829.6	219667.2	-1.4855073376708855e+42	451.03	0.133,0.086,12.5194,0.99
1	Round_2_Replicate_2	-91762.98	183533.96	1880341475139103.2	441.9	1.2192,0.4331,7.5585,0.9896
1	Round_1_Replicate_8	-87563.59	175135.18	-8.7080707614584e+28	168.47	8.7904,0.0869,9.5008,0.9896
1	Round_2_Replicate_2	-10382.81	20773.62	147564.79	74.74	19.8,19.8,4.2408,0.014
1	Round_2_Replicate_2	-14118.27	28244.54	5479771524313005.0	564.25	3.1419,13.5855,0.1277,0.6787
1	Round_2_Replicate_3	-5661.04	11330.08	9077.06	1276.44	0.3047,0.4495,0.0459,0.2671
1	Round_2_Replicate_2	-12763.52	25535.04	277852.28	195.37	2.0214,14.6892,1.4791,0.5114
1	Round_2_Replicate_2	-15165.89	30339.78	645303088486.78	1021.22	3.3848,0.559,0.0372,0.8047
1	Round_1_Replicate_10	-99259.68	198527.36	6.807762886824544e+24	165.26	0.1432,10.214,6.2762,0.9897
1	Round_2_Replicate_3	-9602.36	19212.72	140567.6	140.11	14.8758,13.1456,1.5101,0.255
1	Round_1_Replicate_9	-52984.0	105976.0	10521630218.39	166.87	0.4993,10.9881,4.8689,0.9896
1	Round_2_Replicate_3	-9748.97	19505.94	180753.98	645.97	0.4109,2.4851,0.5361,0.1639
1	Round_1_Replicate_9	-32075.28	64158.56	3472992.95	100.93	4.9167,15.1459,6.0884,0.9896
1	Round_1_Replicate_9	-22972.13	45952.26	368704.05	674.64	0.5195,2.6164,0.3367,0.9893
1	Round_2_Replicate_4	-7630.1	15268.2	17455.88	1845.87	0.0213,0.0437,0.007,0.2767
1	Round_2_Replicate_3	-10678.31	21364.62	70534585496930.16	809.82	12.9339,1.2163,0.0678,0.4643
1	Round_2_Replicate_3	-7214.54	14437.08	1216683990665.28	1023.05	3.7258,0.5636,0.0354,0.0591
1	Round_2_Replicate_1	-31843.15	63694.3	2409948.33	282.59	2.2899,3.0827,3.2992,0.9896
1	Round_2_Replicate_4	-16139.98	32287.96	2623432.16	268.53	0.5886,8.3066,1.725,0.1588
1	Round_1_Replicate_10	-34444.02	68896.04	54019347.91	506.0	6.6299,0.0982,0.6483,0.3153
1	Round_2_Replicate_5	-10119.4	20246.8	34878.34	1483.3	0.4392,0.0614,0.0308,0.0258
1	Round_2_Replicate_3	-82039.65	164087.3	3.9376001661964445e+23	111.52	0.1568,19.4339,6.5121,0.0677
1	Round_2_Replicate_4	-26052.22	52112.44	556503.47	566.14	3.9839,1.2015,0.3246,0.9896
1	Round_1_Replicate_10	-5129.04	10266.08	14146.19	961.32	0.2525,1.7846,0.1154,0.1198
1	Round_1_Replicate_10	-15957.05	31922.1	793284.47	692.25	1.1172,0.8175,1.2362,0.3438
1	Round_2_Replicate_4	-6207.6	12423.2	26239.51	502.2	1.8213,4.4604,0.3027,0.2381
1	Round_2_Replicate_5	-11233.58	22475.16	321084.3	88.85	9.6631,17.7027,4.726,0.0194
1	Round_2_Replicate_4	-24941.76	49891.52	742733.18	1216.73	0.973,0.2079,0.0391,0.9896
1	Round_2_Replicate_2	-4865.84	9739.68	20538.05	547.85	1.8378,3.35,0.2801,0.0324
1	Round_2_Replicate_6	-4303.52	8615.04	5152.41	1391.76	0.0855,0.3968,0.0222,0.0799
1	Round_2_Replicate_4	-13845.43	27698.86	886635.09	92.0	6.9001,16.2816,5.8968,0.1917
1	Round_2_Replicate_5	-19282.58	38573.16	2683289.05	232.22	5.0473,2.0271,4.0207,0.2856
1	Round_2_Replicate_1	-47471.15	94950.3	355785883612.91	659.44	0.0438,2.8203,0.6846,0.029
1	Round_2_Replicate_1	-6962.1	13932.2	23657.53	508.09	1.287,4.0065,0.3795,0.3033
1	Round_2_Replicate_5	-10841.54	21691.08	6.040760162413026e+19	489.51	6.1973,17.7027,0.1515,0.0418
1	Round_2_Replicate_1	-9719.16	19446.32	1232293094968.22	504.22	2.9099,10.8135,0.1759,0.4153
1	Round_2_Replicate_6	-9134.05	18276.1	5131987.88	163.27	11.6818,15.8276,1.0941,0.2182
1	Round_2_Replicate_5	-17023.66	34055.32	5.23332182200996e+21	520.38	17.7027,7.643,0.1366,0.6655
1	Round_2_Replicate_3	-8828.75	17665.5	265391.52	453.16	1.7943,8.8026,0.2759,0.5031
1	Round_2_Replicate_7	-5969.89	11947.78	9987.81	1531.94	0.1609,0.1315,0.0206,0.1072
1	Round_2_Replicate_6	-45904.2	91816.4	581436450.74	687.42	0.248,1.4822,1.9293,0.9896
1	Round_2_Replicate_6	-10864.17	21736.34	2.8136765965496294e+20	881.31	1.384,17.7027,0.0379,0.2155
1	Round_2_Replicate_7	-9076.87	18161.74	1.4810186268255144e+16	450.62	11.5345,6.4147,0.1998,0.0475
1	Round_2_Replicate_5	-5811.11	11630.22	17162.87	397.58	2.8042,4.4794,0.501,0.0596
1	Round_2_Replicate_2	-9024.46	18056.92	53635.61	485.55	0.5382,10.2003,0.2947,0.4283
1	Round_2_Replicate_2	-4333.46	8674.92	11721.42	1044.63	0.4371,1.1137,0.0739,0.122
1	Round_2_Replicate_2	-31801.36	63610.72	1.0682495670598566e+27	791.23	11.242,6.6952,0.0493,0.9896
1	Round_2_Replicate_6	-29983.32	59974.64	3.464509056673966e+23	1026.32	14.4882,1.1234,0.0206,0.9896
1	Round_2_Replicate_8	-25901.18	51810.36	74077558.38	1314.01	0.0681,0.761,0.4946,0.0803
1	Round_2_Replicate_4	-8586.19	17180.38	100065.17	200.41	2.3802,14.6892,1.3147,0.0211
1	Round_2_Replicate_8	-13309.9	26627.8	1006578.89	270.99	0.8318,7.6158,1.7184,0.0581
1	Round_2_Replicate_7	-9696.1	19400.2	1.7215146462112127e+19	709.43	2.3578,17.7027,0.0725,0.0491
1	Round_2_Replicate_6	-11342.08	22692.16	402986.81	269.84	0.6414,13.1099,0.9893,0.0149
1	Round_2_Replicate_7	-30062.71	60133.42	3559603.81	494.55	0.3458,3.6259,0.9395,0.9896
1	Round_2_Replicate_3	-27707.95	55423.9	5256660892621.36	293.83	8.2734,15.6745,0.3897,0.9894
1	Round_2_Replicate_3	-8002.05	16012.1	78598.71	1039.73	0.14,1.3751,0.1722,0.0879
1	Round_2_Replicate_3	-18964.59	37937.18	556183.24	1100.53	0.726,0.3588,0.6165,0.7134
1	Round_2_Replicate_7	-7046.92	14101.84	151184845.41	786.35	10.7871,0.8204,0.0891,0.1396
1	Round_2_Replicate_9	-9675.57	19359.14	65392.95	1986.65	0.1417,0.1679,0.1179,0.0131
1	Round_2_Replicate_5	-29303.69	58615.38	2.1552072904813258e+20	701.31	17.3397,3.1267,0.0798,0.9894
1	Round_2_Replicate_9	-9481.04	18970.08	10878860560029.99	211.45	19.8906,14.6892,0.604,0.0409
1	Round_2_Replicate_7	-9309.44	18626.88	70854.56	830.97	0.3713,1.7368,0.279,0.4576
1	Round_2_Replicate_8	-8225.74	16459.48	30347.68	543.19	2.4879,1.6401,0.4494,0.3244
1	Round_2_Replicate_4	-4573.5	9155.0	10825.53	815.86	0.6035,1.7895,0.192,0.0216
1	Round_2_Replicate_4	-26296.92	52601.84	1066299157.0	685.42	8.5009,1.2498,0.1245,0.9896
1	Round_2_Replicate_4	-10521.84	21051.68	68559.25	1058.51	0.0562,3.2755,0.0468,0.6127
1	Round_2_Replicate_10	-18561.34	37130.68	1073051.12	3617.59	0.0236,0.0556,0.0754,0.0463
1	Round_2_Replicate_10	-7305.65	14619.3	205232.49	202.55	6.1454,14.6892,0.9071,0.0282
1	Round_2_Replicate_8	-8029.04	16066.08	258818041.31	1147.77	3.9957,0.2125,0.0224,0.1535
1	Round_2_Replicate_6	-5671.99	11351.98	2989625.94	594.17	0.905,15.8276,0.1412,0.1107
1	Round_2_Replicate_8	-16446.23	32900.46	2051006.17	582.25	0.3342,2.4955,1.0233,0.3126
1	Round_2_Replicate_5	-4414.07	8836.14	905469.31	1012.86	0.1761,17.7027,0.0306,0.0928
1	Round_2_Replicate_9	-24680.8	49369.6	1523512399438778.2	868.57	0.9512,11.4797,0.045,0.9896
1	Round_2_Replicate_5	-11818.75	23645.5	486624.13	709.44	0.3968,1.7325,0.7828,0.0171
1	Round_2_Replicate_5	-8563.93	17135.86	24782.76	431.93	5.0143,2.3104,0.4424,0.3839
1	Round_3_Replicate_1	-7201.84	14411.68	3291758.59	214.13	8.1668,11.9634,0.8066,0.0097
1	Round_2_Replicate_9	-19264.12	38536.24	236683.67	628.57	17.7027,0.2242,0.214,0.6914
1	Round_2_Replicate_7	-12757.2	25522.4	90172.16	377.66	14.6892,0.7964,0.5479,0.2664
1	Round_3_Replicate_1	-4082.58	8173.16	6194.61	1256.93	0.2856,0.5177,0.0467,0.029
1	Round_2_Replicate_8	-58653.81	117315.62	-1.3106026347040385e+29	223.03	0.2392,3.5892,13.2178,0.2899
1	Round_2_Replicate_6	-6233.44	12474.88	55310.05	330.8	2.193,13.3533,0.453,0.023
1	Round_2_Replicate_9	-11212.89	22433.78	327623.16	286.44	0.5334,15.8276,0.7711,0.0545
1	Round_2_Replicate_6	-5088.08	10184.16	10102.9	750.83	1.3696,1.2596,0.2363,0.0258
1	Round_2_Replicate_10	-5628.1	11264.2	38201881.39	612.07	4.1421,2.0418,0.1774,0.0419
1	Round_2_Replicate_6	-5291.44	10590.88	9011771.27	855.69	1.0583,1.7546,0.094,0.1777
1	Round_2_Replicate_10	-12346.39	24700.78	1.2596432275696575e+21	975.39	1.3325,4.083,0.0269,0.3899
1	Round_2_Replicate_8	-5185.17	10378.34	122728.69	505.88	1.5317,6.3086,0.2549,0.054
1	Round_2_Replicate_9	-32462.12	64932.24	1123682169.19	141.38	1.2387,9.2517,9.0568,0.2132
1	Round_3_Replicate_2	-7306.92	14621.84	1278656141.16	300.36	13.0349,6.0682,0.4584,0.0365
1	Round_3_Replicate_2	-4191.6	8391.2	23849.33	1322.61	0.1942,0.4103,0.028,0.0504
1	Round_2_Replicate_7	-23303.6	46615.2	5.733865114926542e+30	748.49	19.8,19.8,0.0526,0.7717
1	Round_2_Replicate_7	-4955.63	9919.26	18453428204.92	1021.42	0.3077,5.8809,0.0288,0.0223
1	Round_2_Replicate_7	-16642.77	33293.54	684611.97	1166.61	0.6695,0.3163,0.6422,0.308
1	Round_2_Replicate_9	-11920.6	23849.2	2835443531221148.0	452.46	6.9997,8.325,0.2004,0.4808
1	Round_3_Replicate_1	-6610.05	13228.1	17115.21	657.93	2.6552,0.9401,0.3059,0.0172
1	Round_3_Replicate_1	-7124.34	14256.68	14098.84	619.93	7.0816,0.8774,0.2054,0.1083
1	Round_2_Replicate_8	-14924.63	29857.26	3.393996464052896e+26	502.97	19.8,19.0632,0.1295,0.1114
1	Round_3_Replicate_3	-6930.2	13868.4	2939905656.48	412.78	7.9396,4.3959,0.2956,0.085
1	Round_2_Replicate_10	-103392.22	206792.44	1.5213188586480203e+26	226.32	0.4717,1.9517,18.2544,0.0402
1	Round_3_Replicate_3	-3888.13	7784.26	6528.19	1124.93	0.1489,1.5824,0.0378,0.0587
1	Round_2_Replicate_8	-5645.59	11299.18	17648.95	433.23	1.2827,9.0205,0.3377,0.0432
1	Round_2_Replicate_8	-8398.56	16805.12	3107327497488190.5	819.74	1.5091,4.8465,0.0596,0.2019
1	Round_2_Replicate_10	-9008.5	18025.0	114358097896.57	206.99	15.8276,13.934,0.6684,0.088
1	Round_2_Replicate_9	-10148.38	20304.76	933328296104.01	169.29	19.8,19.8,0.8126,0.1299
1	Round_3_Replicate_4	-7516.7	15041.4	98421.16	199.78	7.1723,11.9634,0.9877,0.0794
1	Round_3_Replicate_4	-4969.47	9946.94	7010.85	1332.87	0.0725,0.5713,0.0225,0.2014
1	Round_3_Replicate_2	-8572.57	17153.14	1.7222393490845092e+16	540.03	11.2057,4.349,0.1487,0.0086
1	Round_3_Replicate_2	-6805.88	13619.76	2999742.99	859.11	10.9998,0.5389,0.0747,0.0727
1	Round_2_Replicate_9	-14422.47	28852.94	897739.57	611.68	0.0612,14.171,0.1887,0.0678
1	Round_3_Replicate_1	-6810.63	13629.26	14843827582.9	489.06	2.8487,8.0458,0.2069,0.1132
1	Round_2_Replicate_9	-4931.06	9870.12	9708527.46	631.23	1.7386,3.4899,0.1699,0.0409
1	Round_2_Replicate_10	-11404.11	22816.22	137846.37	420.42	1.5618,3.1953,0.8977,0.5263
1	Round_3_Replicate_1	-6188.03	12384.06	18757.72	702.5	4.2649,0.9169,0.1665,0.0821
1	Round_3_Replicate_5	-6069.71	12147.42	46368670.55	461.41	5.7276,3.3858,0.2785,0.0492
1	Round_3_Replicate_5	-4232.34	8472.68	71198.14	1277.22	0.0303,0.9058,0.0061,0.0762
1	Round_2_Replicate_10	-4587.67	9183.34	6336.44	1250.92	0.3692,0.4727,0.0734,0.0231
1	Round_3_Replicate_3	-9936.76	19881.52	2817911.5	979.85	14.7579,0.331,0.0482,0.4377
1	Round_2_Replicate_10	-5563.79	11135.58	12393.53	623.49	1.5157,2.1493,0.2896,0.1446
1	Round_3_Replicate_3	-8306.15	16620.3	32295.31	340.0	9.3931,1.8326,0.6654,0.0227
1	Round_3_Replicate_2	-5711.85	11431.7	5742378.79	505.43	4.6596,2.7976,0.2578,0.0435
1	Round_3_Replicate_1	-7530.49	15068.98	40219.15	185.68	7.3129,9.6155,1.3441,0.0121
1	Round_3_Replicate_2	-7000.66	14009.32	38416.89	362.3	1.2999,8.436,0.5588,0.1145
1	Round_3_Replicate_4	-8479.46	16966.92	1508004771341848.8	634.88	17.7027,2.4243,0.1121,0.0897
1	Round_3_Replicate_1	-6586.78	13181.56	21965385598244.75	950.0	0.5077,17.7027,0.0333,0.087
1	Round_3_Replicate_6	-5982.93	11973.86	33719893.16	450.24	2.121,10.3264,0.2512,0.0524
1	Round_3_Replicate_6	-4020.6	8049.2	100872.59	1310.58	0.0436,0.5297,0.0082,0.0457
1	Round_3_Replicate_1	-3969.63	7947.26	4960.0	1195.43	0.2652,0.7331,0.0566,0.0427
1	Round_3_Replicate_4	-7795.54	15599.08	639460309161268.0	643.93	3.5251,4.6229,0.1123,0.075
1	Round_3_Replicate_3	-7218.17	14444.34	28169425547.68	374.42	7.9339,6.1292,0.3243,0.0597
1	Round_2_Replicate_10	-83029.14	166066.28	-2.2981694013965923e+36	437.85	0.1204,0.6239,10.8974,0.708
1	Round_3_Replicate_2	-5078.68	10165.36	405348.13	561.09	0.9324,11.9634,0.1723,0.012
1	Round_3_Replicate_2	-4824.31	9656.62	37907.74	1063.93	0.1171,14.7579,0.025,0.1931
1	Round_3_Replicate_7	-8923.46	17854.92	175148.48	105.58	18.428,19.2535,2.0448,0.03
1	Round_3_Replicate_3	-4499.85	9007.7	27601.01	606.44	1.4072,3.3165,0.2253,0.0076
1	Round_3_Replicate_5	-8053.45	16114.9	20878.31	734.55	3.6683,0.5163,0.2097,0.0751
1	Round_3_Replicate_7	-4887.05	9782.1	69106.43	1456.76	0.0997,0.1628,0.0118,0.078
1	Round_3_Replicate_5	-5018.76	10045.52	14925.65	536.76	1.8328,3.3712,0.3,0.0519
1	Round_3_Replicate_2	-3941.57	7891.14	6559.46	1200.74	0.1788,0.8819,0.039,0.0721
1	Round_3_Replicate_4	-7094.39	14196.78	30709.57	231.59	6.2918,7.1864,1.0208,0.0362
1	Round_3_Replicate_3	-7615.88	15239.76	57539.02	272.59	1.6895,11.9634,0.8159,0.0468
1	Round_3_Replicate_1	-8388.44	16784.88	72624.9	931.77	0.1732,1.8404,0.1784,0.2692
1	Round_3_Replicate_3	-4211.09	8430.18	960295.06	1137.33	0.0848,17.4755,0.0149,0.0654
1	Round_3_Replicate_8	-7514.81	15037.62	53539.51	280.2	1.6355,11.9634,0.7707,0.0496
1	Round_3_Replicate_4	-6138.27	12284.54	23696.6	331.26	3.3161,6.6251,0.5799,0.0595
1	Round_3_Replicate_6	-8984.71	17977.42	151217661060.47	861.7	3.542,1.0975,0.069,0.4147
1	Round_3_Replicate_8	-4371.21	8750.42	17129.27	1029.89	0.3491,1.472,0.0644,0.1473
1	Round_3_Replicate_6	-7061.13	14130.26	44425.59	466.31	1.658,2.8263,0.6622,0.0763
1	Round_3_Replicate_3	-3944.38	7896.76	5491.14	1239.48	0.1354,0.8045,0.0323,0.0661
1	Round_3_Replicate_5	-8203.75	16415.5	65343.98	346.6	3.5226,2.7725,1.0459,0.0181
1	Round_3_Replicate_4	-9215.91	18439.82	161741.9	204.21	2.3921,10.8627,1.6632,0.0068
1	Round_3_Replicate_2	-11214.74	22437.48	153226.69	353.41	1.3242,5.5809,0.8966,0.5054
1	Round_3_Replicate_4	-8665.14	17338.28	1.467231369754999e+18	1016.22	0.6473,6.4399,0.0227,0.0906
1	Round_3_Replicate_9	-6864.31	13736.62	38599.18	366.01	1.4726,6.8793,0.6135,0.0981
1	Round_3_Replicate_7	-10479.56	20967.12	17668153.87	1022.18	14.7579,0.3025,0.0395,0.4835
1	Round_3_Replicate_5	-4667.93	9343.86	156062.24	738.23	1.8082,1.5947,0.1563,0.0258
1	Round_3_Replicate_9	-4041.9	8091.8	10687.67	1324.54	0.093,0.5074,0.0189,0.0707
1	Round_3_Replicate_7	-5744.15	11496.3	3605828.69	660.4	4.9196,1.3708,0.1579,0.0397
1	Round_3_Replicate_4	-3963.39	7934.78	9931.48	1273.14	0.169,0.5994,0.0316,0.0584
1	Round_3_Replicate_6	-4486.13	8980.26	80918.66	681.07	0.7977,4.8191,0.1458,0.0431
1	Round_3_Replicate_5	-11031.47	22070.94	356358.05	299.25	0.6034,10.9998,0.9063,0.0385
1	Round_3_Replicate_5	-4106.68	8221.36	137833.1	855.81	0.3482,6.4197,0.0695,0.0219
1	Round_3_Replicate_3	-14574.61	29157.22	625162.94	606.69	1.6679,0.7615,1.2592,0.0327
1	Round_3_Replicate_10	-10681.76	21371.52	307655.79	216.21	1.582,10.9998,1.6557,0.0828
1	Round_3_Replicate_8	-6520.03	13048.06	59309.85	820.41	4.9179,0.609,0.104,0.0897
1	Round_3_Replicate_6	-7492.11	14992.22	29984.72	418.85	4.7227,1.7468,0.614,0.013
1	Round_3_Replicate_10	-4653.98	9315.96	41079.32	1290.51	0.0448,0.6795,0.0088,0.1699
1	Round_3_Replicate_8	-6740.42	13488.84	175342460.36	339.28	9.2669,5.2319,0.4121,0.0305
1	Round_3_Replicate_5	-4880.68	9769.36	6545.95	1224.92	0.3936,0.5007,0.0676,0.1122
1	Round_3_Replicate_6	-5254.61	10517.22	48852.14	433.37	2.379,5.396,0.3671,0.0114
1	Round_3_Replicate_7	-5232.06	10472.12	9047840.92	523.79	2.2082,4.9839,0.229,0.0274
1	Round_3_Replicate_6	-3946.96	7901.92	80803.92	1096.78	0.1075,6.27,0.0228,0.0389
1	Round_4_Replicate_1	-8427.63	16863.26	1140237552984870.2	508.68	3.4477,14.4608,0.1573,0.0448
1	Round_3_Replicate_4	-6480.89	12969.78	30793.63	726.13	0.319,3.6957,0.1925,0.1814
1	Round_3_Replicate_9	-5799.65	11607.3	130354.27	575.44	5.0724,1.5982,0.2258,0.0436
1	Round_3_Replicate_7	-4250.81	8509.62	7342.58	833.72	0.6538,1.7916,0.1553,0.0366
1	Round_4_Replicate_1	-3951.14	7910.28	31125.79	1073.79	0.1964,2.0268,0.04,0.0746
1	Round_3_Replicate_9	-5736.2	11480.4	17646638.18	571.42	5.4999,2.0066,0.1991,0.0206
1	Round_3_Replicate_6	-6162.78	12333.56	64028005.78	1119.79	1.188,0.4113,0.037,0.1038
1	Round_3_Replicate_7	-6503.72	13015.44	27390.23	345.12	2.7185,5.1788,0.696,0.0737
1	Round_3_Replicate_7	-5644.63	11297.26	18800.95	938.41	0.0831,14.7579,0.0518,0.0451
1	Round_3_Replicate_8	-7222.17	14452.34	63482.76	449.93	1.0823,3.9453,0.6664,0.028
1	Round_4_Replicate_2	-5719.51	11447.02	20868.12	381.88	2.1081,7.4053,0.4454,0.0371
1	Round_3_Replicate_5	-4523.56	9055.12	9971.17	946.96	0.2729,1.9494,0.106,0.0619
1	Round_3_Replicate_10	-6405.4	12818.8	147969689.77	486.5	10.9998,2.3659,0.2341,0.0225
1	Round_4_Replicate_2	-3707.74	7423.48	34403.72	1109.15	0.165,1.8258,0.0343,0.0257
1	Round_3_Replicate_8	-5122.19	10252.38	171763.53	566.25	2.3431,2.8882,0.2445,0.0647
1	Round_3_Replicate_10	-6346.53	12701.06	11960.82	777.09	4.6343,0.6144,0.1325,0.0189
1	Round_3_Replicate_8	-9353.58	18715.16	1.9174599996510176e+16	408.1	6.1054,16.2769,0.2199,0.0096
1	Round_3_Replicate_7	-8019.71	16047.42	32522636568.79	810.76	1.6468,2.1773,0.0842,0.399
1	Round_3_Replicate_8	-4612.65	9233.3	9340.8	801.56	0.2397,14.7579,0.0791,0.0251
1	Round_3_Replicate_9	-5276.35	10560.7	263307.16	694.29	3.426,1.2722,0.1619,0.009
1	Round_4_Replicate_3	-6852.75	13713.5	6345054644.43	405.34	3.0976,13.3807,0.2667,0.037
1	Round_4_Replicate_1	-5308.24	10624.48	143470.07	506.46	3.6185,2.7095,0.2939,0.0179
1	Round_3_Replicate_6	-7469.65	14947.3	60217.19	638.59	0.292,4.8086,0.2512,0.1267
1	Round_4_Replicate_3	-3751.37	7510.74	11065.09	1211.63	0.1779,0.8333,0.0354,0.0346
1	Round_3_Replicate_9	-6235.58	12479.16	11618586768.07	589.39	1.719,8.5642,0.1433,0.0837
1	Round_3_Replicate_9	-3942.8	7893.6	107265.72	1102.26	0.0918,18.9001,0.0197,0.0243
1	Round_3_Replicate_9	-10267.65	20543.3	284411.96	294.91	1.3532,6.0057,1.4828,0.0316
1	Round_4_Replicate_1	-4976.71	9961.42	10743.41	616.34	1.6334,2.3636,0.261,0.071
1	Round_3_Replicate_8	-4390.51	8789.02	15143.17	867.24	0.6529,1.8726,0.1134,0.1095
1	Round_3_Replicate_10	-11591.54	23191.08	147005.67	312.28	6.8706,1.484,1.2118,0.0385
1	Round_4_Replicate_4	-5377.46	10762.92	1308263.53	466.89	1.9739,7.2501,0.2712,0.0274
1	Round_4_Replicate_2	-5841.18	11690.36	256424.14	757.19	4.2086,0.8921,0.1272,0.0474
1	Round_3_Replicate_7	-24906.69	49821.38	37591567.74	925.2	0.3512,0.7819,1.6273,0.215
1	Round_4_Replicate_4	-3857.83	7723.66	5183.57	1144.87	0.1588,1.2496,0.0453,0.0363
1	Round_3_Replicate_10	-5833.22	11674.44	7618390.7	693.62	0.6755,17.7027,0.0982,0.182
1	Round_3_Replicate_10	-8534.3	17076.6	105121.06	296.83	0.995,11.9634,0.7693,0.0314
1	Round_3_Replicate_10	-4784.24	9576.48	17078.39	620.95	2.0984,2.0729,0.2399,0.0133
1	Round_4_Replicate_2	-5614.4	11236.8	15946.57	438.77	2.2861,3.9339,0.4595,0.0518
1	Round_3_Replicate_9	-5862.25	11732.5	19132.17	866.91	0.4259,1.7177,0.1852,0.1957
1	Round_4_Replicate_1	-4202.36	8412.72	217001.21	735.88	0.7876,3.7455,0.1272,0.0139
1	Round_4_Replicate_5	-5484.84	10977.68	104009.05	412.23	2.891,5.4084,0.3877,0.0287
1	Round_4_Replicate_3	-5810.15	11628.3	11359.08	635.97	3.1013,1.3119,0.2378,0.0788
1	Round_3_Replicate_8	-10233.21	20474.42	103960.81	837.13	0.4943,1.3129,0.4065,0.4394
1	Round_4_Replicate_1	-6338.62	12685.24	77331717931.23	588.74	1.4887,17.7027,0.1281,0.0158
1	Round_4_Replicate_5	-3954.64	7917.28	12631.71	1190.57	0.1817,0.9344,0.036,0.0792
1	Round_4_Replicate_1	-3899.03	7806.06	264195.11	1086.26	0.1109,11.2088,0.0222,0.0149
1	Round_4_Replicate_1	-4238.39	8484.78	14787.78	711.75	0.9754,2.6547,0.1736,0.0194
1	Round_3_Replicate_10	-5372.98	10753.96	21047.41	801.17	0.2592,3.3068,0.1495,0.0278
1	Round_4_Replicate_3	-5864.1	11736.2	19102.46	462.09	1.8736,3.6474,0.4671,0.0853
1	Round_4_Replicate_2	-4677.36	9362.72	118381.33	620.21	1.4802,3.3001,0.2027,0.0443
1	Round_4_Replicate_6	-5175.17	10358.34	3078393.37	538.83	1.7883,5.4366,0.2175,0.0458
1	Round_4_Replicate_4	-6219.33	12446.66	13313.83	623.95	3.1572,1.0919,0.2892,0.0197
1	Round_3_Replicate_9	-7362.27	14732.54	66212.56	587.02	0.3842,4.5209,0.3339,0.0615
1	Round_4_Replicate_2	-4649.41	9306.82	623131.0	602.09	1.1625,5.6179,0.1776,0.0041
1	Round_4_Replicate_6	-3930.77	7869.54	6070.68	1148.08	0.1208,1.5763,0.0322,0.06
1	Round_4_Replicate_2	-3907.2	7822.4	29008.66	1081.7	0.0941,15.5524,0.0232,0.0119
1	Round_4_Replicate_2	-4907.7	9823.4	13506.61	703.3	0.6362,2.7925,0.2229,0.0533
1	Round_4_Replicate_1	-4279.34	8566.68	6932.18	1268.87	0.1878,0.5965,0.0363,0.112
1	Round_4_Replicate_3	-5416.83	10841.66	15601.38	607.27	0.4802,8.0035,0.1871,0.062
1	Round_4_Replicate_4	-5853.02	11714.04	15713.55	543.84	2.2449,2.0298,0.397,0.0658
1	Round_4_Replicate_7	-5539.11	11086.22	18668.03	470.84	1.0994,6.0323,0.3656,0.0324
1	Round_3_Replicate_10	-6137.58	12283.16	12419.76	1063.42	0.4595,0.8543,0.1207,0.3019
1	Round_4_Replicate_5	-5998.51	12005.02	22903232.37	539.66	5.8899,2.2434,0.2178,0.0561
1	Round_4_Replicate_3	-3987.28	7982.56	128358.16	1061.86	0.1203,14.6298,0.0252,0.0325
1	Round_4_Replicate_3	-4740.04	9488.08	11595.03	597.08	0.7547,5.4173,0.2159,0.0099
1	Round_4_Replicate_7	-3706.98	7421.96	16786.01	1077.28	0.1994,1.823,0.0435,0.0272
1	Round_4_Replicate_3	-4115.48	8238.96	10508.75	907.39	0.8273,1.2353,0.1177,0.0199
1	Round_4_Replicate_4	-4304.92	8617.84	147906.41	788.82	0.44,7.2516,0.0865,0.0306
1	Round_4_Replicate_5	-5926.37	11860.74	3795551586.56	523.35	3.1549,5.0058,0.202,0.0222
1	Round_4_Replicate_2	-4110.93	8229.86	5426.52	1197.34	0.1389,1.0148,0.0361,0.0978
1	Round_4_Replicate_8	-5859.9	11727.8	234595586.5	489.93	2.3403,7.522,0.2231,0.0442
1	Round_4_Replicate_1	-3862.0	7732.0	65340.5	925.03	0.4603,2.153,0.0795,0.0296
1	Round_4_Replicate_4	-3914.47	7836.94	133557.06	1049.65	0.1263,14.6892,0.0269,0.0138
1	Round_4_Replicate_6	-5355.0	10718.0	1084374.76	769.61	3.0131,1.0792,0.1254,0.0312
1	Round_4_Replicate_4	-4898.19	9804.38	28889.15	603.54	0.6634,10.8917,0.1581,0.0199
1	Round_4_Replicate_8	-4209.06	8426.12	5826.36	1127.79	0.1459,1.4745,0.0427,0.1039
1	Round_4_Replicate_4	-4395.42	8798.84	564024.44	711.09	0.9908,3.5017,0.1386,0.031
1	Round_4_Replicate_5	-4895.13	9798.26	145556216.44	687.09	1.2252,4.6693,0.1236,0.0155
1	Round_4_Replicate_3	-4091.45	8190.9	11817.32	1323.5	0.1225,0.4852,0.0229,0.0745
1	Round_4_Replicate_6	-5025.91	10059.82	19451.25	567.97	2.1631,2.6088,0.274,0.0505
1	Round_4_Replicate_5	-3969.54	7947.08	226365.18	1120.01	0.0864,17.97,0.0174,0.0282
1	Round_4_Replicate_2	-3886.69	7781.38	25038.9	1001.2	0.5313,1.2121,0.0804,0.0267
1	Round_4_Replicate_9	-5352.72	10713.44	19695442.39	584.69	1.2272,8.8629,0.1582,0.0551
1	Round_4_Replicate_5	-4888.23	9784.46	502499.99	524.78	1.8342,4.9623,0.2454,0.0029
1	Round_4_Replicate_7	-5510.63	11029.26	729038.12	581.68	4.5689,1.8102,0.2141,0.0184
1	Round_4_Replicate_9	-3771.84	7551.68	12418.4	1157.29	0.1942,1.0945,0.0397,0.0458
1	Round_4_Replicate_5	-4268.42	8544.84	72482.77	808.59	0.937,1.9534,0.1273,0.0509
1	Round_4_Replicate_6	-4504.12	9016.24	9112.35	693.23	0.9201,2.4986,0.2163,0.0316
1	Round_4_Replicate_7	-6230.82	12469.64	19004409020.62	537.24	3.6691,4.387,0.1896,0.0425
1	Round_4_Replicate_6	-3983.37	7974.74	1540011.0	1052.69	0.1422,17.4369,0.0252,0.0113
1	Round_4_Replicate_4	-4173.29	8354.58	28624.18	1231.13	0.2241,0.6599,0.0355,0.0934
1	Round_4_Replicate_10	-6066.73	12141.46	21144.34	398.12	1.2072,10.5483,0.39,0.0424
1	Round_4_Replicate_3	-4195.95	8399.9	6370.52	997.99	0.4736,1.1362,0.1132,0.0426
1	Round_4_Replicate_6	-4979.42	9966.84	6602190.09	623.89	0.9197,10.3566,0.1361,0.0162
1	Round_4_Replicate_8	-5187.11	10382.22	135631.15	703.2	2.7463,1.3584,0.1672,0.0387
1	Round_4_Replicate_10	-4157.01	8322.02	56126.04	1009.51	0.2357,2.9101,0.0463,0.0988
1	Round_4_Replicate_6	-4180.65	8369.3	22199.34	739.82	0.8567,2.7495,0.1515,0.0257
1	Round_4_Replicate_7	-3956.08	7920.16	11348.79	833.36	0.5755,2.408,0.1179,0.0209
1	Round_4_Replicate_7	-3899.57	7807.14	185007.72	1116.12	0.0862,18.3759,0.0179,0.0131
1	Round_4_Replicate_5	-3879.55	7767.1	18321.26	1138.52	0.1874,1.2809,0.0378,0.0684
1	Round_4_Replicate_8	-6045.7	12099.4	29931.86	523.86	1.047,3.4319,0.4523,0.0437
1	Round_4_Replicate_4	-3707.31	7422.62	7808.78	1090.38	0.2253,1.4218,0.0512,0.0282
1	Round_4_Replicate_7	-5164.65	10337.3	24372.05	509.73	1.0111,9.186,0.236,0.0203
1	Round_4_Replicate_9	-5925.76	11859.52	9706634.4	647.51	5.8395,1.402,0.1568,0.0452
1	Round_4_Replicate_8	-3922.42	7852.84	52812.28	1134.03	0.0708,17.7027,0.0163,0.0189
1	Round_4_Replicate_7	-3818.13	7644.26	35879.81	926.45	0.5028,1.878,0.0866,0.0205
1	Round_4_Replicate_8	-4638.94	9285.88	108420.6	635.76	1.4155,3.1651,0.195,0.0468
1	Round_4_Replicate_6	-4471.36	8950.72	6932.76	1246.77	0.1481,0.7655,0.0497,0.0983
1	Round_4_Replicate_9	-5197.62	10403.24	16837.05	477.06	2.1056,4.1005,0.3539,0.0406
1	Round_4_Replicate_5	-4385.16	8778.32	8459.55	901.35	0.4605,1.6512,0.1385,0.0532
1	Round_4_Replicate_10	-5649.59	11307.18	32221241.96	581.52	4.6052,2.1747,0.1938,0.0294
1	Round_4_Replicate_8	-4076.61	8161.22	276946.15	817.66	0.4841,4.6916,0.0865,0.0113
1	Round_4_Replicate_9	-4073.31	8154.62	9568.94	1134.78	0.0608,17.7027,0.0168,0.0369
1	Round_4_Replicate_9	-4394.97	8797.94	10146.32	697.56	1.0439,2.5025,0.1934,0.0354
1	Round_4_Replicate_8	-4081.45	8170.9	6355.46	946.07	0.386,1.7728,0.0971,0.0627
1	Round_4_Replicate_7	-4038.2	8084.4	23299.21	1247.4	0.2608,0.5566,0.038,0.0413
1	Round_4_Replicate_10	-4593.61	9195.22	30605.84	682.59	1.7175,1.9435,0.195,0.0219
1	Round_4_Replicate_9	-5063.91	10135.82	41063536.05	666.39	0.8048,13.9734,0.1098,0.0147
1	Round_4_Replicate_6	-4176.54	8361.08	5698.03	1094.93	0.3176,1.0205,0.0769,0.0807
1	Round_4_Replicate_10	-3985.09	7978.18	73943.82	1082.33	0.1067,11.2053,0.0231,0.0382
1	Round_4_Replicate_9	-4240.59	8489.18	8715.58	982.92	0.7492,0.9481,0.1009,0.0337
1	Round_4_Replicate_10	-4453.58	8915.16	122606.27	645.27	1.2134,3.5681,0.1817,0.0196
1	Round_5_Replicate_1	-4084.37	8176.74	46866.44	820.74	0.9931,1.7053,0.1297,0.0061
1	Round_4_Replicate_8	-3985.46	7978.92	9677.05	1242.13	0.1241,0.8132,0.0265,0.0803
1	Round_5_Replicate_1	-3701.84	7411.68	23518.66	1032.59	0.2035,2.5668,0.0454,0.012
1	Round_4_Replicate_10	-4172.98	8353.96	1097068.52	804.26	0.5459,4.8929,0.0875,0.0104
1	Round_4_Replicate_7	-4415.88	8839.76	8543.64	1054.68	0.3419,1.0643,0.1119,0.0387
1	Round_4_Replicate_10	-4286.46	8580.92	55362.65	726.48	0.9777,2.7648,0.1524,0.0354
1	Round_4_Replicate_9	-3813.73	7635.46	18661.47	1248.81	0.1667,0.6865,0.0303,0.0378
1	Round_4_Replicate_8	-3991.38	7990.76	6479.8	924.41	0.5569,1.4916,0.1127,0.033
1	Round_4_Replicate_10	-4104.53	8217.06	19368.72	1263.78	0.1339,0.6783,0.025,0.0961
1	Round_5_Replicate_1	-3650.96	7309.92	14210.37	1003.19	0.3435,1.6791,0.0691,0.0063
1	Round_4_Replicate_9	-3806.16	7620.32	32446.38	961.79	0.3196,2.4897,0.0644,0.0287
1	Round_5_Replicate_1	-4322.71	8653.42	416595.52	820.96	1.3113,1.4919,0.1204,0.0013
1	Round_5_Replicate_1	-3745.66	7499.32	55748.82	1145.8	0.1038,2.338,0.0222,0.0162
1	Round_5_Replicate_1	-3671.73	7351.46	10471.3	1112.55	0.2731,1.1109,0.0536,0.0185
1	Round_4_Replicate_10	-3978.51	7965.02	13256.38	964.65	0.4876,1.5055,0.0872,0.0566
1	Round_5_Replicate_1	-3858.2	7724.4	29187.26	921.27	0.656,1.4956,0.0987,0.0069
1	Round_5_Replicate_1	-3750.23	7508.46	6924.19	1070.18	0.4114,1.0059,0.0744,0.0042
1	Round_5_Replicate_1	-3669.47	7346.94	6796.53	1181.02	0.2482,0.8201,0.0488,0.0049
1	Round_5_Replicate_1	-3709.93	7427.86	25933.3	976.79	0.2826,2.5452,0.0602,0.0088
