1 -67541631.433703
1 -67541631.433714
1 -67541631.433728
1 -67541631.433674
1 -67541631.433723
1 -67541631.433715
1 -67541631.433721
1 -67541631.433726
1 -67541631.433722
1 -67541631.43373
2 -66171730.576841
2 -66171730.48067
2 -66171731.310696
2 -66171730.63419
2 -66171730.511947
2 -66171730.267054
2 -66171730.900913
2 -66171731.378075
2 -66171730.849137
2 -66171730.278696
3 -65959883.737389
3 -65848221.08923
3 -65959883.998976
3 -65848222.790437
3 -65848221.717172
3 -65848222.523953
3 -65848223.059786
3 -65959850.691191
3 -65848221.419822
3 -65848920.685749
4 -65647779.841942
4 -65647780.253433
4 -65647148.635165
4 -65647147.499544
4 -65647779.349448
4 -65647148.013835
4 -65647147.802296
4 -65647147.322568
4 -65647148.18519
4 -65647657.417359
5 -65544224.694174
5 -65544290.596299
5 -65527524.85448
5 -65527532.666639
5 -65544229.667965
5 -65544753.077185
5 -65527524.301706
5 -65527525.842718
5 -65527525.72843
5 -65544284.103434
6 -65425452.49685
6 -65424980.624316
6 -65424646.090551
6 -65425456.067705
6 -65425456.842148
6 -65424925.330199
6 -65424924.90523
6 -65424981.363701
6 -65424924.012693
6 -65475361.415144
7 -65356709.402955
7 -65356103.386871
7 -65356597.834363
7 -65373715.244391
7 -65356199.723542
7 -65385795.468568
7 -65357048.161937
7 -65372821.697704
7 -65355728.147897
7 -65356269.553978
8 -65302131.630068
8 -65304813.641141
8 -65334024.86475
8 -65307313.434948
8 -65306233.508594
8 -65302328.40618
8 -65302829.950303
8 -65305722.086152
8 -65319171.790704
8 -65305342.637912
9 -65250542.941162
9 -65258558.994042
9 -65267785.720022
9 -65252076.326354
9 -65251727.820965
9 -65258464.542875
9 -65263766.716863
9 -65266858.62994
9 -65267025.138183
9 -65251290.838494
