-67541631.433703
-67541631.433714
-67541631.433728
-67541631.433674
-67541631.433723
-67541631.433715
-67541631.433721
-67541631.433726
-67541631.433722
-67541631.433730
-66171730.576841
-66171730.480670
-66171731.310696
-66171730.634190
-66171730.511947
-66171730.267054
-66171730.900913
-66171731.378075
-66171730.849137
-66171730.278696
-65959883.737389
-65848221.089230
-65959883.998976
-65848222.790437
-65848221.717172
-65848222.523953
-65848223.059786
-65959850.691191
-65848221.419822
-65848920.685749
-65647779.841942
-65647780.253433
-65647148.635165
-65647147.499544
-65647779.349448
-65647148.013835
-65647147.802296
-65647147.322568
-65647148.185190
-65647657.417359
-65544224.694174
-65544290.596299
-65527524.854480
-65527532.666639
-65544229.667965
-65544753.077185
-65527524.301706
-65527525.842718
-65527525.728430
-65544284.103434
-65425452.496850
-65424980.624316
-65424646.090551
-65425456.067705
-65425456.842148
-65424925.330199
-65424924.905230
-65424981.363701
-65424924.012693
-65475361.415144
-65356709.402955
-65356103.386871
-65356597.834363
-65373715.244391
-65356199.723542
-65385795.468568
-65357048.161937
-65372821.697704
-65355728.147897
-65356269.553978
-65302131.630068
-65304813.641141
-65334024.864750
-65307313.434948
-65306233.508594
-65302328.406180
-65302829.950303
-65305722.086152
-65319171.790704
-65305342.637912
-65250542.941162
-65258558.994042
-65267785.720022
-65252076.326354
-65251727.820965
-65258464.542875
-65263766.716863
-65266858.629940
-65267025.138183
-65251290.838494