Model	Replicate	log-likelihood	AIC	chi-squared	theta	optimized_params(nu1, nu2, m12, m21, T1, T2, P , p_misid)
Model	Replicate	log-likelihood	AIC	chi-squared	theta	optimized_params(nu1, nu2, m12, m21, T1, T2, P , p_misid)
Model	Replicate	log-likelihood	AIC	chi-squared	theta	optimized_params(nu1, nu2, m12, m21, T1, T2, P , p_misid)
Model	Replicate	log-likelihood	AIC	chi-squared	theta	optimized_params(nu1, nu2, m12, m21, T1, T2, P , p_misid)
Model	Replicate	log-likelihood	AIC	chi-squared	theta	optimized_params(nu1, nu2, m12, m21, T1, T2, P , p_misid)
Model	Replicate	log-likelihood	AIC	chi-squared	theta	optimized_params(nu1, nu2, m12, m21, T1, T2, P , p_misid)
Model	Replicate	log-likelihood	AIC	chi-squared	theta	optimized_params(nu1, nu2, m12, m21, T1, T2, P , p_misid)
Model	Replicate	log-likelihood	AIC	chi-squared	theta	optimized_params(nu1, nu2, m12, m21, T1, T2, P , p_misid)
Model	Replicate	log-likelihood	AIC	chi-squared	theta	optimized_params(nu1, nu2, m12, m21, T1, T2, P , p_misid)
Model	Replicate	log-likelihood	AIC	chi-squared	theta	optimized_params(nu1, nu2, m12, m21, T1, T2, P , p_misid)
1	Round_1_Replicate_1	-8522.91	17059.82	5931589.02	664.79	0.1769,11.7003,3.6854,5.9041,0.1589,1.1174,0.4918
1	Round_1_Replicate_1	-9822.38	19658.76	33055.51	555.99	0.2289,4.9287,0.5898,0.2844,0.1103,0.3208,0.5722
1	Round_1_Replicate_1	-8386.18	16786.36	41138.57	288.38	1.1936,2.4333,4.3137,1.9004,7.6078,0.1064,0.4739
1	Round_1_Replicate_1	-35547.67	71109.34	1.1357788246540129e+27	217.95	6.0881,8.0759,10.7456,0.3013,1.496,0.3048,0.9898
1	Round_1_Replicate_1	-5402.56	10819.12	9534.3	1245.29	0.3565,0.6601,0.1069,3.0675,0.2333,0.5748,0.1323
1	Round_1_Replicate_1	-42547.28	85108.56	8488208.58	194.61	9.436,0.2957,0.4342,0.066,6.09,1.4614,0.9897
1	Round_1_Replicate_1	-24217.21	48448.42	3434682.01	980.92	0.1637,13.1922,0.1726,7.2314,0.9504,2.5144,0.9898
1	Round_1_Replicate_1	-21377.93	42769.86	311122.82	425.22	2.0251,1.1851,0.1921,2.5299,0.1261,8.7738,0.9898
1	Round_1_Replicate_1	-29425.01	58864.02	2.0155475342553206e+17	172.26	8.0573,4.2479,3.1096,0.7079,0.1426,9.547,0.9897
1	Round_1_Replicate_2	-30925.92	61865.84	725664449328439.2	350.08	10.3497,0.3781,14.3428,0.6068,8.1733,0.1965,0.99
1	Round_1_Replicate_2	-22353.93	44721.86	349908.58	991.45	0.3091,1.7006,0.1113,2.9889,0.7861,2.8096,0.9898
1	Round_1_Replicate_2	-24585.09	49184.18	414334.88	189.89	0.6662,8.1835,0.4523,0.2718,3.2016,3.4689,0.9898
1	Round_1_Replicate_2	-5120.33	10254.66	28351524805.91	351.4	0.7693,5.73,2.3436,3.2537,1.4536,0.3985,0.1759
1	Round_1_Replicate_1	-20312.34	40638.68	32273865.95	1176.13	0.111,7.3456,0.0925,13.5488,5.7247,0.388,0.9898
1	Round_1_Replicate_2	-29163.99	58341.98	709365.82	577.27	0.8535,1.0844,2.5042,0.6981,2.7917,0.1502,0.9898
1	Round_1_Replicate_2	-15262.81	30539.62	115696.86	1116.25	1.6804,0.1291,5.4766,5.2163,0.13,0.3615,0.7158
1	Round_1_Replicate_2	-21354.91	42723.82	251253.6	1751.93	0.1582,0.4363,1.2159,1.1776,3.3377,10.0571,0.9898
1	Round_1_Replicate_3	-24432.82	48879.64	392792.12	560.44	0.9063,1.3757,0.7011,0.1841,0.3385,2.0712,0.9898
1	Round_1_Replicate_3	-8724.21	17462.42	41286.66	334.41	0.211,10.8939,0.4397,1.3076,2.9918,11.4032,0.1429
1	Round_1_Replicate_3	-4458.61	8931.22	5774.95	1983.61	0.2223,0.4985,0.5716,4.398,1.0514,4.7474,0.0825
1	Round_1_Replicate_3	-19764.33	39542.66	158445.79	779.15	0.1717,0.4808,1.4381,0.1172,4.7089,0.095,0.7731
1	Round_1_Replicate_3	-8031.21	16076.42	18071.55	650.01	0.5033,1.7275,0.255,2.4939,1.0953,0.1189,0.4528
1	Round_1_Replicate_2	-29554.22	59122.44	1349343.63	141.16	0.1274,9.9945,0.482,0.09,10.2319,0.6463,0.9898
1	Round_1_Replicate_3	-12553.12	25120.24	1572667008.48	679.22	6.3635,0.2132,11.2681,3.0237,6.4083,0.5046,0.2964
1	Round_1_Replicate_3	-13816.36	27646.72	12289863533289.22	685.79	12.7698,0.544,8.4133,2.5347,0.0825,11.5506,0.6067
1	Round_1_Replicate_2	-4406.59	8827.18	205821708.13	103.07	0.1881,16.5249,10.1691,4.366,15.4373,0.2617,0.1135
1	Round_1_Replicate_4	-20538.74	41091.48	301134.02	220.05	0.5671,4.0207,1.7667,1.3954,12.0594,1.0252,0.9898
1	Round_1_Replicate_4	-35579.15	71172.3	3113881.15	327.25	6.5239,0.3301,0.1387,0.4585,0.1645,1.9903,0.9898
1	Round_1_Replicate_4	-40525.63	81065.26	6186931.78	210.68	5.1615,0.3525,0.5957,0.074,10.9492,0.4564,0.9898
1	Round_1_Replicate_4	-30437.75	60889.5	1251885.61	1315.77	0.3999,0.1265,0.0958,0.4111,1.9739,2.7543,0.9898
1	Round_1_Replicate_3	-28933.01	57880.02	697915.39	199.04	6.2809,3.5071,0.0688,0.0697,0.3009,2.7711,0.9898
1	Round_1_Replicate_4	-13479.91	26973.82	54344.83	375.63	4.0112,0.5357,0.8246,1.0573,1.1495,2.7311,0.664
1	Round_1_Replicate_4	-13181.28	26376.56	175041.42	1135.8	0.0952,0.7603,0.1541,0.0987,1.2441,0.0792,0.062
1	Round_1_Replicate_3	-16255.01	32524.02	84424.98	300.83	7.6328,0.4517,0.3779,0.6237,0.9323,1.3221,0.6738
1	Round_1_Replicate_5	-5527.44	11068.88	7023.96	3795.19	0.0692,0.2491,7.5616,0.0653,0.4356,2.2562,0.2019
1	Round_1_Replicate_5	-24023.84	48061.68	725050.96	528.6	1.2871,1.5071,2.9929,0.1535,2.1955,2.5401,0.9896
1	Round_1_Replicate_5	-7266.69	14547.38	16258.58	2806.81	0.1825,0.3301,0.0937,7.1973,0.2579,0.7156,0.4308
1	Round_1_Replicate_2	-4086.89	8187.78	3303.73	2017.13	0.1418,0.455,5.7499,0.3936,15.7296,3.8583,0.0805
1	Round_1_Replicate_5	-23792.33	47598.66	471494.91	547.56	0.2916,7.8234,0.2004,1.0272,0.08,0.2337,0.9898
1	Round_1_Replicate_5	-30305.17	60624.34	123416423090460.88	542.03	5.9469,1.2079,5.6339,0.079,0.6506,1.0157,0.9898
1	Round_1_Replicate_4	-8216.22	16446.44	27029.83	1339.59	0.0999,0.6534,0.9927,0.0601,0.4573,4.3326,0.1039
1	Round_1_Replicate_5	-25562.29	51138.58	1530009900326.66	462.68	2.2458,2.8171,1.5638,3.0637,0.1789,0.3779,0.9898
1	Round_1_Replicate_4	-31788.15	63590.3	3521545.89	742.72	0.2511,0.0821,15.5824,0.9278,6.819,0.0852,0.9898
1	Round_1_Replicate_4	-36552.05	73118.1	4.109894494802869e+29	286.84	6.302,12.1049,11.386,10.1941,0.1011,0.3842,0.9896
1	Round_1_Replicate_6	-18140.03	36294.06	176804.97	395.93	0.8337,1.3911,1.8863,0.3621,12.6501,1.8749,0.99
1	Round_1_Replicate_6	-6232.5	12479.0	13629159.62	112.59	8.7665,3.7026,0.454,0.7396,0.5246,15.6829,0.2131
1	Round_1_Replicate_3	-4980.68	9975.36	5114724749.02	416.85	1.3537,2.6082,2.9553,1.7524,0.2941,1.2923,0.136
1	Round_1_Replicate_6	-18364.66	36743.32	172059.9	513.78	0.1887,4.1171,2.3487,2.1521,1.7653,2.5376,0.9897
1	Round_1_Replicate_5	-7268.61	14551.22	2091167.83	346.02	2.6265,1.4441,0.2525,2.6211,0.134,6.4935,0.467
1	Round_1_Replicate_6	-25542.87	51099.74	16529071.7	1458.72	0.7783,0.3625,8.1908,1.8379,1.6937,2.2087,0.9898
1	Round_1_Replicate_6	-11485.17	22984.34	2.521962122268162e+19	532.64	3.7336,1.6241,2.062,10.9454,0.1683,0.1496,0.4169
1	Round_1_Replicate_6	-7320.84	14655.68	10586.66	1325.99	0.1735,0.7967,10.3975,0.2483,1.2955,7.2225,0.5511
1	Round_1_Replicate_5	-13462.77	26939.54	2.5264326674228998e+25	116.27	12.2079,3.4138,0.8319,11.9861,5.7129,3.1532,0.2633
1	Round_1_Replicate_7	-33828.23	67670.46	12754556626.59	2125.03	4.9681,0.1548,15.1149,0.0816,0.3413,1.1683,0.9898
1	Round_1_Replicate_4	-20385.44	40784.88	229780.84	1993.79	0.0767,0.3245,3.7856,2.1989,0.2306,0.0888,0.9898
1	Round_1_Replicate_7	-21717.84	43449.68	374513.38	517.38	0.376,2.3919,0.0841,1.418,2.6368,1.08,0.9898
1	Round_1_Replicate_7	-4154.8	8323.6	3481.36	509.16	1.0075,1.3496,1.1831,0.6404,1.7411,1.8956,0.0937
1	Round_1_Replicate_5	-25901.76	51817.52	705872.21	688.97	0.9333,0.2284,0.1224,0.5616,7.6498,2.8773,0.9898
1	Round_1_Replicate_6	-28753.64	57521.28	2025220214093290.2	313.66	9.7591,2.3476,0.141,4.327,0.2046,0.4221,0.9898
1	Round_1_Replicate_7	-30000.03	60014.06	1859830.13	297.2	12.8784,0.3155,1.5238,1.7665,1.3851,4.5175,0.9898
1	Round_1_Replicate_7	-41710.16	83434.32	11368463.54	897.07	0.1014,0.1634,0.0916,0.3007,5.0935,0.1163,0.9898
1	Round_1_Replicate_8	-29923.49	59860.98	5626919734624748.0	247.71	10.9842,8.2998,1.3955,0.6865,0.3492,0.296,0.9898
1	Round_1_Replicate_5	-19603.63	39221.26	153021.53	740.94	3.972,0.0953,0.6933,0.2159,0.2539,0.093,0.3638
1	Round_1_Replicate_8	-34079.2	68172.4	4185975.47	531.3	4.7417,0.3323,2.8807,0.1456,1.6288,0.623,0.9896
1	Round_1_Replicate_7	-6330.46	12674.92	7850.05	1324.16	0.2474,0.6109,6.0508,1.1526,2.5242,1.8961,0.4289
1	Round_1_Replicate_6	-8441.91	16897.82	74960.85	217.99	4.296,3.0136,4.4915,0.083,4.5826,0.078,0.2056
1	Round_1_Replicate_8	-23291.05	46596.1	300270.39	273.27	1.2559,3.7946,1.102,0.2034,0.2674,5.3548,0.9898
1	Round_1_Replicate_8	-28070.47	56154.94	841609.58	813.0	1.1268,0.5578,2.024,0.2268,0.7543,0.3942,0.9898
1	Round_1_Replicate_9	-16141.33	32296.66	265828.38	1060.31	0.1902,0.4627,0.0828,0.1034,2.4786,0.1279,0.1805
1	Round_1_Replicate_6	-6759.87	13533.74	503092573.23	242.28	1.9107,9.2667,0.1209,1.5005,1.2313,1.8212,0.3933
1	Round_1_Replicate_8	-8689.48	17392.96	26307.01	406.79	4.9379,0.103,0.6772,16.594,0.0756,1.8647,0.1268
1	Round_1_Replicate_7	-22414.25	44842.5	374754.04	3526.97	0.0735,0.0644,0.2252,6.4752,0.5284,0.1227,0.9896
1	Round_1_Replicate_7	-31874.1	63762.2	3795502.57	330.34	1.3407,0.1723,5.0791,0.3618,15.8584,0.3721,0.9897
1	Round_1_Replicate_9	-7819.81	15653.62	915412957.12	193.51	5.9508,12.0716,0.2678,0.7569,0.8231,0.3596,0.3401
1	Round_1_Replicate_9	-4391.32	8796.64	1822638.07	86.95	9.3206,12.2066,0.3731,0.1007,4.4113,4.1427,0.0867
1	Round_1_Replicate_8	-14282.69	28579.38	500711.29	372.08	0.0913,13.7046,0.0606,6.9838,6.3381,0.4199,0.1809
1	Round_1_Replicate_6	-15602.44	31218.88	117209.36	1852.52	0.0688,0.1568,10.151,1.8054,7.0593,0.3164,0.9898
1	Round_1_Replicate_7	-5633.18	11280.36	6771.22	188.4	0.8077,5.9945,0.6628,0.5025,8.6976,0.274,0.2511
1	Round_1_Replicate_9	-31855.7	63725.4	19502954.44	2312.96	1.0395,0.1724,10.2791,0.0603,1.2584,14.4106,0.9898
1	Round_1_Replicate_9	-34258.78	68531.56	7.47119454813768e+21	101.39	2.0554,16.5836,12.0489,0.2823,7.2967,0.7486,0.9898
1	Round_1_Replicate_8	-27882.84	55779.68	10215887.06	1045.26	4.1022,0.1192,8.2105,5.3177,0.0773,0.3416,0.9895
1	Round_1_Replicate_8	-26230.87	52475.74	557564.17	531.64	0.4265,1.9293,0.2606,0.0901,0.8255,1.8987,0.9898
1	Round_1_Replicate_7	-13048.37	26110.74	100867.79	343.46	0.4124,6.3508,0.2613,2.2039,5.2365,1.2647,0.8846
1	Round_1_Replicate_9	-20197.14	40408.28	211538.03	1332.28	0.2426,0.5381,1.4815,1.032,0.0703,0.1372,0.9895
1	Round_1_Replicate_8	-27145.75	54305.5	501633.27	248.62	8.7793,4.5619,0.0827,0.0665,0.6613,0.2888,0.9898
1	Round_1_Replicate_9	-26178.41	52370.82	713945.87	1808.39	0.4238,0.1935,1.6661,0.9822,0.1087,10.6235,0.9898
1	Round_1_Replicate_9	-28736.16	57486.32	5.59613075003307e+16	323.59	11.5681,2.2709,0.4085,9.7744,0.4279,0.0735,0.9898
1	Round_1_Replicate_10	-6189.34	12392.68	1663786195.17	151.57	1.1891,8.1499,4.5601,0.061,0.5333,14.9079,0.2415
1	Round_1_Replicate_10	-26197.26	52408.52	5401699.85	273.37	4.7054,0.4003,0.1963,7.6706,0.6389,9.404,0.9898
1	Round_1_Replicate_10	-36140.46	72294.92	4201361.1	279.4	9.4878,0.2759,1.7558,0.9812,2.621,0.3754,0.9895
1	Round_1_Replicate_9	-4480.32	8974.64	67884982.21	413.13	1.2953,5.8538,0.5182,2.5988,0.4709,0.1288,0.0907
1	Round_1_Replicate_10	-28531.78	57077.56	883490.47	4040.98	0.064,0.0934,0.7946,0.6349,3.0107,16.2247,0.9898
1	Round_1_Replicate_8	-34499.43	69012.86	3220066.42	291.34	0.3498,2.1928,0.0956,4.7707,12.1218,0.1202,0.9898
1	Round_1_Replicate_10	-28747.06	57508.12	6939043.63	3193.58	0.5259,0.1338,15.3378,0.5445,0.2227,0.3827,0.9898
1	Round_1_Replicate_10	-3821.03	7656.06	6282.3	592.55	0.4,1.7101,5.217,0.0805,11.1697,1.4226,0.0709
1	Round_1_Replicate_11	-4388.32	8790.64	5188.33	620.69	0.7364,1.7443,2.7125,0.1541,0.084,0.973,0.1876
1	Round_1_Replicate_11	-13518.7	27051.4	330906170785.57	1415.96	5.7673,0.3061,13.4348,1.1408,0.0692,2.8993,0.5734
1	Round_1_Replicate_10	-11235.89	22485.78	36546.26	847.65	0.6627,0.1039,0.0943,3.8577,10.1201,0.4478,0.1541
1	Round_1_Replicate_11	-35013.35	70040.7	2646698.53	677.17	2.4712,0.2262,0.0851,0.2203,0.1486,0.6899,0.9898
1	Round_1_Replicate_11	-9460.13	18934.26	21327.22	515.71	3.0008,0.4207,1.3312,0.5934,5.5991,4.575,0.1419
1	Round_1_Replicate_10	-17659.61	35333.22	166957.7	605.34	0.0952,0.2215,3.3876,0.8174,15.4547,0.3878,0.9898
1	Round_1_Replicate_10	-21459.96	42933.92	468036.4	1471.59	0.0889,0.1151,0.1275,0.5942,3.0457,0.6175,0.5505
1	Round_1_Replicate_11	-15332.37	30678.74	4813958828333.4	478.42	2.696,7.7998,0.3701,1.589,0.0638,0.1685,0.8282
1	Round_1_Replicate_12	-10739.9	21493.8	30951.48	214.26	16.7594,0.2993,0.2871,2.0476,0.3871,1.7799,0.0693
1	Round_1_Replicate_11	-5613.81	11241.62	6884.11	171.83	0.1763,8.7445,4.0012,0.2127,3.5579,6.6806,0.3797
1	Round_1_Replicate_11	-10543.13	21100.26	6.657880129430464e+21	349.04	2.5082,16.8095,0.4205,7.4501,0.4254,1.1398,0.0984
1	Round_1_Replicate_12	-6364.43	12742.86	2234304581711.49	131.14	6.6232,9.541,0.7477,3.6524,4.015,0.1409,0.3185
1	Round_1_Replicate_12	-6678.46	13370.92	12859.07	1067.84	0.1272,0.8033,1.3461,0.8955,1.2894,0.3814,0.214
1	Round_1_Replicate_9	-8827.57	17669.14	15953.52	557.97	0.1761,1.1233,3.0657,0.1706,7.6745,0.3977,0.4822
1	Round_1_Replicate_11	-7768.32	15550.64	17404.5	631.91	1.2572,1.5152,2.7041,0.6187,0.4149,0.1332,0.5334
1	Round_1_Replicate_12	-9419.06	18852.12	29222.6	910.32	1.0631,0.1143,1.3174,12.9602,4.8514,0.8054,0.2974
1	Round_1_Replicate_12	-9964.42	19942.84	44338.32	861.04	0.4683,0.6043,0.0988,1.5068,2.3582,0.1071,0.1389
1	Round_1_Replicate_11	-19565.68	39145.36	183620.17	1013.41	0.1011,1.1523,12.3441,0.2182,0.3353,4.9561,0.9895
1	Round_1_Replicate_12	-4513.27	9040.54	5742.65	1068.15	0.6006,0.6762,0.1253,2.6813,3.7327,4.4011,0.0591
1	Round_1_Replicate_13	-6230.31	12474.62	7648.82	1005.55	0.3034,0.9014,2.7634,0.1241,0.484,0.3966,0.3702
1	Round_1_Replicate_13	-24654.88	49323.76	328717.65	319.65	0.3891,6.2915,6.6642,0.0765,1.1957,0.4395,0.9898
1	Round_1_Replicate_13	-20215.93	40445.86	201093.0	1068.25	0.1394,1.0287,5.0166,0.1335,0.463,1.7769,0.9896
1	Round_1_Replicate_10	-26571.08	53156.16	1527883692659.36	498.46	2.8051,0.6897,5.2874,4.5706,0.0682,5.9901,0.9898
1	Round_1_Replicate_12	-25826.04	51666.08	487740.6	239.6	0.1072,8.8579,4.1092,0.0551,2.4851,0.2084,0.9895
1	Round_1_Replicate_13	-35540.79	71095.58	4788542.46	358.76	9.3018,0.0881,0.9653,3.8076,0.2768,1.6018,0.9898
1	Round_1_Replicate_13	-20993.64	42001.28	225613.26	1031.11	0.276,0.9332,3.8182,0.151,0.5243,17.1331,0.9895
1	Round_1_Replicate_14	-24253.47	48520.94	380577515.76	280.22	2.267,0.5236,2.4653,6.9129,11.6717,0.3819,0.9897
1	Round_1_Replicate_12	-21856.13	43726.26	303279.35	1683.6	0.1595,0.1534,0.604,1.3002,8.2753,1.4238,0.9898
1	Round_1_Replicate_14	-24246.65	48507.3	9807472465668792.0	167.54	5.6558,5.0636,0.0782,3.3742,10.7383,5.7194,0.9898
1	Round_1_Replicate_12	-30410.42	60834.84	1575498.16	1648.72	0.0779,0.2653,0.1787,0.2802,0.0713,4.5807,0.9896
1	Round_1_Replicate_14	-32531.98	65077.96	2915311.94	1055.04	13.8687,0.1065,6.4301,1.5304,0.5772,0.9803,0.9898
1	Round_1_Replicate_11	-7820.13	15654.26	13034.12	1403.27	0.3821,0.3979,4.09,1.1483,0.7669,0.6287,0.4671
1	Round_1_Replicate_13	-6439.04	12892.08	9418.74	2665.34	0.0997,0.2547,3.2394,4.5988,0.1837,0.4347,0.3538
1	Round_1_Replicate_14	-21197.4	42408.8	309419.05	1210.35	0.6912,0.2786,0.5789,7.7683,0.3784,0.1726,0.9897
1	Round_1_Replicate_15	-28374.67	56763.34	1929321198184028.2	393.22	7.0861,5.1288,1.4321,0.9786,0.0973,0.226,0.9898
1	Round_1_Replicate_13	-28987.59	57989.18	223941292.83	142.24	0.1056,15.2965,0.4863,13.7611,12.5332,0.0933,0.9898
1	Round_1_Replicate_13	-27209.42	54432.84	2703476490.2	204.5	8.5914,4.3666,0.3849,3.4294,1.4583,0.115,0.9898
1	Round_1_Replicate_14	-23132.51	46279.02	315516.92	1232.35	0.2764,0.603,1.3409,0.2772,0.4386,0.2019,0.9895
1	Round_1_Replicate_13	-8188.88	16391.760000000002	5534216643027212.0	270.2	0.4171,17.1822,11.6052,9.0644,1.5479,0.1796,0.115
1	Round_1_Replicate_15	-33170.55	66355.1	7.768015791851804e+24	379.72	11.9847,1.831,13.6588,3.9612,0.3057,2.7152,0.9895
1	Round_1_Replicate_15	-7091.78	14197.56	11911.69	2655.34	0.08,0.2467,3.9419,3.1155,1.5989,0.7433,0.3795
1	Round_1_Replicate_12	-30720.97	61455.94	2098993.48	688.58	4.0014,0.4358,2.5055,0.2492,0.1051,0.2898,0.9895
1	Round_1_Replicate_14	-25179.16	50372.32	395744.48	274.56	0.821,10.3244,0.2471,0.3461,0.3264,0.9017,0.9898
1	Round_1_Replicate_15	-17632.94	35279.88	682255604513.9	1213.22	0.3727,1.0347,0.442,16.6981,0.2911,0.1356,0.9898
1	Round_2_Replicate_1	-11190.26	22394.52	5614166059963.22	100.11	3.2465,18.5729,2.6644,0.0955,4.658,1.1062,0.5763
1	Round_1_Replicate_14	-20610.31	41234.62	204550052.03	467.68	1.1412,3.2254,0.1728,3.1401,1.0433,0.7745,0.9897
1	Round_1_Replicate_14	-21601.84	43217.68	4128574069.15	317.82	1.8528,2.5069,1.0832,2.8176,1.35,9.6398,0.9898
1	Round_1_Replicate_14	-22073.73	44161.46	15994505571.12	144.56	1.581,11.7928,1.8272,1.4105,1.5322,12.7367,0.9896
1	Round_1_Replicate_15	-11267.31	22548.62	57138.98	158.92	0.4372,8.28,0.1155,0.6139,9.7727,0.2536,0.4417
1	Round_2_Replicate_1	-12922.92	25859.84	63604.9	284.8	0.9111,8.5205,0.5052,1.0121,0.0179,1.8585,0.8435
1	Round_1_Replicate_13	-23114.8	46243.6	355536.69	659.97	0.8487,1.0001,1.2594,0.4816,0.5592,2.1551,0.9895
1	Round_2_Replicate_1	-7344.97	14703.94	140615471021.29	409.1	0.9633,1.7911,5.7673,2.9708,8.8456,7.1819,0.2987
1	Round_1_Replicate_15	-23418.83	46851.66	588681.31	626.72	0.0836,3.2281,0.6158,1.2358,0.1808,3.1994,0.9898
1	Round_2_Replicate_1	-12078.51	24171.02	164517.19	963.43	0.1319,1.0342,0.0213,0.6827,0.9325,3.5908,0.0668
1	Round_2_Replicate_2	-7353.59	14721.18	13341.55	244.39	1.7219,1.7736,0.2492,0.0652,16.7964,6.4274,0.0238
1	Round_1_Replicate_15	-31462.39	62938.78	41927558.73	158.56	1.2692,6.1259,12.0995,0.5618,11.6728,0.0596,0.9898
1	Round_1_Replicate_15	-27051.52	54117.04	623064.44	403.86	7.5681,1.3538,0.0932,1.7659,0.4247,0.0968,0.9898
1	Round_1_Replicate_15	-5800.99	11615.98	252292883.22	343.09	2.3762,10.7632,0.0873,1.0813,0.2746,0.2077,0.0743
1	Round_2_Replicate_1	-8676.76	17367.52	2418669558605.31	1431.88	0.3353,2.054,1.2198,14.6892,1.1964,1.1762,0.5264
1	Round_2_Replicate_2	-13685.64	27385.28	47341.55	350.87	5.186,0.4702,0.5452,0.1245,0.0188,4.0459,0.3134
1	Round_1_Replicate_14	-31700.08	63414.16	1962931.39	298.55	7.8961,0.2752,0.0991,3.5816,0.2095,1.8229,0.9898
1	Round_2_Replicate_3	-6256.47	12526.94	10950.24	77.37	9.3432,18.5729,0.1678,0.0118,5.3789,1.4676,0.2643
1	Round_2_Replicate_1	-7995.78	16005.56	45655.39	2121.98	0.0821,1.0337,0.1477,6.8057,0.5709,0.7178,0.1465
1	Round_2_Replicate_1	-4701.79	9417.58	33999.18	281.08	0.2945,13.1222,2.9615,1.0135,0.3182,0.9982,0.0362
1	Round_2_Replicate_2	-15942.41	31898.82	22667154.27	325.37	4.3604,0.2096,7.5631,2.2111,10.2769,0.3158,0.4809
1	Round_2_Replicate_2	-8491.98	16997.96	19817717107.56	1785.12	0.1505,8.118,0.4773,16.4055,0.2278,2.1903,0.2241
1	Round_1_Replicate_15	-27542.02	55098.04	3118136634106.05	427.42	4.3442,1.116,0.729,6.0441,0.1559,0.6217,0.9898
1	Round_2_Replicate_3	-5183.42	10380.84	7103.16	1868.61	0.1395,0.4859,2.8311,0.0348,0.1015,4.2898,0.048
1	Round_2_Replicate_2	-8838.88	17691.76	24495.96	667.32	1.8492,0.1797,0.0248,11.3592,1.6677,10.5469,0.354
1	Round_2_Replicate_4	-7611.02	15236.04	15539.36	115.15	8.5522,3.1807,0.215,0.6699,12.6235,1.3722,0.4379
1	Round_2_Replicate_2	-8984.71	17983.42	21332.31	814.72	1.7589,0.219,1.3091,2.2728,0.16,0.8414,0.1827
1	Round_2_Replicate_1	-6155.34	12324.68	19797456.36	1034.93	0.2497,0.7177,18.6433,0.0261,18.5729,0.2474,0.0083
1	Round_2_Replicate_3	-20388.04	40790.08	264182.87	359.83	0.083,18.5729,3.6275,2.3019,0.0727,3.5663,0.9897
1	Round_2_Replicate_3	-3973.26	7960.52	4511.91	154.01	3.5827,3.4356,0.2758,0.5539,14.6892,5.7313,0.0097
1	Round_2_Replicate_4	-5055.7	10125.4	5735.3	717.14	0.1731,1.4655,2.5306,0.3686,0.0795,6.9141,0.2259
1	Round_2_Replicate_1	-27549.36	55112.72	20673608847817.67	831.23	2.1585,0.7732,9.7357,0.3206,0.966,0.4058,0.9895
1	Round_2_Replicate_3	-5428.71	10871.42	36282087661.31	273.0	3.5385,1.5362,0.3916,4.2527,0.777,10.6442,0.0525
1	Round_2_Replicate_2	-15943.7	31901.4	3.422327186669963e+21	193.34	3.3585,19.8,16.8308,19.8,1.3345,0.8278,0.0761
1	Round_2_Replicate_3	-7483.26	14980.52	22438.22	3290.06	0.1337,0.2001,0.1814,2.8053,0.5788,16.3124,0.0515
1	Round_2_Replicate_4	-15894.97	31803.94	7635940891.68	1385.99	0.1118,6.3962,7.8759,19.8,0.0249,0.2934,0.99
1	Round_2_Replicate_5	-4835.07	9684.14	3296023950691.5	59.01	13.6928,19.8,0.0632,0.5642,1.3723,19.8,0.0465
1	Round_2_Replicate_5	-4437.15	8888.3	7057.16	687.94	1.316,1.844,0.6363,0.0274,0.0519,0.1928,0.0861
1	Round_2_Replicate_4	-10314.34	20642.68	59059.9	953.01	0.1821,0.7385,0.0955,0.6445,1.8116,0.8678,0.1093
1	Round_2_Replicate_1	-5735.06	11484.12	6919.81	4020.79	0.129,0.1663,7.0388,1.0355,18.5729,4.4305,0.1819
1	Round_2_Replicate_2	-4253.34	8520.68	74003765.96	495.47	0.4444,3.1448,6.9816,1.6233,0.1458,1.0323,0.0991
1	Round_2_Replicate_4	-5717.82	11449.64	73553.6	509.17	0.3616,1.4177,6.6666,1.2872,6.1063,0.6122,0.2893
1	Round_2_Replicate_3	-5728.3	11470.6	8834.27	1166.85	0.2494,0.7216,1.0735,0.515,0.4271,0.1722,0.1114
1	Round_2_Replicate_6	-5714.3	11442.6	5640.03	82.04	1.5182,15.0134,0.884,0.0566,18.2365,1.128,0.4159
1	Round_2_Replicate_6	-5900.77	11815.54	9120.56	771.57	0.3685,1.2581,0.6652,0.4334,0.0626,1.4845,0.2495
1	Round_2_Replicate_3	-9666.46	19346.92	3.303568844443735e+17	750.87	1.6983,1.4173,14.6892,0.5975,0.1274,0.2227,0.1857
1	Round_2_Replicate_5	-7535.49	15084.98	280484.21	386.4	0.1582,4.9377,12.9041,2.3137,0.0907,2.6522,0.5626
1	Round_2_Replicate_2	-6894.44	13802.88	369309637.71	1685.89	1.0318,0.368,11.752,0.2141,2.999,1.8027,0.0179
1	Round_2_Replicate_4	-6232.49	12478.98	17689977993.76	257.59	1.9559,2.1704,3.1988,3.208,8.4404,0.26,0.0817
1	Round_2_Replicate_5	-6185.63	12385.26	13246.96	4874.01	0.1106,0.2078,0.1002,13.7059,3.7507,1.2701,0.3206
1	Round_2_Replicate_7	-7658.11	15330.22	1620573.37	146.99	14.6892,2.4443,0.8037,0.2496,3.989,0.9396,0.0195
1	Round_2_Replicate_7	-5568.22	11150.44	35168.2	253.35	4.8862,2.1931,0.8882,0.2277,0.0912,4.3358,0.0522
1	Round_2_Replicate_4	-14224.58	28463.16	61143.36	1823.48	0.3043,0.2341,3.4877,3.0203,0.4433,0.552,0.8627
1	Round_2_Replicate_4	-12345.6	24705.2	145843.59	1859.88	0.0523,2.2423,0.1586,7.747,1.8975,7.9927,0.4298
1	Round_2_Replicate_5	-8416.87	16847.74	19776.64	860.44	0.1893,0.7192,0.7677,1.2968,2.9313,0.1287,0.1149
1	Round_2_Replicate_8	-5844.15	11702.3	3784249636.68	90.33	14.6892,11.2989,0.0771,0.5955,3.6009,1.5892,0.1836
1	Round_2_Replicate_6	-3882.14	7778.28	938347.18	962.99	0.8715,0.6828,0.0921,5.9418,12.9746,6.6534,0.0183
1	Round_2_Replicate_8	-4829.97	9673.94	5120.4	1682.07	0.1534,0.448,4.3476,0.152,0.461,0.3244,0.0233
1	Round_2_Replicate_3	-6670.83	13355.66	586451154.37	273.8	0.2513,3.3769,14.6892,2.7676,14.5636,1.7703,0.2787
1	Round_2_Replicate_5	-6976.37	13966.74	11013.21	1564.82	0.1423,0.6896,14.0856,0.1398,0.6732,2.1623,0.5133
1	Round_2_Replicate_5	-11645.63	23305.26	42775.01	2959.52	0.0924,0.1039,1.3843,1.415,1.8606,0.729,0.3252
1	Round_2_Replicate_5	-4233.82	8481.64	4104.27	140.42	0.1442,9.4406,9.025,0.104,11.1943,10.9005,0.1843
1	Round_2_Replicate_9	-5865.29	11744.58	7070.45	63.76	13.4118,8.4067,0.1304,0.023,18.2365,10.7201,0.0855
1	Round_2_Replicate_7	-4658.27	9330.54	1136842.81	631.45	0.6745,2.5052,0.043,2.5442,3.0918,2.9322,0.0449
1	Round_2_Replicate_9	-11248.07	22510.14	2.4456810825217396e+20	397.9	4.2322,6.4392,6.3019,0.1224,0.0134,0.3489,0.1461
1	Round_2_Replicate_6	-23458.81	46931.62	1.0486181954521886e+17	1122.55	0.4443,19.959,1.8149,19.0747,0.1267,5.2628,0.99
1	Round_2_Replicate_6	-10517.21	21048.42	25454.96	1625.53	0.1873,0.5076,11.6555,0.4492,0.1218,0.4255,0.7472
1	Round_2_Replicate_6	-4714.42	9442.84	1582365.14	169.88	1.9888,6.6887,0.1844,1.0394,8.1134,0.8785,0.2605
1	Round_2_Replicate_6	-3725.87	7465.74	2829.24	1682.61	0.2906,0.4192,1.9746,3.938,0.7094,3.7437,0.0426
1	Round_2_Replicate_6	-6796.16	13606.32	108576363861.96	1460.92	0.1061,19.959,12.2405,19.0747,0.3751,1.1318,0.0629
1	Round_2_Replicate_2	-8267.03	16548.06	530162346634.53	844.66	0.4306,1.2762,19.8,0.0719,19.8,10.7128,0.3545
1	Round_2_Replicate_4	-4530.79	9075.58	5519.55	1260.37	0.0742,0.9148,3.7137,1.4982,2.9116,3.9597,0.0394
1	Round_2_Replicate_10	-3901.8	7817.6	54641.8	383.8	0.1851,6.7899,8.7062,1.0306,0.1733,0.8451,0.0568
1	Round_2_Replicate_7	-5179.25	10372.5	7219.43	535.46	1.6961,1.5746,0.2221,0.1618,0.2626,0.5393,0.0305
1	Round_2_Replicate_7	-7304.96	14623.92	10839.03	1424.82	0.2278,0.3957,4.1707,0.2958,1.2656,0.2689,0.2628
1	Round_2_Replicate_7	-6211.3	12436.6	15784.24	4783.05	0.0725,0.2097,0.4764,6.8344,0.2794,1.0666,0.0894
1	Round_2_Replicate_10	-4047.74	8109.48	115464.98	56.24	6.7185,19.8,0.4691,0.0729,19.8,2.7018,0.1389
1	Round_2_Replicate_7	-4140.33	8294.66	10955192.71	442.44	1.6029,2.5223,3.1849,1.3903,0.8424,0.1744,0.0579
1	Round_2_Replicate_7	-21963.12	43940.24	5731592.56	2929.28	0.0789,1.5801,1.1962,18.5729,0.1329,4.2229,0.9897
1	Round_2_Replicate_11	-11513.26	23040.52	3007916628976938.0	644.78	3.205,1.326,9.1007,0.0805,0.0198,1.0286,0.4527
1	Round_2_Replicate_8	-5846.41	11706.82	6669.01	775.77	0.4171,1.3026,3.6921,0.7888,0.4453,0.6971,0.4211
1	Round_2_Replicate_8	-11274.41	22562.82	58541.29	2951.19	0.0605,0.1804,1.0126,0.3444,0.4145,1.3039,0.1427
1	Round_2_Replicate_11	-7414.21	14842.42	18457.4	303.2	2.0944,3.0197,0.0886,0.0371,1.6266,1.2173,0.182
1	Round_2_Replicate_8	-3719.62	7453.24	-53768.39	476.22	0.2593,2.9464,4.5632,3.0961,5.4862,2.277,0.0407
1	Round_2_Replicate_8	-7754.41	15522.82	20280.6	400.37	0.0658,18.5729,4.7551,2.6903,0.1173,2.1049,0.1578
1	Round_2_Replicate_3	-10256.74	20527.48	3.985782641892814e+20	464.26	1.5317,2.2254,19.8,0.1582,19.8,2.5337,0.0142
1	Round_2_Replicate_8	-8698.53	17411.06	59741.06	1350.98	0.0973,1.6819,0.1739,3.5429,2.4687,4.2949,0.1021
1	Round_2_Replicate_12	-3740.14	7494.28	236138.58	344.95	0.2809,6.1741,6.965,0.8622,0.4611,1.0543,0.0601
1	Round_2_Replicate_9	-3361.39	6736.78	20985869.06	145.54	3.3948,7.7871,0.2687,0.7199,4.411,6.8106,0.0232
1	Round_2_Replicate_5	-7334.63	14683.26	15845.89	479.29	0.0924,2.22,2.0265,1.3585,4.946,0.8151,0.3342
1	Round_2_Replicate_12	-4771.44	9556.88	5723.58	136.69	3.1463,10.8583,0.3911,0.0652,4.1702,0.7046,0.1959
1	Round_2_Replicate_9	-10124.38	20262.76	268886.17	652.02	0.1413,7.4056,2.4065,5.7465,0.2087,0.0953,0.6851
1	Round_2_Replicate_8	-3808.64	7631.28	9505.43	3671.37	0.1944,0.2,0.509,14.0259,15.1937,8.1464,0.008
1	Round_2_Replicate_9	-9957.8	19929.6	-24905.91	1072.94	0.0766,17.7282,15.525,14.6892,0.71,0.7488,0.6863
1	Round_2_Replicate_4	-9505.23	19024.46	28186.71	1669.67	0.2546,0.2564,0.6846,0.2779,3.2768,8.3802,0.0928
1	Round_2_Replicate_9	-4524.15	9062.3	1114460.98	734.3	0.2154,1.3264,12.2214,2.1545,6.0985,3.1346,0.1328
1	Round_2_Replicate_9	-7386.0	14786.0	21636.33	1431.47	0.1702,0.523,0.3571,0.8249,0.8501,16.3975,0.0172
1	Round_2_Replicate_13	-23778.01	47570.02	424149.44	849.96	0.7442,0.6696,1.4622,0.4891,0.0994,2.5022,0.9897
1	Round_2_Replicate_13	-6279.85	12573.7	7366.31	283.85	2.27,3.2702,0.5085,0.0583,1.8744,1.2207,0.3507
1	Round_2_Replicate_10	-15851.29	31716.58	86078.32	1231.97	0.5249,0.2162,0.5508,0.1919,1.0649,10.9193,0.6111
1	Round_2_Replicate_10	-4331.43	8676.86	111653.35	198.64	0.4161,14.6892,2.9896,0.9167,0.0314,3.0786,0.0995
1	Round_2_Replicate_10	-10502.96	21019.92	2.5401199154316483e+17	127.23	1.8366,9.1661,7.8175,1.4825,10.2792,0.3264,0.3496
1	Round_2_Replicate_9	-9683.98	19381.96	35048.26	3585.08	0.0929,0.1291,0.8313,1.025,2.0144,5.0932,0.0674
1	Round_2_Replicate_5	-4833.66	9681.32	95424086.83	109.61	1.4323,11.9854,5.7562,0.0448,11.0695,0.1731,0.0121
1	Round_2_Replicate_10	-24137.82	48289.64	446121.72	1121.06	0.158,0.2977,1.5093,0.1787,5.3041,0.7167,0.9898
1	Round_2_Replicate_6	-5160.18	10334.36	481826071.64	1307.52	0.4284,0.7108,14.6892,0.4131,3.9653,8.4362,0.0162
1	Round_2_Replicate_11	-7056.27	14126.54	10553.08	196.1	4.5168,2.7537,0.5096,0.0959,0.3908,13.8012,0.2939
1	Round_2_Replicate_10	-6600.6	13215.2	2723525266569.76	1966.92	0.1895,2.8883,0.1411,17.4218,0.204,2.1,0.0115
1	Round_2_Replicate_14	-7711.04	15436.08	185270654.72	263.63	5.1683,2.7196,1.7465,0.07,0.89,4.122,0.2813
1	Round_2_Replicate_11	-9986.87	19987.74	47667.79	227.91	0.1529,10.8636,0.4877,0.4426,2.1594,0.2552,0.3448
1	Round_2_Replicate_14	-19235.6	38485.2	5904122.27	1540.1	1.2513,0.3114,7.2577,0.1229,0.0966,7.4114,0.8918
1	Round_2_Replicate_10	-8212.15	16438.3	17811.31	952.68	1.0731,0.1936,0.3671,2.0842,0.9414,0.7659,0.0395
1	Round_2_Replicate_6	-5318.06	10650.12	7314.54	387.71	0.6145,2.4383,0.8828,0.0124,4.0312,0.2502,0.0102
1	Round_2_Replicate_11	-5557.01	11128.02	6404.02	2671.07	0.0707,0.2324,11.0386,6.0139,0.2046,0.2301,0.2617
1	Round_2_Replicate_11	-12253.15	24520.3	49556.7	1732.42	0.3631,0.1303,0.2984,0.6574,0.3674,3.3769,0.1526
1	Round_2_Replicate_15	-8171.24	16356.48	8072810511.99	1119.83	0.9749,0.5409,12.203,0.0322,0.0355,0.1893,0.2207
1	Round_2_Replicate_12	-12001.66	24017.32	3.465278369800755e+20	438.19	2.0574,7.2969,0.5363,9.2772,0.5043,0.2755,0.4215
1	Round_2_Replicate_12	-14865.31	29744.62	70008.48	310.35	4.0452,0.2051,0.3021,0.3403,5.3544,1.1887,0.016
1	Round_2_Replicate_11	-4079.52	8173.04	341826.94	391.3	1.2383,3.3128,0.109,1.5204,0.6674,3.7748,0.0706
1	Round_2_Replicate_15	-5957.68	11929.36	7452946.03	44.43	19.8,19.8,0.5928,0.0265,19.8,1.0096,0.032
1	Round_2_Replicate_12	-5204.54	10423.08	45064.11	732.67	0.1964,1.4768,13.2584,0.1459,5.5795,0.4076,0.2753
1	Round_2_Replicate_13	-6210.65	12435.3	14657.31	424.31	0.1328,14.6892,2.6767,1.8936,0.3341,0.138,0.0621
1	Round_3_Replicate_1	-5559.31	11132.62	12815.69	330.08	0.2263,14.6892,2.7881,1.1773,0.4753,0.2892,0.0895
1	Round_2_Replicate_12	-10738.74	21491.48	32108.79	1999.77	0.3573,0.1153,0.5841,1.1669,0.266,1.3086,0.1622
1	Round_2_Replicate_13	-4973.94	9961.88	6314.3	1198.64	0.2747,0.5988,1.307,0.5999,0.4816,2.6701,0.0337
1	Round_2_Replicate_7	-3295.67	6605.34	2344.36	189.7	0.2291,7.0542,5.3469,0.048,9.2393,4.1469,0.0426
1	Round_2_Replicate_12	-9585.93	19185.86	38395.17	2152.84	0.0982,0.2599,0.727,0.3805,2.1586,3.8313,0.0238
1	Round_2_Replicate_11	-23427.88	46869.76	1.4723506059527043e+17	787.6	0.3353,19.959,13.2525,19.0747,0.3165,7.9774,0.99
1	Round_2_Replicate_13	-7726.0	15466.0	12288.33	1038.49	0.6019,0.5155,2.1174,2.4412,0.7081,0.1343,0.4741
1	Round_3_Replicate_1	-6234.69	12483.38	5671668860.35	51.09	12.19,19.8,0.9237,0.0536,19.8,1.158,0.1424
1	Round_2_Replicate_14	-21482.55	42979.1	895612429116.5	506.12	0.679,18.3597,0.6393,5.5744,0.2023,2.786,0.9897
1	Round_3_Replicate_2	-3503.13	7020.26	3184304.69	367.63	0.389,4.9338,4.6893,1.4909,1.1486,0.7768,0.0419
1	Round_2_Replicate_8	-11785.27	23584.54	128040.79	757.0	1.395,0.3488,4.7589,0.3448,2.7419,0.3926,0.3932
1	Round_2_Replicate_14	-10701.73	21417.46	41583.22	1426.22	0.2174,0.3828,0.3323,0.5304,5.0086,15.2762,0.3682
1	Round_2_Replicate_12	-4877.4	9768.8	55428.65	576.88	0.3939,4.5908,1.1968,2.1781,0.2548,0.1599,0.2107
1	Round_3_Replicate_2	-6082.54	12179.08	87174.04	62.86	5.4147,18.3623,0.6745,0.1644,18.5729,1.1525,0.4139
1	Round_2_Replicate_7	-5569.41	11152.82	7346.04	464.16	0.1149,1.4271,4.8848,2.7661,14.6892,1.1807,0.1294
1	Round_2_Replicate_14	-5498.18	11010.36	7065.82	3433.89	0.094,0.2374,5.2894,0.5083,0.3206,3.1518,0.1577
1	Round_2_Replicate_13	-6277.52	12569.04	21388.41	1140.23	1.0143,0.1279,0.6307,18.5729,5.2195,3.4812,0.0138
1	Round_3_Replicate_3	-3100.79	6215.58	22210.53	239.7	0.6569,6.2564,2.5264,0.3435,0.1466,4.2258,0.0499
1	Round_2_Replicate_15	-7720.75	15455.5	1.7575107989887662e+18	440.58	1.3157,3.3346,5.736,6.3636,0.2117,0.879,0.0273
1	Round_2_Replicate_15	-6674.25	13362.5	476218103.87	238.84	4.452,2.8002,1.3885,0.7764,0.5224,3.4381,0.273
1	Round_2_Replicate_13	-4252.6	8519.2	4220.62	537.38	0.1147,3.0354,8.6218,1.7555,1.1986,0.1839,0.2322
1	Round_2_Replicate_15	-32093.49	64200.98	15739593.8	1151.11	1.9543,0.2032,7.1885,0.1657,0.1285,0.2567,0.9898
1	Round_3_Replicate_4	-5473.78	10961.56	23697588148.46	547.61	0.4212,2.2745,14.6892,0.3368,0.1432,2.3283,0.0814
1	Round_3_Replicate_1	-5023.29	10060.58	28762578709.16	1193.37	0.3004,2.4322,1.3281,8.964,2.4728,3.74,0.0251
1	Round_3_Replicate_1	-7791.69	15597.38	2.175646201754388e+18	141.07	6.567,14.6892,0.194,2.033,2.4213,1.8786,0.0364
1	Round_3_Replicate_3	-6051.08	12116.16	10300323215910.4	59.61	5.3363,19.8,1.5047,0.1602,19.8,3.6856,0.0547
1	Round_2_Replicate_14	-9449.29	18912.58	91351.1	2299.76	0.0452,1.0536,0.3415,6.0041,0.72,8.2451,0.0128
1	Round_3_Replicate_1	-5970.49	11954.98	7715.02	1181.51	0.1968,0.8347,1.805,1.6966,0.0521,0.7686,0.3727
1	Round_2_Replicate_13	-12644.74	25303.48	73760.09	2573.84	0.1137,0.1743,0.3465,0.768,14.8351,18.5729,0.3389
1	Round_3_Replicate_5	-5820.42	11654.84	10138.83	238.82	0.1572,10.1237,2.0424,0.2606,1.6756,0.6332,0.1965
1	Round_3_Replicate_4	-7191.84	14397.68	9835.17	79.32	4.8071,16.292,0.3083,0.0528,10.943,1.0504,0.5021
1	Round_2_Replicate_14	-10722.09	21458.18	101108.11	1258.53	0.0533,16.0104,2.8456,9.0588,0.1775,8.7686,0.0906
1	Round_2_Replicate_8	-3732.21	7478.42	3588.61	598.84	0.1106,1.6084,10.3587,1.4262,8.3837,1.5354,0.0165
1	Round_3_Replicate_2	-5126.71	10267.42	4234930199.16	1123.32	0.2517,2.534,3.4265,8.9814,3.7838,7.4206,0.1325
1	Round_3_Replicate_2	-4784.33	9582.66	-63050628844.67	50.0	12.8431,19.8,0.1754,0.5188,15.5741,19.8,0.0119
1	Round_3_Replicate_6	-4177.44	8368.88	12339.34	321.73	0.1388,9.7227,7.0729,1.3019,0.7292,0.5554,0.042
1	Round_2_Replicate_15	-9305.92	18625.84	25716.16	840.4	1.3373,0.1327,0.481,3.3234,2.1054,10.271,0.0182
1	Round_3_Replicate_2	-10031.71	20077.42	3.2370508394984056e+22	233.11	1.7901,6.3705,8.0858,6.2982,0.4911,3.6587,0.0399
1	Round_3_Replicate_5	-6270.34	12554.68	10619.57	79.67	2.8816,18.5729,0.1585,0.0648,11.4943,1.0344,0.3272
1	Round_2_Replicate_9	-6663.97	13341.94	11777435375968.33	595.78	0.4627,1.7882,19.8,0.542,19.8,5.857,0.0389
1	Round_2_Replicate_15	-25188.99	50391.98	466923.47	259.64	0.0819,14.6892,6.042,1.5689,1.1895,0.1684,0.9898
1	Round_2_Replicate_14	-7412.93	14839.86	17495.83	1825.63	0.1951,0.3346,0.5555,1.0373,4.3047,18.5729,0.1246
1	Round_3_Replicate_3	-4814.56	9643.12	94021250.12	672.5	0.1171,8.168,10.8037,7.275,2.3213,2.5696,0.0141
1	Round_3_Replicate_3	-4540.8	9095.6	4974.88	271.8	1.6102,2.1305,0.157,0.6066,9.424,2.8655,0.011
1	Round_3_Replicate_7	-3223.57	6461.14	2233.92	475.93	0.2351,2.7825,4.8643,0.6727,0.9916,1.9195,0.0777
1	Round_3_Replicate_3	-3435.16	6884.32	289420.51	545.45	0.6716,1.6824,2.4313,1.8508,0.133,3.4721,0.0478
1	Round_3_Replicate_6	-6755.23	13524.46	12720.22	86.3	9.2502,7.3719,0.3458,0.0288,15.0794,3.3223,0.2782
1	Round_3_Replicate_1	-3937.42	7888.84	5999.28	394.3	0.105,6.9523,13.1224,0.5125,0.7071,0.1392,0.06
1	Round_3_Replicate_1	-3465.45	6944.9	2868472.91	785.64	0.5216,1.272,2.1111,3.7926,2.8547,13.2487,0.0489
1	Round_2_Replicate_15	-8994.12	18002.24	35345.86	2322.58	0.1793,0.234,0.1047,1.3799,1.0446,3.7606,0.0263
1	Round_3_Replicate_4	-4838.27	9690.54	5805.96	966.15	0.2173,0.8304,1.5053,0.9318,3.3275,2.4172,0.0859
1	Round_3_Replicate_4	-4086.04	8186.08	1523204944.36	114.23	2.1749,14.6892,0.5239,0.9566,13.3429,3.8801,0.0608
1	Round_2_Replicate_10	-4743.04	9500.08	4284.39	2467.87	0.0854,0.4299,10.3185,0.0279,2.3025,4.3387,0.2267
1	Round_3_Replicate_8	-4460.88	8935.76	18271.11	399.75	0.1056,8.1748,6.0738,2.6813,0.912,0.5201,0.0507
1	Round_3_Replicate_7	-4728.0	9470.0	4172.01	73.29	5.0315,18.5729,0.1615,0.017,6.2609,6.325,0.247
1	Round_3_Replicate_4	-4695.41	9404.82	421310.74	506.48	0.2398,5.9906,2.2622,2.8004,0.2268,3.8255,0.0481
1	Round_3_Replicate_2	-8912.19	17838.38	22270.22	352.71	0.0579,11.4025,5.8222,1.0609,0.315,0.6606,0.5011
1	Round_3_Replicate_2	-6559.36	13132.72	14637.62	3821.2	0.099,0.1823,0.757,3.1487,0.6274,7.4953,0.0518
1	Round_3_Replicate_5	-7530.14	15074.28	29532016637185.06	263.54	0.854,7.6805,9.181,4.7171,1.8485,1.3072,0.0441
1	Round_3_Replicate_5	-3877.1	7768.2	984003654.03	384.56	1.4822,3.1655,0.2261,2.6228,14.6335,5.1085,0.0176
1	Round_2_Replicate_11	-5233.5	10481.0	861208.68	354.83	2.4894,2.1483,2.0362,0.0204,4.465,10.147,0.0217
1	Round_3_Replicate_8	-7267.54	14549.08	6473389712555608.0	62.0	11.81,17.4218,1.0896,0.247,6.6446,9.3184,0.0404
1	Round_3_Replicate_5	-8063.01	16140.02	71464806281612.39	416.55	1.6382,1.7438,4.1104,4.5719,0.2623,2.6497,0.3215
1	Round_3_Replicate_3	-4413.77	8841.54	10947.98	187.1	0.3969,11.2314,4.7568,2.1061,3.4892,0.0678,0.1347
1	Round_3_Replicate_9	-3709.71	7433.42	3994006.39	262.24	0.1658,10.086,10.8549,1.9721,0.183,3.1949,0.0122
1	Round_3_Replicate_3	-4538.65	9091.3	4989.88	2446.26	0.2706,0.219,0.9357,5.1627,0.6192,1.7672,0.017
1	Round_3_Replicate_6	-3683.16	7380.32	2727.17	177.76	1.2295,4.6907,0.465,0.2579,12.3489,3.9612,0.0131
1	Round_3_Replicate_6	-3219.48	6452.96	33781.45	775.23	0.4598,1.286,1.6864,2.6473,9.3992,7.2279,0.0295
1	Round_3_Replicate_9	-3522.49	7058.98	2118.19	75.95	4.091,17.6048,0.4428,0.0276,12.0095,1.2498,0.0933
1	Round_3_Replicate_6	-3663.78	7341.56	64090841.59	434.86	0.8915,3.1337,1.9806,1.953,0.5443,1.1574,0.0612
1	Round_3_Replicate_4	-4235.9	8485.8	6842.1	642.84	0.3574,1.359,5.1228,1.1876,2.3968,0.3848,0.1642
1	Round_3_Replicate_10	-4147.72	8309.44	-14549493.88	364.88	0.5878,4.8624,2.9383,2.7252,1.4938,4.1133,0.0789
1	Round_2_Replicate_9	-13169.5	26353.0	109871.01	4202.87	0.0366,0.1022,0.8113,0.5515,4.5471,5.0167,0.0153
1	Round_3_Replicate_7	-4918.94	9851.88	61037256991.53	57.24	7.3253,17.7774,0.7791,0.198,9.6607,18.5729,0.009
1	Round_3_Replicate_4	-4994.0	10002.0	7327.87	3343.55	0.1395,0.2372,0.7841,5.1873,0.5427,9.0825,0.0637
1	Round_3_Replicate_10	-7826.95	15667.9	20718546004561.93	102.65	13.0603,6.9214,1.3815,0.1408,18.5729,6.3739,0.0773
1	Round_2_Replicate_12	-5171.73	10357.46	826159.1	253.84	0.2039,4.8187,14.6892,0.2838,11.2788,3.6147,0.2291
1	Round_3_Replicate_7	-8674.88	17363.76	4.996226234881977e+17	347.04	0.7938,5.8738,14.6892,2.4794,0.0715,0.9765,0.0963
1	Round_3_Replicate_5	-7193.97	14401.94	1078197.12	385.86	0.2594,3.5711,10.9029,1.1997,2.4358,0.5563,0.5118
1	Round_3_Replicate_7	-4185.67	8385.34	33926156812.2	742.56	0.5179,2.1294,2.5641,6.0114,1.8093,8.4583,0.0229
1	Round_3_Replicate_11	-3649.98	7313.96	3757.85	316.51	0.1937,6.7053,3.2938,0.5015,0.5453,1.5031,0.0154
1	Round_3_Replicate_11	-3940.4	7894.8	3036.23	70.47	7.8116,10.3277,0.1691,0.0732,18.2365,7.8153,0.0679
1	Round_3_Replicate_5	-4725.49	9464.98	5674.67	1405.87	0.2114,0.5367,1.5349,1.1196,1.9095,3.4761,0.0439
1	Round_3_Replicate_8	-3978.38	7970.76	238767.25	309.03	1.3894,4.358,0.0997,1.1107,4.8081,13.9136,0.0146
1	Round_3_Replicate_1	-5923.93	11861.86	144466.92	3142.1	0.0713,0.6598,0.8485,10.076,8.8075,6.3893,0.0037
1	Round_3_Replicate_8	-4766.02	9546.04	42076270.05	801.12	0.3701,2.1001,2.5729,4.9421,0.1732,0.324,0.2433
1	Round_3_Replicate_6	-5637.2	11288.4	915834016.69	388.42	0.2645,5.395,14.6892,2.1954,0.7549,0.5262,0.2028
1	Round_3_Replicate_12	-3823.34	7660.68	4363.7	239.96	0.1821,8.8272,3.0035,0.6453,0.5479,3.6912,0.021
1	Round_3_Replicate_8	-3864.38	7742.76	700246.15	696.35	0.1657,2.3029,7.9106,3.9985,2.8111,3.8333,0.1087
1	Round_3_Replicate_12	-6536.97	13087.94	55402018.24	93.43	6.7048,8.6163,0.8779,0.0386,18.5729,3.0542,0.2296
1	Round_3_Replicate_9	-4160.28	8334.56	3751.82	179.02	3.127,3.9355,0.1611,0.2388,2.2387,8.8243,0.0688
1	Round_3_Replicate_6	-5650.85	11315.7	7941.01	2286.17	0.347,0.1585,1.0085,4.6538,0.251,4.5344,0.0296
1	Round_2_Replicate_10	-3224.19	6462.38	2024.47	1874.11	0.101,0.5174,12.2442,2.4181,5.9771,2.9762,0.0124
1	Round_3_Replicate_7	-6345.68	12705.36	10321.6	1108.72	0.1409,0.9879,14.0261,0.6901,0.7092,0.6195,0.4618
1	Round_3_Replicate_9	-5743.55	11501.1	106310734730.89	337.9	0.5952,6.9841,9.4935,0.5122,0.4381,0.5365,0.0259
1	Round_3_Replicate_13	-4324.06	8662.12	7795.45	295.23	0.3023,7.1518,5.4591,0.2162,0.1963,1.6412,0.198
1	Round_3_Replicate_9	-3600.43	7214.86	3196.99	805.84	0.2591,1.5078,1.4355,1.7806,2.6753,4.6999,0.0154
1	Round_3_Replicate_7	-3474.74	6963.48	12156.34	1231.25	0.1622,0.9172,5.2608,4.0594,0.4773,1.1042,0.0755
1	Round_3_Replicate_10	-3355.78	6725.56	951918.3	101.88	2.0958,14.6892,0.3342,0.4752,11.3278,3.1222,0.0391
1	Round_3_Replicate_8	-3922.28	7858.56	3504.25	1023.17	0.0589,1.314,19.8,2.313,0.3262,0.1902,0.1629
1	Round_3_Replicate_10	-4494.43	9002.86	95458.56	1300.36	0.2353,0.8521,2.5595,5.7665,0.4667,0.5952,0.2396
1	Round_3_Replicate_14	-3504.69	7023.38	2202.87	613.56	0.2233,2.3635,2.8217,0.7288,0.577,0.6442,0.0952
1	Round_3_Replicate_13	-5760.61	11535.22	789340006195.03	54.94	8.2422,19.8,1.0052,0.1584,19.8,2.1037,0.0376
1	Round_3_Replicate_10	-4156.41	8326.82	241209199.72	326.37	0.7758,4.0525,3.2313,1.7905,1.3846,2.7145,0.1022
1	Round_3_Replicate_11	-3679.29	7372.58	169544.96	138.52	7.1218,4.7287,0.0936,0.6465,2.6108,5.314,0.0103
1	Round_3_Replicate_8	-3682.03	7378.06	53641.91	1791.41	0.3714,0.3354,2.3784,8.5651,0.24,4.1762,0.0119
1	Round_3_Replicate_11	-8609.39	17232.78	1.710540507157335e+18	550.81	0.908,2.3919,14.6892,4.4987,0.0653,0.6507,0.1042
1	Round_3_Replicate_14	-8369.66	16753.32	9287404246487976.0	84.83	14.6892,10.6522,1.3644,0.2027,8.9312,3.7855,0.1161
1	Round_3_Replicate_15	-3846.04	7706.08	605836.83	180.8	0.45,10.7519,5.4451,0.3187,0.6968,3.4227,0.0612
1	Round_3_Replicate_9	-5805.59	11625.18	8136.69	918.52	0.0712,1.4769,5.048,4.4596,2.3788,0.6608,0.297
1	Round_3_Replicate_11	-3586.22	7186.44	13359.74	311.14	0.4507,3.4704,3.2867,0.7754,5.3006,1.5143,0.1014
1	Round_3_Replicate_12	-5343.24	10700.48	3086420.37	117.59	9.8337,2.2677,0.1263,1.5654,2.0163,16.3864,0.0425
1	Round_3_Replicate_9	-4714.25	9442.5	6649.19	1166.96	0.1058,1.0705,1.8355,1.9174,0.4198,1.2737,0.0116
1	Round_3_Replicate_12	-4439.71	8893.42	41319033.29	378.75	0.9789,4.5299,2.3442,1.2916,0.3863,0.8223,0.1443
1	Round_2_Replicate_11	-8612.29	17238.58	39766.47	750.74	0.0556,2.345,0.7771,1.1785,2.7394,11.6264,0.062
1	Round_3_Replicate_15	-4952.0	9918.0	1962369.79	59.16	9.9228,18.5729,0.3973,0.0613,12.8173,3.58,0.2022
1	Round_3_Replicate_12	-4165.32	8344.64	10647035.23	974.97	0.3394,1.8592,1.3594,5.0062,2.5103,5.3656,0.0961
1	Round_4_Replicate_1	-3325.68	6665.36	250121.89	286.26	0.9572,5.0147,2.627,0.1838,0.1543,2.7991,0.0294
1	Round_3_Replicate_13	-5997.48	12008.96	8480.88	125.71	9.3211,2.6246,0.1486,0.266,3.5472,8.574,0.0641
1	Round_3_Replicate_13	-9213.86	18441.72	1.3505738975439593e+20	517.75	1.0393,3.1096,14.6892,5.2391,0.0589,0.4768,0.0294
1	Round_3_Replicate_10	-4781.64	9577.28	5998.51	249.72	0.0879,8.2414,7.7997,1.9521,2.8336,0.0958,0.2131
1	Round_3_Replicate_10	-4709.8	9433.6	5181.03	794.16	0.9261,0.644,0.4921,1.2082,0.4777,0.9684,0.0152
1	Round_4_Replicate_1	-3714.71	7443.42	9964.54	119.06	3.6011,10.2341,0.8045,0.0208,6.9087,1.0919,0.0556
1	Round_3_Replicate_13	-5491.41	10996.82	10810220712.14	526.37	0.5179,1.7548,10.6902,1.6459,3.8961,2.1334,0.0674
1	Round_3_Replicate_14	-3332.64	6679.28	48467.07	568.18	0.4507,3.2095,2.994,1.0916,0.0436,0.5636,0.0504
1	Round_3_Replicate_14	-4330.11	8674.22	9032.63	92.21	1.8625,17.4218,0.1188,0.2628,10.7021,3.8737,0.0341
1	Round_3_Replicate_11	-4567.0	9148.0	4806.81	1196.04	0.0842,0.8777,5.2077,0.4941,1.0611,0.6508,0.1315
1	Round_3_Replicate_11	-4081.51	8177.02	535364481.54	1623.09	0.3533,0.6441,1.8424,11.4858,2.8827,1.6374,0.0824
1	Round_4_Replicate_2	-3376.35	6766.7	91824.44	331.15	1.245,3.7024,1.6903,0.446,0.1683,2.2315,0.064
1	Round_3_Replicate_15	-4019.2	8052.4	4124.09	974.08	0.1837,1.1575,4.9943,2.53,0.4927,0.4377,0.194
1	Round_3_Replicate_15	-3920.84	7855.68	600188.39	314.27	0.9083,5.6338,0.4044,1.2395,1.4823,1.8375,0.0323
1	Round_3_Replicate_12	-4058.18	8130.36	5454.8	345.9	0.1154,8.594,15.2222,0.8983,0.8787,0.0468,0.0558
1	Round_4_Replicate_2	-3630.9	7275.8	2106.58	84.68	3.5947,15.2913,0.277,0.0542,10.7641,2.0263,0.1352
1	Round_3_Replicate_12	-5263.79	10541.58	6346.12	2991.32	0.267,0.1452,6.5247,3.8454,0.3745,5.5667,0.0126
1	Round_4_Replicate_3	-3021.41	6056.82	2068.31	358.69	0.9329,3.4763,1.5182,0.2191,0.1236,2.3589,0.0334
1	Round_3_Replicate_13	-3901.27	7816.54	2831.51	635.55	0.1399,2.6825,5.9309,0.4369,0.6797,0.0676,0.123
1	Round_4_Replicate_1	-3759.68	7533.36	5361473778.93	93.32	3.2116,13.8805,0.4105,0.7813,14.7278,1.8995,0.0443
1	Round_4_Replicate_1	-3431.92	6877.84	1838345.34	616.01	0.5124,3.0434,2.3736,1.9428,0.0481,0.4299,0.0271
1	Round_3_Replicate_13	-4326.16	8666.32	4341.77	1617.44	0.4855,0.2841,0.8482,5.5924,2.6347,6.736,0.0188
1	Round_4_Replicate_3	-3499.69	7013.38	2123.63	103.2	2.1217,14.2755,0.6022,0.0433,8.6853,0.7411,0.0903
1	Round_3_Replicate_14	-4108.71	8231.42	3993.62	915.81	0.0624,1.3807,7.4324,3.4969,0.8536,0.0601,0.0597
1	Round_4_Replicate_4	-3252.97	6519.94	39782.29	218.54	0.6605,8.3187,1.9068,0.5375,0.0802,3.7882,0.0421
1	Round_3_Replicate_14	-5318.86	10651.72	7994.83	1161.93	0.7367,0.3129,1.1923,6.1477,1.3976,4.7051,0.1393
1	Round_4_Replicate_2	-3153.0	6320.0	604325.3	114.83	2.4554,9.3744,0.384,0.4844,13.2809,3.2507,0.0216
1	Round_4_Replicate_2	-2968.05	5950.1	16154.21	712.92	0.2929,2.0257,3.9607,1.4847,0.0505,0.6734,0.0176
1	Round_4_Replicate_4	-3366.97	6747.94	1709.94	112.43	2.7341,11.329,0.583,0.0873,8.5847,0.9379,0.0968
1	Round_2_Replicate_12	-13354.37	26722.74	132327.8	829.91	0.0276,0.7906,0.7199,0.1129,4.5922,0.6908,0.0348
1	Round_3_Replicate_15	-4911.42	9836.84	7267.72	353.5	0.0619,5.667,6.7594,3.1253,1.8978,0.0503,0.1134
1	Round_4_Replicate_5	-3137.05	6288.1	2148.87	282.02	0.5924,4.3674,2.2852,0.2352,0.1909,5.8201,0.0657
1	Round_3_Replicate_14	-5545.84	11105.68	8329.41	401.45	0.1064,8.584,4.2202,3.8284,17.119,2.1324,0.0575
1	Round_3_Replicate_15	-4729.76	9473.52	6140.59	4339.22	0.1273,0.1688,0.9344,8.1587,0.2393,7.5215,0.0648
1	Round_2_Replicate_13	-4684.78	9383.56	5146.12	261.4	0.0765,4.6133,19.8,0.0701,19.8,0.3348,0.2343
1	Round_2_Replicate_13	-6141.19	12296.38	7854.23	247.91	0.7676,2.3299,0.8128,0.0743,13.9328,1.0549,0.0368
1	Round_4_Replicate_3	-3047.54	6109.08	56915.21	125.83	2.4177,9.2654,0.6261,0.2804,7.5791,3.0282,0.0465
1	Round_4_Replicate_5	-3452.95	6919.9	53210.43	87.36	4.1973,15.166,0.6669,0.0458,8.9257,1.9419,0.0411
1	Round_4_Replicate_3	-2941.47	5896.94	8191.04	569.2	0.2924,2.6335,4.3668,0.9007,0.0709,1.1138,0.0211
1	Round_4_Replicate_1	-3428.12	6870.24	1763.2	760.56	0.2478,1.7757,6.0061,0.6252,0.534,0.117,0.1213
1	Round_3_Replicate_15	-3308.68	6631.36	13033923.47	369.68	0.7279,3.3512,2.1402,1.7687,2.5115,0.5841,0.0429
1	Round_4_Replicate_6	-3801.73	7617.46	4518207.29	256.17	0.8751,4.4905,3.6256,0.3745,0.2821,6.9819,0.0373
1	Round_2_Replicate_14	-3451.71	6917.42	66575.52	140.86	0.4057,8.7921,5.2439,0.1201,17.9433,2.4821,0.0128
1	Round_4_Replicate_4	-3677.13	7368.26	179670.96	499.19	0.7565,3.9798,2.301,0.7144,0.0329,0.5087,0.0509
1	Round_4_Replicate_4	-3547.4	7108.8	103463455.31	122.47	3.8276,6.757,0.2591,0.8693,14.2163,1.8676,0.0282
1	Round_4_Replicate_1	-3710.13	7434.26	778878981.52	548.56	0.7776,2.3637,1.3322,3.5992,5.0233,16.8338,0.0208
1	Round_4_Replicate_2	-4110.06	8234.12	2779.67	943.15	0.1356,1.3861,9.6393,0.2727,0.357,0.0923,0.2102
1	Round_2_Replicate_15	-13246.54	26507.08	7.885381519261105e+20	324.42	2.0972,3.2023,14.5335,0.0554,18.3906,0.7642,0.4419
1	Round_4_Replicate_6	-4249.86	8513.72	3423.52	66.87	2.3391,19.7535,0.3059,0.0349,19.1417,1.1643,0.1616
1	Round_4_Replicate_1	-3235.3	6484.6	392203.33	491.4	0.5843,2.1623,1.8015,1.9427,8.2597,7.429,0.0235
1	Round_4_Replicate_7	-3158.45	6330.9	267909.5	230.24	1.1591,5.4189,1.854,0.3743,0.0665,5.2585,0.0255
1	Round_2_Replicate_14	-3745.98	7505.96	3059.8	915.95	0.0435,1.3768,18.5729,1.9596,2.7977,4.5472,0.0654
1	Round_4_Replicate_5	-3201.15	6416.3	13197.8	695.12	0.3691,1.8316,3.4241,1.4702,0.0268,0.9295,0.0741
1	Round_4_Replicate_5	-2925.16	5864.32	15870.11	112.72	1.8467,12.4013,0.6396,0.2358,8.0129,2.3918,0.0348
1	Round_3_Replicate_1	-3367.11	6748.22	1926.84	315.17	0.5533,3.5848,1.5719,0.0197,2.4333,6.9501,0.0264
1	Round_4_Replicate_3	-3037.16	6088.32	1529.6	756.49	0.27,1.7041,6.0967,0.7807,0.5929,0.1317,0.049
1	Round_4_Replicate_7	-4261.84	8537.68	7769.53	77.43	6.0148,16.417,0.2548,0.0336,10.1085,0.9565,0.0444
1	Round_4_Replicate_2	-3396.62	6807.24	18045.65	1031.43	0.4339,0.8045,1.9406,3.5313,2.2619,17.3742,0.0442
1	Round_4_Replicate_8	-3002.73	6019.46	10934.92	287.48	1.1778,4.0599,1.3743,0.3628,0.2801,3.5923,0.0299
1	Round_3_Replicate_2	-3034.38	6082.76	3167.6	115.87	0.8195,14.6892,1.3765,0.0873,4.7295,4.1239,0.0179
1	Round_4_Replicate_2	-3178.14	6370.28	4326.98	1027.77	0.2511,1.0074,3.0442,2.6943,7.3358,6.7681,0.0219
1	Round_4_Replicate_6	-4129.4	8272.8	1958950.17	173.15	1.3051,10.6443,0.2945,0.9017,7.2526,3.3613,0.0445
1	Round_4_Replicate_6	-3104.66	6223.32	10560.57	748.86	0.3969,2.1713,3.1708,1.0534,0.0289,0.2946,0.0205
1	Round_4_Replicate_4	-3197.09	6408.18	1473.75	637.42	0.2201,2.5335,5.0803,0.2351,0.5918,0.1325,0.0623
1	Round_4_Replicate_8	-3090.44	6194.88	1722.99	98.32	2.1677,14.8085,0.7812,0.0363,9.0746,1.1644,0.0549
1	Round_4_Replicate_9	-3103.96	6221.92	13640.65	345.76	1.0165,3.5633,1.7152,0.3821,0.2723,2.2941,0.0428
1	Round_4_Replicate_3	-4109.15	8232.3	10268809342.1	669.51	0.6547,2.3512,1.34,4.9547,4.4031,18.5729,0.0345
1	Round_4_Replicate_7	-3809.65	7633.3	695593554.4	138.8	3.0691,7.7347,0.5971,0.8545,7.9784,2.7033,0.0559
1	Round_4_Replicate_7	-3267.63	6549.26	28211.81	646.16	0.6324,2.6032,2.0042,0.9688,0.0613,0.3143,0.0236
1	Round_3_Replicate_2	-5560.83	11135.66	4282326.58	4025.25	0.0655,0.5736,1.152,16.4043,19.8,19.8,0.0025
1	Round_4_Replicate_3	-3719.56	7453.12	394671336.22	530.84	0.8927,1.8809,1.3852,3.6456,16.1666,7.1083,0.0121
1	Round_3_Replicate_3	-3559.43	7132.86	1054308.94	85.39	0.2167,18.5729,11.4502,0.0848,14.6087,3.4116,0.0137
1	Round_4_Replicate_5	-3731.93	7477.86	2895.4	469.93	0.1467,4.9557,7.6153,0.214,0.6419,0.1166,0.0946
1	Round_4_Replicate_9	-3176.26	6366.52	1581.64	83.65	3.9001,16.3349,0.3154,0.0336,8.8249,2.6076,0.0475
1	Round_2_Replicate_15	-12001.04	24016.08	83797.8	3538.97	0.0383,0.176,0.7271,0.9056,3.4098,6.3211,0.2143
1	Round_4_Replicate_10	-3106.83	6227.66	154378.42	184.11	0.7162,7.7625,2.6277,0.3491,0.15,7.2013,0.0213
1	Round_4_Replicate_8	-3523.65	7061.3	3924.18	148.38	1.0543,8.6198,0.3927,0.3684,9.0206,2.9227,0.0215
1	Round_4_Replicate_8	-3556.24	7126.48	9823.46	620.89	0.3377,3.8843,3.5535,0.8063,0.0246,0.3126,0.0525
1	Round_4_Replicate_6	-3451.02	6916.04	1979.79	469.44	0.2208,3.6668,4.0748,0.6055,1.1525,0.132,0.0909
1	Round_4_Replicate_10	-4707.6	9429.2	8279.26	63.15	6.3328,18.4758,0.4482,0.0174,16.593,0.7676,0.1241
1	Round_4_Replicate_4	-3790.04	7594.08	4141.48	891.74	0.5132,0.7666,3.2211,1.5898,11.9223,8.9405,0.023
1	Round_3_Replicate_4	-4111.18	8236.36	4208.95	381.19	0.1247,3.1926,3.6111,0.0953,4.7225,7.9768,0.0436
1	Round_4_Replicate_4	-3648.73	7311.46	121977300.54	926.78	0.3319,1.6504,3.2206,5.563,1.4769,15.2916,0.0328
1	Round_4_Replicate_11	-3594.65	7203.3	2112409.62	260.66	0.5975,6.9535,4.0718,0.4732,0.0772,2.4814,0.0241
1	Round_4_Replicate_9	-3153.33	6320.66	160407.51	98.15	4.1642,10.6667,0.2855,0.3038,9.5189,5.5707,0.0511
1	Round_4_Replicate_9	-3824.64	7663.28	4158.79	543.28	0.2657,4.2608,2.0322,0.8955,0.0763,0.5209,0.0365
1	Round_4_Replicate_11	-4027.18	8068.36	6073.45	82.54	4.1302,16.3671,0.7711,0.027,10.4602,0.777,0.1235
1	Round_4_Replicate_7	-3277.37	6568.74	1574.0	670.98	0.1482,2.0183,7.2868,0.8253,1.0622,0.1122,0.0872
1	Round_4_Replicate_5	-3487.86	6989.72	2324.29	961.82	0.3911,0.7989,2.2081,1.8965,7.4994,10.1048,0.0269
1	Round_4_Replicate_12	-2944.12	5902.24	5769.4	341.52	0.4632,4.1418,2.8263,0.4908,0.1319,3.1102,0.0344
1	Round_4_Replicate_5	-3361.73	6737.46	26199.6	1306.2	0.3177,0.7702,1.7578,4.4384,1.5898,10.5997,0.048
1	Round_4_Replicate_10	-3448.51	6911.02	23473317.68	130.6	2.5761,10.0994,0.3586,0.7002,8.5998,3.3096,0.046
1	Round_3_Replicate_1	-3410.2	6834.4	7844.47	1887.94	0.1455,0.5265,14.6599,0.8218,16.3074,4.3907,0.0043
1	Round_4_Replicate_10	-3207.79	6429.58	3637.96	659.71	0.3966,1.9343,3.6259,0.7354,0.0325,0.9213,0.0769
1	Round_4_Replicate_12	-3906.85	7827.7	2818.62	73.99	2.7461,17.555,0.2616,0.0501,16.0303,1.4445,0.1291
1	Round_4_Replicate_8	-4362.8	8739.6	4518.76	556.89	0.211,4.3352,3.5286,0.7475,0.4283,0.072,0.1126
1	Round_3_Replicate_2	-4556.91	9127.82	2494768.71	907.88	0.2555,1.1397,8.8342,8.5119,3.3103,1.3255,0.0405
1	Round_4_Replicate_6	-3133.23	6280.46	153598.31	867.5	0.3565,1.3297,2.243,3.2254,5.4116,11.0758,0.0119
1	Round_4_Replicate_13	-3218.82	6451.64	7818.31	196.99	0.4659,7.3932,3.2494,0.3075,0.105,7.2592,0.0716
1	Round_4_Replicate_11	-3624.17	7262.34	589373.06	147.0	1.7438,8.338,0.2904,0.7391,12.0152,3.1228,0.0516
1	Round_4_Replicate_6	-3144.96	6303.92	30058.2	1014.4	0.3049,1.0297,2.7419,3.3223,2.0367,6.3447,0.02
1	Round_4_Replicate_11	-3458.94	6931.88	88868.43	663.37	0.3142,2.9707,3.4427,1.8495,0.0502,0.4017,0.0602
1	Round_4_Replicate_13	-4083.99	8181.98	6272.65	76.57	5.5013,16.9616,0.5892,0.0161,10.6624,0.8403,0.074
1	Round_3_Replicate_3	-3958.83	7931.66	21115524.34	2508.95	0.3503,0.2482,0.4045,19.6898,19.8,19.3618,0.0029
1	Round_4_Replicate_9	-3366.58	6747.16	1710.7	668.55	0.2856,1.7142,3.4908,0.4588,1.2786,0.1437,0.0463
1	Round_3_Replicate_3	-3184.23	6382.46	7455.87	570.42	0.2831,1.8914,4.108,1.4194,2.9171,9.8964,0.0175
1	Round_4_Replicate_12	-3113.69	6241.38	47649.11	109.9	2.3198,12.6306,0.304,0.3276,8.5197,2.8739,0.0331
1	Round_3_Replicate_5	-3681.61	7377.22	3560.8	98.65	0.0598,15.9468,19.7021,0.0157,9.1654,8.581,0.1074
1	Round_4_Replicate_14	-3109.4	6232.8	1445.43	350.16	0.6885,3.5164,1.4474,0.2886,0.1261,3.2771,0.0668
1	Round_4_Replicate_12	-3087.7	6189.4	62419.55	598.64	0.4364,2.4777,2.9393,1.3934,0.0763,0.8045,0.0346
1	Round_4_Replicate_7	-3421.19	6856.38	2146.34	1096.09	0.2866,0.7631,2.5241,2.013,6.307,5.4588,0.021
1	Round_4_Replicate_14	-3652.04	7318.08	2248.61	85.17	2.1429,16.4877,0.4375,0.019,12.3949,1.0536,0.1004
1	Round_4_Replicate_10	-2988.38	5990.76	1379.76	566.79	0.2442,2.5605,6.2157,0.8054,1.0892,0.1271,0.0551
1	Round_4_Replicate_7	-3466.85	6947.7	46093.22	1562.78	0.3196,0.6352,1.1155,5.6607,1.7456,15.424,0.0351
1	Round_4_Replicate_13	-3089.26	6192.52	4426.44	96.41	2.5147,12.0152,0.2637,0.267,14.2623,2.3595,0.0357
1	Round_3_Replicate_4	-4815.3	9644.6	2477585406470.0	1215.92	0.6948,0.7219,0.3839,14.6892,13.6011,13.8473,0.0055
1	Round_4_Replicate_13	-2986.51	5987.02	1680.14	679.27	0.408,1.8057,2.9576,0.6392,0.0351,0.9141,0.0324
1	Round_4_Replicate_15	-3292.75	6599.5	9500.8	221.51	0.4808,6.1621,3.6937,0.1801,0.2052,7.1991,0.073
1	Round_4_Replicate_15	-3273.31	6560.62	1939.99	61.2	5.2368,19.4858,0.4175,0.0509,18.5138,1.3502,0.0483
1	Round_4_Replicate_11	-4284.82	8583.64	3122.95	754.17	0.1475,1.5749,6.9079,0.2533,1.1687,0.0924,0.192
1	Round_3_Replicate_6	-3353.15	6720.3	2947.46	440.73	0.0904,2.9067,14.9871,0.0801,4.8256,2.6949,0.0288
1	Round_4_Replicate_8	-3492.74	6999.48	4193573.97	620.44	0.3886,2.4467,2.5456,3.1283,14.1889,12.0493,0.0475
1	Round_4_Replicate_14	-3717.29	7448.58	433933.9	145.27	1.2305,10.4171,0.3584,0.7344,9.8381,2.4322,0.0327
1	Round_3_Replicate_4	-5623.57	11261.14	8870.38	1114.16	0.0507,0.7586,4.7929,1.929,4.4555,0.9433,0.0404
1	Round_4_Replicate_8	-3883.94	7781.88	6891896.5	476.18	0.9414,1.7167,1.7694,2.495,3.204,17.6081,0.068
1	Round_4_Replicate_14	-3258.9	6531.8	14666.05	537.98	0.6273,2.8944,2.1545,0.8055,0.0195,0.737,0.0587
1	Round_4_Replicate_16	-2915.17	5844.34	2096.63	383.37	0.651,3.502,2.1104,0.2307,0.1573,2.1983,0.0261
1	Round_4_Replicate_16	-3464.11	6942.22	2622.6	66.99	3.5188,19.0903,0.761,0.049,17.5653,0.7613,0.0735
1	Round_4_Replicate_12	-3191.43	6396.86	1466.95	548.48	0.1512,2.9511,9.2239,0.853,1.0795,0.0567,0.0611
1	Round_3_Replicate_5	-5892.82	11799.64	9226.95	2182.5	0.4859,0.1157,0.1544,9.7958,4.5192,8.5122,0.0139
1	Round_3_Replicate_5	-3660.76	7335.52	2684.54	625.43	0.1534,1.6536,3.8508,0.8194,5.1549,2.7647,0.0098
1	Round_4_Replicate_15	-3116.21	6246.42	18175.16	141.49	2.4586,8.6664,0.2717,0.3859,6.366,2.2215,0.0445
1	Round_4_Replicate_9	-3232.48	6478.96	9681.8	575.95	0.4937,1.5891,2.3524,1.5569,13.1056,11.8884,0.0192
1	Round_4_Replicate_15	-3448.73	6911.46	10647.04	589.48	0.4136,3.1934,3.7354,0.5929,0.0499,0.4558,0.0722
1	Round_4_Replicate_17	-3195.93	6405.86	5721.49	275.56	0.3418,5.9409,4.326,0.3171,0.1119,3.4148,0.0672
1	Round_4_Replicate_17	-3577.16	7168.32	2050.0	65.4	4.1758,19.6386,0.4495,0.0347,16.3043,1.401,0.1282
1	Round_4_Replicate_13	-3536.39	7086.78	2351.53	795.14	0.151,1.4697,12.2818,0.4582,1.0588,0.0906,0.0916
1	Round_4_Replicate_9	-3523.8	7061.6	3132196.19	1083.8	0.3194,1.1762,2.6491,5.1706,2.6346,18.8678,0.0685
1	Round_4_Replicate_16	-3213.36	6440.72	619671.96	101.87	3.7167,11.5403,0.6167,0.2885,9.444,1.5664,0.04
1	Round_3_Replicate_6	-5190.0	10394.0	4658335483748.22	1142.37	0.7661,0.5821,0.8143,17.0542,18.2781,3.2309,0.0034
1	Round_4_Replicate_16	-3606.91	7227.82	334803.56	461.91	0.8413,3.4813,2.635,0.6124,0.0252,0.822,0.0586
1	Round_3_Replicate_6	-4018.94	8051.88	3265.57	2601.77	0.1495,0.294,5.9552,1.2437,7.6644,10.4203,0.0276
1	Round_4_Replicate_18	-3086.37	6186.74	6813.39	254.82	0.5385,5.4931,2.7962,0.3247,0.1045,5.0299,0.0585
1	Round_4_Replicate_18	-3357.32	6728.64	2531.52	120.77	2.6296,11.2169,0.5511,0.0916,7.1116,0.6627,0.0323
1	Round_4_Replicate_10	-3242.11	6498.22	62641.49	834.42	0.3635,1.4014,1.9401,2.9473,8.4909,6.8962,0.0352
1	Round_4_Replicate_14	-3454.18	6922.36	1743.42	678.46	0.2547,2.0459,4.7894,0.3398,0.6944,0.1569,0.1212
1	Round_3_Replicate_7	-3325.93	6665.86	1867.35	633.29	0.1428,1.8038,8.0598,0.0797,18.5729,1.8867,0.0221
1	Round_4_Replicate_10	-3251.47	6516.94	103472.07	570.74	0.4201,1.9134,2.7956,2.0406,2.0511,8.5396,0.0351
1	Round_4_Replicate_17	-3222.12	6458.24	5120550.5	91.45	4.0914,12.4194,0.2083,0.4472,13.5181,2.5151,0.048
1	Round_3_Replicate_7	-3627.47	7268.94	39369.24	1690.72	0.1161,0.5182,14.6892,4.8115,2.5362,1.3612,0.0205
1	Round_4_Replicate_17	-3013.93	6041.86	28479.38	694.13	0.4438,1.8006,2.5469,1.6681,0.0462,0.8379,0.0285
1	Round_4_Replicate_19	-3299.09	6612.18	4203.36	233.21	0.4854,8.0232,2.554,0.2638,0.2971,2.8221,0.0579
1	Round_4_Replicate_19	-3295.08	6604.16	1892.24	76.81	5.0472,16.4634,0.2918,0.0795,11.215,1.5929,0.0667
1	Round_4_Replicate_15	-3223.87	6461.74	1641.71	482.52	0.2185,3.5545,4.2722,0.4288,1.0742,0.1398,0.0528
1	Round_3_Replicate_8	-3665.04	7344.08	1685045.41	142.7	0.2441,10.7586,11.315,0.0276,7.0491,4.1338,0.0243
1	Round_4_Replicate_11	-3391.31	6796.62	263424.08	1088.58	0.5162,0.7309,1.3052,5.0692,12.3829,4.2181,0.0118
1	Round_4_Replicate_18	-3408.7	6831.4	52886546.57	115.93	2.7905,10.4158,0.5859,0.5848,8.8902,4.7774,0.0271
1	Round_3_Replicate_8	-3279.72	6573.44	11731.59	854.38	0.1217,1.3231,14.6892,0.8669,1.5485,5.8253,0.003
1	Round_4_Replicate_20	-3224.7	6463.4	28248.52	230.43	0.7732,7.7265,1.5951,0.4792,0.2644,3.063,0.0392
1	Round_4_Replicate_11	-4272.29	8558.58	62857145421.64	564.76	0.8587,2.0689,1.8165,4.903,2.0044,18.5729,0.0229
1	Round_4_Replicate_18	-3605.41	7224.82	1693318.47	629.09	0.6431,2.8435,3.3233,1.1153,0.0483,0.3131,0.0242
1	Round_4_Replicate_20	-4277.48	8568.96	4680.04	74.99	6.5497,16.978,0.2358,0.0548,9.702,1.3376,0.1429
1	Round_4_Replicate_16	-3592.76	7199.52	2057.27	729.86	0.2118,1.9749,4.2955,0.3884,0.5446,0.1396,0.1214
1	Round_3_Replicate_9	-4396.54	8807.08	3925493.48	168.31	0.5052,7.5632,6.6764,0.0159,6.2102,11.4103,0.093
1	Round_4_Replicate_19	-3553.09	7120.18	56277002.16	124.42	2.9757,8.6055,0.4318,0.7354,11.4924,3.7938,0.0426
1	Round_4_Replicate_19	-3032.14	6078.28	36699.33	597.84	0.4328,2.2173,3.3503,1.2161,0.0226,1.1238,0.0347
1	Round_4_Replicate_12	-3261.48	6536.96	102161.43	687.78	0.3065,1.8426,2.9191,2.6409,15.4193,6.8158,0.0333
1	Round_4_Replicate_17	-4323.11	8660.22	4767.07	625.93	0.1698,3.7674,3.3795,0.3851,0.3332,0.0724,0.0678
1	Round_4_Replicate_12	-3677.29	7368.58	1152980.75	1067.82	0.3199,1.3681,1.6035,4.668,2.5781,10.5892,0.0686
1	Round_3_Replicate_9	-4326.43	8666.86	11665.2	3334.1	0.1787,0.2048,14.6892,3.4352,11.5638,4.4457,0.0382
1	Round_3_Replicate_10	-3959.57	7933.14	28481304.05	80.65	0.5899,18.5729,5.6809,0.1014,2.6923,17.6851,0.0198
1	Round_4_Replicate_20	-2911.02	5836.04	2844.29	140.79	1.3582,9.7568,0.6236,0.2374,6.356,2.4743,0.0196
1	Round_4_Replicate_20	-3168.92	6351.84	3128.19	706.47	0.6847,1.7538,1.8754,0.7028,0.025,0.4171,0.0175
1	Round_3_Replicate_10	-4050.99	8115.98	11001.9	1844.98	0.2472,0.294,5.0689,7.4318,2.377,1.1325,0.0045
1	Round_4_Replicate_13	-3352.58	6719.16	356149.24	444.21	0.5665,2.3963,2.4046,1.746,5.3415,11.6636,0.0387
1	Round_4_Replicate_18	-3818.86	7651.72	2812.59	558.53	0.2454,3.8793,3.857,0.6772,0.4487,0.1116,0.1131
1	Round_3_Replicate_11	-5156.42	10326.84	45194582704.03	170.75	0.5149,8.6041,11.2194,0.0277,3.5417,5.484,0.0257
1	Round_4_Replicate_13	-3154.12	6322.24	34423.71	1189.53	0.2919,0.8739,2.4978,3.9845,3.2992,8.7937,0.0176
1	Round_4_Replicate_19	-2998.4	6010.8	1165.81	604.91	0.2685,2.3866,5.5054,0.6183,0.8954,0.1166,0.0502
1	Round_3_Replicate_12	-3935.78	7885.56	3309.61	236.47	0.3103,5.1149,1.83,0.0447,8.3402,6.6956,0.0836
1	Round_3_Replicate_7	-6283.5	12581.0	16420.25	5502.61	0.0698,0.1567,0.4241,6.4949,18.5729,6.2578,0.0064
1	Round_3_Replicate_11	-3283.15	6580.3	12496.87	1812.72	0.0896,0.6674,10.6925,5.633,6.2553,4.4023,0.0463
1	Round_4_Replicate_14	-3360.55	6735.1	11250.54	974.25	0.5044,0.7725,1.7121,3.3195,13.9048,13.1041,0.0147
1	Round_4_Replicate_14	-3828.28	7670.56	7092.29	785.63	0.4866,0.9677,3.0425,1.8564,3.8524,13.8108,0.0837
1	Round_4_Replicate_20	-3469.83	6953.66	2219.95	586.13	0.1833,3.3962,8.1632,0.3719,0.5038,0.0896,0.1002
1	Round_3_Replicate_13	-4947.45	9908.9	8627.87	149.09	0.1552,10.6614,1.5093,0.0674,6.4866,3.4018,0.0136
1	Round_4_Replicate_15	-4135.48	8284.96	808564315.2	452.73	0.9128,2.2368,2.006,3.151,3.3775,17.5581,0.0705
1	Round_4_Replicate_15	-3522.6	7059.2	2343.05	1167.15	0.2813,0.6966,2.4436,2.252,8.105,4.5922,0.0314
1	Round_3_Replicate_12	-3235.89	6485.78	3161.38	1409.1	0.1349,0.7249,7.8051,3.0411,16.5344,8.6708,0.0313
1	Round_4_Replicate_16	-3242.11	6498.22	41433.12	1157.6	0.402,0.7986,1.4874,4.1905,6.1329,14.6178,0.0154
1	Round_5_Replicate_1	-2789.42	5592.84	2399.29	362.36	0.5945,3.589,2.0465,0.3432,0.9818,2.0359,0.0001
1	Round_5_Replicate_1	-2789.66	5593.32	1312.17	85.01	1.1684,16.4765,1.1126,0.041,15.0685,1.7085,0.0007
1	Round_4_Replicate_16	-4928.43	9870.86	611722164.97	627.79	0.9524,0.9345,3.1979,4.8625,2.9461,15.8958,0.0614
1	Round_3_Replicate_14	-4185.38	8384.76	5347.62	105.76	0.1456,12.6183,3.3762,0.0144,17.5278,14.7923,0.0411
1	Round_3_Replicate_8	-4196.0	8406.0	5596400381.67	2710.13	0.2529,0.4528,0.1583,19.8,19.8,9.6252,0.03
1	Round_4_Replicate_17	-3457.83	6929.66	277968.05	533.88	0.5882,1.7666,2.4264,2.0352,2.1532,11.8867,0.0486
1	Round_4_Replicate_17	-3226.94	6467.88	183102.1	562.49	0.4825,2.1135,1.6493,2.2531,14.6789,6.3866,0.0177
1	Round_3_Replicate_15	-4132.77	8279.54	4048.24	131.82	0.2812,9.8817,2.0204,0.0392,15.6107,6.5916,0.1109
1	Round_5_Replicate_1	-2744.93	5503.86	1679.77	126.53	1.5192,10.1395,0.7645,0.1678,8.7478,1.7533,0.002
1	Round_5_Replicate_1	-2845.56	5705.12	3318.89	641.32	0.4392,1.8673,2.3661,1.0484,0.0791,1.1565,0.0001
1	Round_4_Replicate_18	-3150.08	6314.16	27739.96	751.65	0.4689,1.3739,1.4821,2.477,5.913,8.726,0.0142
1	Round_4_Replicate_18	-3783.12	7580.24	439376999.46	797.65	0.4924,2.0188,1.3641,4.8422,4.6009,8.3309,0.0172
1	Round_3_Replicate_9	-5021.79	10057.58	6698.79	2909.78	0.3555,0.1045,0.411,18.5729,6.5224,4.5957,0.0236
1	Round_4_Replicate_1	-3200.39	6414.78	109852.8	129.68	1.0234,12.6306,1.9947,0.1131,5.1064,2.4678,0.0193
1	Round_4_Replicate_19	-3456.63	6927.26	7089.41	894.18	0.3765,1.2946,0.9502,2.4664,6.5777,12.7964,0.0172
1	Round_4_Replicate_2	-2913.94	5841.88	1966.31	123.01	1.368,12.6306,0.8278,0.0524,2.7267,5.802,0.0163
1	Round_4_Replicate_19	-3353.5	6721.0	2899.35	1263.02	0.3043,0.706,1.9528,3.2502,4.4299,16.0406,0.0326
1	Round_4_Replicate_20	-3316.03	6646.06	169586.06	413.21	0.9017,2.4254,0.8682,1.6995,9.8725,6.8023,0.033
1	Round_4_Replicate_3	-2884.65	5783.3	2421.05	120.82	1.1681,11.3709,1.193,0.0594,8.5508,3.7235,0.0222
1	Round_5_Replicate_1	-2878.05	5770.1	1135.67	710.44	0.3809,1.7454,3.3927,0.7489,0.5709,0.2132,0.0141
1	Round_4_Replicate_20	-3460.46	6934.92	107708.59	637.96	0.34,2.2257,2.2998,2.4993,1.5067,18.9757,0.0715
1	Round_3_Replicate_10	-4945.33	9904.66	5483402.67	1455.13	0.7269,0.2145,0.4807,18.6615,18.5729,12.1172,0.0133
1	Round_3_Replicate_13	-4766.41	9546.82	5555.6	5281.75	0.0654,0.1406,7.0365,1.5641,18.4381,5.7331,0.0071
1	Round_4_Replicate_4	-2867.5	5749.0	3190.23	160.25	0.7502,8.6871,1.8967,0.0635,6.2774,3.3245,0.007
1	Round_3_Replicate_14	-3819.04	7652.08	2706.8	4922.02	0.086,0.1762,17.0135,0.6396,2.6583,1.8729,0.0082
1	Round_4_Replicate_5	-2873.06	5760.12	2917.83	215.53	0.8091,6.4759,1.8612,0.0597,3.5555,2.2744,0.0126
1	Round_5_Replicate_2	-2796.91	5607.82	2483.8	454.54	0.5043,2.8611,2.3317,0.4954,0.1877,1.8975,0.0011
1	Round_5_Replicate_2	-2764.21	5542.42	1200.19	73.78	2.2125,18.4009,0.6171,0.1024,15.9568,1.3814,0.011
1	Round_4_Replicate_6	-2964.42	5942.84	3949.99	122.67	0.6247,12.6306,2.2382,0.0496,8.4201,2.4915,0.0205
1	Round_3_Replicate_15	-3349.81	6713.62	1855.23	4246.66	0.0604,0.2334,19.3502,0.8645,4.1668,3.5701,0.0087
1	Round_4_Replicate_7	-3174.08	6362.16	52801.78	137.28	0.9168,12.6306,2.0915,0.0513,2.6359,4.0334,0.0125
1	Round_5_Replicate_2	-2825.35	5664.7	2695.3	684.04	0.3006,1.9295,4.024,0.7976,0.0162,0.9662,0.0001
1	Round_5_Replicate_2	-2777.69	5569.38	1662.59	127.19	1.4678,10.1863,0.8186,0.0984,7.7291,3.3346,0.0018
1	Round_4_Replicate_8	-3018.61	6051.22	30303.49	199.51	0.9312,6.9907,2.1748,0.071,2.4953,3.9163,0.0101
1	Round_4_Replicate_1	-3287.25	6588.5	2111.15	551.75	0.2825,2.0342,2.3809,1.1157,2.3723,9.7139,0.018
1	Round_3_Replicate_11	-5693.71	11401.42	8173847.11	3154.64	0.0985,0.6875,0.1367,12.8815,16.575,18.5729,0.004
1	Round_4_Replicate_9	-2889.43	5792.86	2173.32	121.62	0.8624,12.6306,1.3903,0.0428,3.8249,6.8227,0.0139
1	Round_4_Replicate_2	-3856.53	7727.06	3446.89	386.5	0.1983,3.4473,2.2287,0.7737,1.8512,18.2192,0.0305
1	Round_4_Replicate_10	-3099.58	6213.16	4490.25	143.23	0.8027,12.6306,1.6083,0.0486,3.65,2.2024,0.0106
1	Round_5_Replicate_2	-2734.49	5482.98	2297.39	477.78	0.4346,2.7734,3.1596,1.0171,1.5507,0.2233,0.0009
1	Round_4_Replicate_3	-3201.2	6416.4	5728.94	355.67	0.3005,3.2129,3.9905,0.8083,2.3816,15.9748,0.0097
1	Round_3_Replicate_12	-5939.77	11893.54	139891.07	3062.48	0.0796,0.6406,0.5497,9.4939,5.5709,17.3511,0.0036
1	Round_4_Replicate_11	-3313.94	6641.88	2203.67	161.7	0.6303,8.6302,0.8322,0.1017,6.527,2.1877,0.0156
1	Round_5_Replicate_1	-3081.6	6177.2	19668.73	1006.58	0.336,0.9858,2.3532,3.1756,0.5717,8.8394,0.0001
1	Round_4_Replicate_12	-3198.21	6410.42	7074.44	148.79	0.5603,12.6306,2.4022,0.1003,2.5028,3.0851,0.0153
1	Round_4_Replicate_4	-3114.84	6243.68	5512.55	718.21	0.2377,1.5465,4.0062,1.8363,2.3748,9.1522,0.0067
1	Round_5_Replicate_3	-2791.89	5597.78	2800.33	286.57	0.8131,4.4655,1.4454,0.3115,0.3348,3.809,0.0002
1	Round_5_Replicate_1	-3059.78	6133.56	23560.54	819.53	0.3394,1.3047,2.499,2.5631,3.0495,18.346,0.0007
1	Round_4_Replicate_13	-3547.88	7109.76	2931.87	145.47	0.4757,10.4171,0.9926,0.0523,6.6776,2.6928,0.0157
1	Round_5_Replicate_3	-2733.85	5481.7	1112.59	166.31	1.0788,7.8054,1.0816,0.1865,6.5512,1.1301,0.0001
1	Round_3_Replicate_13	-3633.71	7281.42	1385670.05	3122.71	0.2205,0.2861,0.5931,15.764,9.4658,17.9481,0.0048
1	Round_4_Replicate_14	-3037.09	6088.18	34970.72	126.21	0.9326,12.6306,1.7547,0.1545,5.8118,2.6904,0.0136
1	Round_4_Replicate_5	-3313.82	6641.64	12632.77	573.83	0.2838,1.801,6.0772,0.9257,5.0075,17.6675,0.0179
1	Round_4_Replicate_15	-2933.83	5881.66	5736.0	119.53	1.1866,12.6306,1.2473,0.0859,5.4622,4.4233,0.0264
1	Round_3_Replicate_14	-3812.79	7639.58	330403.44	3651.47	0.1849,0.254,0.1456,16.2464,12.1504,2.781,0.0022
1	Round_5_Replicate_3	-2789.92	5593.84	2403.08	198.41	1.0159,6.6145,1.1787,0.1723,2.1203,4.4901,0.0001
1	Round_5_Replicate_3	-2823.58	5661.16	6055.34	561.6	0.438,2.2564,2.6685,0.9068,0.0904,1.4428,0.0009
1	Round_4_Replicate_6	-3185.91	6385.82	1610.44	808.26	0.2376,1.2174,4.3986,0.7388,5.6598,11.5204,0.0066
1	Round_4_Replicate_16	-3453.85	6921.7	2784.63	129.09	0.5202,12.6306,1.0657,0.1398,6.6728,2.4465,0.0235
1	Round_4_Replicate_7	-3204.75	6423.5	2010.49	835.93	0.2198,1.1994,4.6073,1.4459,2.6381,8.5996,0.0191
1	Round_4_Replicate_17	-3071.59	6157.18	13978.18	138.92	0.5858,12.4245,2.5466,0.1037,3.4055,3.8778,0.0098
1	Round_4_Replicate_18	-3198.67	6411.34	128085.55	99.42	1.0048,14.3889,2.1112,0.1061,8.9114,6.6621,0.0219
1	Round_5_Replicate_3	-2745.76	5505.52	2158.11	601.33	0.3493,2.2239,4.1519,1.1903,0.965,0.1685,0.0003
1	Round_4_Replicate_8	-3147.18	6308.36	1991.37	769.76	0.1979,1.3486,5.7817,1.0983,3.1549,11.0832,0.0065
1	Round_4_Replicate_19	-2969.26	5952.52	6094.63	121.55	0.5585,12.6306,2.3763,0.1118,5.3139,6.3551,0.0097
1	Round_4_Replicate_9	-3523.31	7060.62	100868.38	479.01	0.4244,2.0759,5.2381,0.8529,2.2395,8.5855,0.0201
1	Round_4_Replicate_20	-3060.78	6135.56	1649.12	106.76	0.8715,12.9039,0.9021,0.105,8.799,7.2332,0.0185
1	Round_5_Replicate_4	-2791.77	5597.54	2040.22	335.92	0.6676,3.8818,1.7886,0.2926,0.6762,2.5846,0.0011
1	Round_4_Replicate_10	-3146.88	6307.76	4798.31	937.68	0.1768,1.2372,4.7469,2.4494,1.9006,8.249,0.0118
1	Round_5_Replicate_4	-2735.61	5485.22	1187.72	133.44	1.4622,9.5882,0.8168,0.1799,8.5188,1.2346,0.0017
1	Round_5_Replicate_2	-3102.86	6219.72	24097.19	1016.09	0.3445,0.9654,2.2501,3.3223,2.1981,4.1814,0.0008
1	Round_3_Replicate_15	-3952.77	7919.54	7620.95	5041.29	0.1528,0.1332,0.2864,19.959,19.0747,10.2492,0.0041
1	Round_4_Replicate_11	-3315.77	6645.54	22623.27	780.97	0.4321,1.0735,3.2462,2.2458,3.2325,12.3875,0.01
1	Round_5_Replicate_4	-2817.68	5649.36	6613.01	185.41	1.4253,6.5897,0.8476,0.2803,0.0485,7.3021,0.0053
1	Round_5_Replicate_4	-2834.9	5683.8	5753.3	610.9	0.3926,2.0586,2.8939,1.0315,0.0411,1.3386,0.0017
1	Round_4_Replicate_12	-3273.49	6560.98	1790.54	941.95	0.2582,0.9821,4.4827,0.8695,4.7308,11.713,0.0151
1	Round_5_Replicate_2	-3056.21	6126.42	20546.09	931.27	0.2759,1.166,3.1515,2.8563,7.9185,12.2053,0.0003
1	Round_4_Replicate_13	-3410.41	6834.82	3525.99	630.94	0.5305,1.3007,2.9794,0.9378,2.5014,10.9683,0.0096
1	Round_5_Replicate_4	-2727.3	5468.6	1551.61	467.64	0.4437,2.8745,3.0794,0.8048,1.5135,0.2463,0.0017
1	Round_4_Replicate_14	-3338.75	6691.5	4196.75	616.94	0.4932,1.3652,2.9745,1.1285,2.4324,5.3266,0.01
1	Round_5_Replicate_1	-2811.47	5636.94	1671.3	187.78	0.8093,7.1921,1.5075,0.0852,2.8441,5.0179,0.0001
1	Round_4_Replicate_15	-3212.4	6438.8	2193.19	564.84	0.3389,1.7473,3.8246,0.7203,4.6501,11.8197,0.0171
1	Round_5_Replicate_5	-2792.43	5598.86	2198.09	359.58	0.5277,3.729,2.254,0.3147,0.3765,2.7041,0.0009
1	Round_4_Replicate_1	-4005.78	8025.56	283575104.07	3413.49	0.1497,0.4452,1.1164,19.1183,7.9268,19.6423,0.0071
1	Round_5_Replicate_5	-2740.37	5494.74	1282.38	160.17	1.0044,8.2109,1.2052,0.1585,6.8957,1.3016,0.0002
1	Round_5_Replicate_3	-3055.14	6124.28	24017.65	847.1	0.2994,1.2842,2.9962,2.6306,0.2732,9.2012,0.0001
1	Round_4_Replicate_16	-3202.98	6419.96	2597.25	780.64	0.17,1.4037,6.0239,1.5525,1.5085,16.1131,0.0179
1	Round_5_Replicate_5	-2737.86	5489.72	1068.28	148.48	1.168,8.6823,0.9704,0.1772,7.7177,1.2073,0.0003
1	Round_4_Replicate_17	-3228.22	6470.44	2336.06	493.57	0.2933,2.3192,2.5758,1.0786,2.6156,16.2391,0.0149
1	Round_5_Replicate_5	-2850.55	5715.1	4364.33	691.17	0.3613,1.8315,2.993,1.152,0.0752,0.9027,0.0021
1	Round_4_Replicate_18	-3199.59	6413.18	27453.12	704.46	0.2968,1.9041,2.1798,2.2804,1.995,8.7003,0.007
1	Round_4_Replicate_2	-3710.75	7435.5	1713530.05	3438.97	0.2083,0.2555,0.3296,17.8815,7.7529,12.0353,0.0043
1	Round_5_Replicate_5	-2770.46	5554.92	3147.01	666.68	0.3438,1.9351,4.0927,1.4535,0.7918,0.1677,0.0018
1	Round_4_Replicate_19	-3306.61	6627.22	384321.85	524.83	0.3041,2.8866,3.3138,2.344,1.6184,7.8564,0.0248
1	Round_4_Replicate_20	-3137.2	6288.4	6021.41	821.03	0.2783,1.1931,4.0091,2.008,4.256,7.5589,0.0064
1	Round_5_Replicate_3	-3056.14	6126.28	21013.98	1104.89	0.2259,0.9839,3.9668,3.3846,1.6509,8.0256,0.0003
1	Round_5_Replicate_2	-2831.01	5676.02	1619.71	309.56	0.4488,4.5838,2.7753,0.0604,2.0088,2.0266,0.0002
1	Round_5_Replicate_6	-2792.43	5598.86	2531.84	364.38	0.6196,3.5848,1.9215,0.371,0.0946,2.8073,0.0012
1	Round_5_Replicate_6	-2735.63	5485.26	1253.17	77.81	2.1243,16.8759,0.5941,0.0922,15.5165,1.963,0.0025
1	Round_4_Replicate_3	-3635.59	7285.18	20417.08	3338.57	0.1901,0.2538,0.8139,12.4177,18.8716,16.2036,0.0039
1	Round_5_Replicate_6	-2769.08	5552.16	1828.1	168.44	1.0629,7.5867,0.9828,0.2996,6.8557,1.0727,0.0001
1	Round_5_Replicate_4	-3055.2	6124.4	22376.7	1096.3	0.2294,0.997,3.8539,3.384,1.3153,19.3842,0.0001
1	Round_5_Replicate_6	-2839.68	5693.36	5284.87	657.22	0.3684,1.897,3.0731,1.109,0.0326,1.1677,0.0009
1	Round_5_Replicate_6	-2743.75	5501.5	1096.23	506.13	0.3766,2.7031,3.4165,0.4896,1.2203,0.3101,0.0001
1	Round_4_Replicate_4	-3814.67	7643.34	60583.5	3263.92	0.1985,0.2784,0.2893,12.8379,9.8288,14.3356,0.0057
1	Round_5_Replicate_1	-2904.15	5822.3	23382.51	457.98	0.318,2.8939,3.7915,1.0091,1.5602,1.0311,0.0001
1	Round_5_Replicate_3	-2764.81	5543.62	1297.4	158.95	0.9063,8.2851,1.3948,0.1073,7.3498,1.5189,0.0001
1	Round_5_Replicate_4	-3071.62	6157.24	26959.56	764.88	0.4085,1.3599,1.971,2.4559,4.9328,9.2732,0.0009
1	Round_5_Replicate_7	-2806.03	5626.06	3361.24	211.54	1.1989,5.9122,0.9875,0.2558,0.1401,5.8939,0.0056
1	Round_5_Replicate_7	-2760.55	5535.1	1637.85	127.2	1.2779,10.0977,1.0005,0.1143,9.2442,2.1054,0.0002
1	Round_5_Replicate_7	-2807.99	5629.98	1861.99	178.38	0.8697,7.6889,1.44,0.0773,3.6775,4.2156,0.0006
1	Round_5_Replicate_5	-3062.45	6138.9	23710.17	1005.23	0.251,1.0799,3.6059,3.1237,3.7407,7.4056,0.0017
1	Round_5_Replicate_7	-2814.43	5642.86	2047.61	619.19	0.3384,2.1846,3.553,0.5849,0.088,1.0218,0.0006
1	Round_5_Replicate_7	-2772.01	5558.02	5765.99	510.77	0.5247,2.3983,2.5674,1.2955,1.4205,0.255,0.0037
1	Round_4_Replicate_5	-4459.17	8932.34	429350346.35	3613.51	0.1319,0.493,0.3267,19.7001,9.9069,19.5975,0.0078
1	Round_5_Replicate_4	-2751.65	5517.3	1270.04	105.39	1.5585,12.4935,0.7446,0.0961,10.7157,2.3099,0.0026
1	Round_5_Replicate_2	-3110.75	6235.5	13775.34	937.4	0.3684,1.0244,2.0531,2.8742,1.5937,3.8608,0.0004
1	Round_5_Replicate_8	-2793.02	5600.04	2812.11	371.6	0.6198,3.4836,1.9377,0.4002,0.4487,2.3986,0.001
1	Round_4_Replicate_6	-3660.06	7334.12	795251.72	2717.82	0.2559,0.3239,0.3932,13.3285,12.3901,17.0842,0.0028
1	Round_5_Replicate_8	-2765.53	5545.06	2577.04	128.98	1.9305,10.0146,0.7303,0.2427,8.0901,0.9629,0.004
1	Round_5_Replicate_5	-3056.13	6126.26	26291.92	712.76	0.3561,1.5339,2.5141,2.2357,3.6356,10.9843,0.0002
1	Round_4_Replicate_7	-3630.91	7275.82	240574.04	2008.32	0.3443,0.4198,0.3718,9.271,6.3304,17.8129,0.0037
1	Round_5_Replicate_8	-2731.99	5477.98	1198.58	118.62	1.4756,10.9586,0.8471,0.1405,9.7905,1.3557,0.0007
1	Round_5_Replicate_6	-3063.79	6141.58	23906.38	1008.54	0.2849,1.07,2.7898,3.1725,1.9521,9.3897,0.0005
1	Round_5_Replicate_8	-2820.6	5655.2	4301.94	597.72	0.4057,2.1318,2.8653,0.8867,0.1179,1.2101,0.0005
1	Round_5_Replicate_8	-2741.25	5496.5	1487.29	587.52	0.3301,2.3481,4.3568,0.9558,0.9623,0.1709,0.0008
1	Round_4_Replicate_8	-3633.14	7280.28	665205.84	2167.12	0.3238,0.3946,0.376,10.6877,16.004,18.0596,0.0021
1	Round_5_Replicate_5	-2808.79	5631.58	2150.04	179.58	0.8297,7.808,1.5071,0.0847,3.734,3.7321,0.0003
1	Round_5_Replicate_3	-3055.54	6125.08	25425.19	1108.61	0.2354,0.9817,3.7232,3.473,1.8212,8.1719,0.0001
1	Round_5_Replicate_9	-2794.86	5603.72	2711.68	243.24	0.9229,5.1803,1.2636,0.2733,0.7384,4.6853,0.0016
1	Round_5_Replicate_9	-2743.64	5501.28	1506.31	147.4	1.3884,8.7354,0.8715,0.1832,7.1306,1.4285,0.0056
1	Round_4_Replicate_9	-3677.91	7369.82	177396.96	3678.38	0.2058,0.1963,0.777,18.5729,9.2519,12.0769,0.0082
1	Round_5_Replicate_9	-2762.49	5538.98	1478.98	155.58	1.1833,8.2597,0.9509,0.1558,6.6432,2.0714,0.0001
1	Round_5_Replicate_6	-3055.55	6125.1	27665.94	504.56	0.5235,2.1491,1.6902,1.5931,1.6332,13.7053,0.0001
1	Round_4_Replicate_10	-3734.04	7482.08	981843.26	2443.97	0.2259,0.4686,0.5384,10.3366,12.6142,11.4735,0.0017
1	Round_5_Replicate_9	-2825.59	5665.18	3736.33	610.12	0.4149,2.1015,2.7371,0.887,0.0388,1.1598,0.0012
1	Round_5_Replicate_9	-2745.13	5504.26	1345.07	513.17	0.4082,2.659,3.3581,0.8084,1.2216,0.2201,0.0058
1	Round_5_Replicate_6	-2768.67	5551.34	1459.85	114.11	1.2766,11.5734,0.9528,0.0884,10.3042,2.4238,0.0008
1	Round_5_Replicate_7	-3058.19	6130.38	24533.4	1063.29	0.2543,1.0225,3.305,3.3336,3.8823,10.6763,0.0005
1	Round_5_Replicate_10	-2911.2	5836.4	1541.53	76.03	0.9622,19.7511,1.4629,0.0215,15.7638,1.0216,0.0214
1	Round_5_Replicate_10	-2791.93	5597.86	2355.57	350.32	0.5637,3.7957,2.2338,0.2793,0.1154,3.0858,0.0003
1	Round_4_Replicate_11	-3857.63	7729.26	14613988.99	2797.34	0.1715,0.5075,1.0177,13.1439,15.4201,16.3755,0.0032
1	Round_5_Replicate_10	-2732.8	5479.6	1165.01	131.56	1.4286,9.9183,0.8568,0.1509,8.3709,1.3053,0.0021
1	Round_5_Replicate_4	-3117.83	6249.66	2337.77	993.47	0.17,1.0276,6.6454,1.6911,1.3107,13.0507,0.0001
1	Round_5_Replicate_7	-3077.84	6169.68	22781.95	612.53	0.3026,1.9127,3.1941,1.8926,3.8886,19.9948,0.0011
1	Round_5_Replicate_10	-2754.27	5522.54	1893.71	529.23	0.3858,2.6441,3.4732,0.8066,1.0571,0.2523,0.0042
1	Round_5_Replicate_10	-2841.73	5697.46	7545.59	623.58	0.3973,2.0203,2.8623,1.1199,0.0146,1.2775,0.0013
1	Round_4_Replicate_12	-3743.29	7500.58	239702802.24	2542.53	0.2691,0.3937,0.9199,16.8154,6.9923,19.1766,0.004
1	Round_5_Replicate_7	-2830.64	5675.28	1537.46	243.59	0.5429,5.8565,2.2774,0.0423,3.682,1.7024,0.0008
1	Round_5_Replicate_8	-3055.34	6124.68	27022.24	1037.53	0.2492,1.0561,3.5179,3.2682,0.6118,17.3753,0.0001
1	Round_4_Replicate_13	-3896.28	7806.56	479343876.65	2489.63	0.3091,0.336,0.8602,19.1183,7.5876,19.6423,0.009
1	Round_5_Replicate_5	-3058.08	6130.16	29084.7	678.44	0.3811,1.6107,2.3402,2.1526,1.8351,8.7321,0.0006
1	Round_5_Replicate_8	-3063.61	6141.22	23918.86	991.18	0.2975,1.0491,2.8679,3.1225,10.6802,8.3458,0.0001
1	Round_5_Replicate_8	-2807.72	5629.44	2140.46	156.29	0.9682,8.8991,1.2823,0.08,3.2872,5.6125,0.0011
1	Round_5_Replicate_9	-3079.73	6173.46	10420.2	926.88	0.3325,1.1011,2.2503,2.7167,2.6879,8.0425,0.0001
1	Round_4_Replicate_14	-3946.65	7907.3	203175.17	3083.88	0.2892,0.1783,0.368,19.7001,11.0173,19.5975,0.0032
1	Round_5_Replicate_6	-3066.28	6146.56	26989.44	683.68	0.3054,1.6686,3.1583,2.1366,2.587,19.4757,0.0008
1	Round_4_Replicate_15	-4146.84	8307.68	5615.9	3609.44	0.1779,0.2171,0.3005,10.2784,13.9735,16.0076,0.0028
1	Round_5_Replicate_9	-3055.81	6125.62	23623.98	947.4	0.2629,1.1592,3.3785,2.9398,1.7699,8.4368,0.0002
1	Round_5_Replicate_9	-2771.09	5556.18	1391.85	211.24	0.8104,6.0301,1.4399,0.1865,4.9295,1.6146,0.0001
1	Round_5_Replicate_10	-3060.76	6135.52	37669.66	1016.35	0.2582,1.0883,3.415,3.3105,0.954,6.0737,0.0011
1	Round_4_Replicate_16	-3750.25	7514.5	336806.5	4406.69	0.1504,0.212,0.3849,19.5094,13.9683,18.5923,0.0026
1	Round_4_Replicate_17	-3843.1	7700.2	32662.61	2907.03	0.2004,0.3374,0.4028,10.2003,8.8837,16.3755,0.0039
1	Round_5_Replicate_7	-3058.39	6130.78	18227.76	776.34	0.3262,1.3952,2.6809,2.3506,1.4955,18.5314,0.0009
1	Round_5_Replicate_10	-3059.12	6132.24	20760.86	781.12	0.3367,1.3857,2.5466,2.4045,1.4562,17.029,0.001
1	Round_5_Replicate_10	-2793.65	5601.3	1099.73	284.21	0.587,4.9652,1.8689,0.1315,2.6882,1.001,0.0006
1	Round_4_Replicate_18	-3855.05	7724.1	15119.92	3195.75	0.1994,0.2731,0.3389,11.2498,12.1701,12.366,0.0027
1	Round_4_Replicate_19	-3893.36	7800.72	73429785.66	3183.52	0.1821,0.4053,0.4929,17.1729,5.4255,18.3905,0.0025
1	Round_5_Replicate_8	-3114.11	6242.22	1715.48	1125.74	0.1289,0.9407,9.486,1.0176,1.093,7.9701,0.0001
1	Round_4_Replicate_20	-3648.27	7310.54	1916512.92	2338.5	0.3104,0.3575,0.4276,12.6306,12.1111,13.3667,0.0037
1	Round_5_Replicate_9	-2746.73	5507.46	2573.13	487.03	0.4866,2.7859,2.6155,0.9764,1.271,0.2582,0.0001
1	Round_5_Replicate_10	-3059.2	6132.4	46954.97	766.91	0.3508,1.4321,2.5683,2.5459,1.5895,8.1536,0.0002
1	Round_5_Replicate_1	-3089.76	6193.52	12546.82	6587.74	0.051,0.1484,15.2969,19.9278,11.3134,12.2591,0.0008
1	Round_5_Replicate_2	-3435.84	6885.68	131800.27	1205.33	0.5007,0.7455,0.5476,5.0178,4.1846,17.8083,0.0001
1	Round_5_Replicate_3	-3523.17	7060.34	418500.45	1422.56	0.4573,0.6261,0.4444,6.5526,10.8647,15.2671,0.0001
1	Round_5_Replicate_4	-3055.57	6125.14	24681.9	2581.78	0.0965,0.4256,9.2557,8.0411,1.5923,16.572,0.0002
1	Round_5_Replicate_5	-3564.06	7142.12	678282.07	1525.69	0.4476,0.5653,0.3952,7.4593,16.97,19.3033,0.0001
1	Round_5_Replicate_6	-3480.77	6975.54	5310406.6	3412.43	0.1846,0.278,1.7656,18.0408,18.903,18.535,0.0001
1	Round_5_Replicate_7	-3344.19	6702.38	45983.9	1125.62	0.5097,0.7633,0.7588,4.3751,11.9263,18.363,0.0001
1	Round_5_Replicate_8	-3229.92	6473.84	18657.93	1327.99	0.3595,0.6889,1.3822,4.5024,5.1592,14.9334,0.0001
1	Round_5_Replicate_9	-3549.65	7113.3	362957.74	2290.2	0.2886,0.3843,0.6233,10.5377,19.7214,9.5927,0.0001
1	Round_5_Replicate_10	-3328.73	6671.46	78747.93	1187.81	0.4572,0.7821,0.8182,4.6034,9.6455,10.4811,0.0001
