Model	Replicate	log-likelihood	AIC	chi-squared	theta	optimized_params(nu1, nu2, m, mi, T1, T2, P)
Model	Replicate	log-likelihood	AIC	chi-squared	theta	optimized_params(nu1, nu2, m, mi, T1, T2, P)
Model	Replicate	log-likelihood	AIC	chi-squared	theta	optimized_params(nu1, nu2, m, mi, T1, T2, P)
Model	Replicate	log-likelihood	AIC	chi-squared	theta	optimized_params(nu1, nu2, m, mi, T1, T2, P)
Model	Replicate	log-likelihood	AIC	chi-squared	theta	optimized_params(nu1, nu2, m, mi, T1, T2, P)
Model	Replicate	log-likelihood	AIC	chi-squared	theta	optimized_params(nu1, nu2, m, mi, T1, T2, P)
Model	Replicate	log-likelihood	AIC	chi-squared	theta	optimized_params(nu1, nu2, m, mi, T1, T2, P)
Model	Replicate	log-likelihood	AIC	chi-squared	theta	optimized_params(nu1, nu2, m, mi, T1, T2, P)
Model	Replicate	log-likelihood	AIC	chi-squared	theta	optimized_params(nu1, nu2, m, mi, T1, T2, P)
Model	Replicate	log-likelihood	AIC	chi-squared	theta	optimized_params(nu1, nu2, m, mi, T1, T2, P)
1	Round_1_Replicate_1	-21471.45	42950.9	319011.1	1354.86	0.3597,0.3067,0.0673,0.9895
1	Round_1_Replicate_1	-5763.69	11535.38	10587.16	1212.72	0.4395,0.4918,0.0975,0.1676
1	Round_1_Replicate_1	-10685.91	21379.82	57217.92	434.83	5.7983,1.2166,0.5736,0.3414
1	Round_1_Replicate_1	-40510.83	81029.66	220731225.54	288.42	0.1767,12.2627,1.0477,0.9885
1	Round_1_Replicate_1	-5723.78	11455.56	24711.18	914.75	1.741,0.6903,0.1032,0.1235
1	Round_1_Replicate_1	-9659.81	19327.62	52930402459.27	657.08	3.553,2.5763,0.132,0.5115
1	Round_1_Replicate_1	-32549.57	65107.14	4962640.21	676.62	0.4887,1.3999,1.5318,0.9883
1	Round_1_Replicate_2	-8248.83	16505.66	20089.5	1432.25	0.4299,0.1479,0.0509,0.1955
1	Round_1_Replicate_2	-30334.63	60677.26	4.383742172328086e+22	603.16	13.5576,6.7777,0.1022,0.989
1	Round_1_Replicate_2	-11796.99	23601.98	45074.96	844.29	7.6862,0.2136,0.1152,0.3028
1	Round_1_Replicate_2	-21785.25	43578.5	238611.6	649.45	0.6503,12.7956,0.1253,0.9885
1	Round_1_Replicate_2	-54445.16	108898.32	1037173013.76	484.14	4.8152,0.1284,1.0689,0.9833
1	Round_1_Replicate_2	-35833.01	71674.02	4600863304.05	213.88	0.1948,13.2278,2.0102,0.0685
1	Round_1_Replicate_3	-52391.97	104791.94	1400154211444.15	1072.45	0.1254,0.6929,1.8426,0.145
1	Round_1_Replicate_3	-23305.3	46618.6	294862.0	542.56	2.3145,2.9884,0.2787,0.9883
1	Round_1_Replicate_3	-25013.66	50035.32	145216115.57	360.86	4.198,9.3992,0.3572,0.9883
1	Round_1_Replicate_1	-24019.7	48047.4	19198534.76	1988.41	0.1795,0.2191,0.6712,0.0575
1	Round_1_Replicate_1	-73910.67	147829.34	-4.695963175810753e+28	227.58	0.1119,5.4962,7.349,0.9894
1	Round_1_Replicate_3	-13040.57	26089.14	623985.4	520.24	4.3438,2.3644,0.2679,0.7738
1	Round_1_Replicate_4	-38133.41	76274.82	74809270.22	293.66	0.2818,8.5762,1.4479,0.9885
1	Round_1_Replicate_4	-75050.56	150109.12	7869195476017.06	779.34	0.3642,0.511,3.9921,0.9885
1	Round_1_Replicate_4	-24258.43	48524.86	11634641.28	992.33	0.9664,0.2385,1.0877,0.0452
1	Round_1_Replicate_3	-27412.03	54832.06	9123726.2	537.47	2.5005,0.4194,1.6764,0.6594
1	Round_1_Replicate_3	-28748.84	57505.68	810899.92	123.06	10.4118,12.3632,2.5884,0.9897
1	Round_1_Replicate_5	-10102.61	20213.22	29739.02	750.99	5.3958,0.4219,0.1642,0.3335
1	Round_1_Replicate_5	-32609.19	65226.38	2827363.41	78.36	11.3093,13.9086,7.9808,0.9899
1	Round_1_Replicate_5	-26362.0	52732.0	1062836.5	448.48	0.6096,4.2615,0.8212,0.9883
1	Round_1_Replicate_2	-61096.85	122201.7	-6.324325016025034e+24	561.37	1.7983,0.0879,3.8473,0.22
1	Round_1_Replicate_2	-34012.73	68033.46	2563460.3	447.76	4.0122,0.6144,1.1774,0.9883
1	Round_1_Replicate_4	-11615.34	23238.68	84821.35	581.4	4.1994,1.6003,0.2397,0.6932
1	Round_1_Replicate_4	-31345.0	62698.0	1919407.65	1228.1	0.4678,0.398,0.8064,0.9899
1	Round_1_Replicate_6	-24791.29	49590.58	27380188.96	566.4	1.2331,0.8039,2.8745,0.129
1	Round_1_Replicate_6	-38789.05	77586.1	15685646.77	1038.32	0.5632,0.4316,1.444,0.9883
1	Round_1_Replicate_6	-12458.32	24924.64	241155.65	227.62	7.1323,2.8348,2.0292,0.1937
1	Round_1_Replicate_3	-38979.08	77966.16	7640591.39	304.85	8.0435,0.5991,1.6105,0.989
1	Round_1_Replicate_3	-23993.12	47994.24	632937.21	1127.75	0.1496,1.0107,0.2432,0.9899
1	Round_1_Replicate_5	-10559.16	21126.32	34892.03	1624.05	0.1297,0.2227,0.0477,0.6484
1	Round_1_Replicate_4	-65357.77	130723.54	2.7926010136124793e+22	265.47	0.5201,1.3243,16.3154,0.0578
1	Round_1_Replicate_5	-7381.64	14771.28	1624818.1	638.41	7.6588,1.1954,0.1615,0.2432
1	Round_1_Replicate_2	-16640.38	33288.76	305488.44	349.6	2.153,3.4478,1.2583,0.8204
1	Round_1_Replicate_7	-8373.65	16755.3	48127.77	463.43	0.786,6.8651,0.3892,0.3757
1	Round_1_Replicate_7	-13634.13	27276.26	268717.59	244.49	5.6719,3.0943,1.9182,0.4532
1	Round_1_Replicate_7	-6461.98	12931.96	50317.79	332.34	5.2066,4.9926,0.5576,0.0941
1	Round_1_Replicate_4	-26348.6	52705.2	6395958.3	334.47	3.733,0.9975,3.0095,0.7455
1	Round_1_Replicate_5	-25189.51	50387.02	112531711.13	786.24	4.3697,0.9817,0.1024,0.9885
1	Round_1_Replicate_6	-5545.67	11099.34	15851.16	474.64	1.2715,5.9417,0.3415,0.0812
1	Round_1_Replicate_6	-50806.73	101621.46	740835537.87	545.48	1.2859,0.6202,3.8305,0.9885
1	Round_1_Replicate_4	-54602.29	109212.58	5360605318457.04	133.03	0.2461,19.2024,4.1056,0.1793
1	Round_1_Replicate_8	-12297.92	24603.84	478251.2	90.83	7.9415,17.8855,4.9882,0.1282
1	Round_1_Replicate_8	-27990.08	55988.16	4481639125110552.5	431.05	9.7263,7.3867,0.2168,0.989
1	Round_1_Replicate_5	-25149.23	50306.46	4425820.99	155.45	5.2088,4.7025,6.7022,0.8491
1	Round_1_Replicate_6	-48179.06	96366.12	287486545.03	2664.25	0.1035,0.1235,0.5516,0.9897
1	Round_1_Replicate_7	-20970.1	41948.2	259429.94	1321.49	0.2275,0.5453,0.1357,0.9897
1	Round_1_Replicate_7	-31827.39	63662.78	206689535.4	1322.36	0.5191,0.1892,1.2164,0.0809
1	Round_1_Replicate_9	-29184.2	58376.4	1552016.77	153.42	3.5968,10.7511,3.1674,0.9885
1	Round_1_Replicate_8	-77433.81	154875.62	-3.09941439394107e+23	535.21	0.2418,0.4674,8.3861,0.9897
1	Round_1_Replicate_3	-10291.03	20590.06	101495.35	1570.63	0.1782,0.3821,0.197,0.2561
1	Round_1_Replicate_6	-16999.67	34007.34	218157.03	1186.12	0.8346,0.2286,0.29,0.679
1	Round_1_Replicate_9	-80461.26	160930.52	-1.2585717838872254e+26	475.65	1.7596,0.1239,5.8242,0.9894
1	Round_1_Replicate_8	-30220.6	60449.2	3315802.92	165.87	1.6328,14.509,2.4682,0.9883
1	Round_1_Replicate_8	-40985.69	81979.38	15376482.82	360.93	4.3899,0.5937,2.3131,0.9883
1	Round_1_Replicate_1	-65925.08	131858.16	1.288265058550912e+17	1123.89	0.1454,0.1412,3.6785,0.9894
1	Round_1_Replicate_7	-84654.05	169316.1	1027031519849176.4	475.41	0.1789,2.1635,3.8109,0.9897
1	Round_1_Replicate_9	-11760.3	23528.6	68077.43	1070.29	0.2157,1.1717,0.1327,0.7486
1	Round_1_Replicate_10	-77974.05	155956.1	2.454338428153896e+25	188.82	3.568,0.4488,18.6825,0.095
1	Round_1_Replicate_7	-48261.88	96531.76	15597312285.66	924.38	1.0607,0.146,1.6315,0.6187
1	Round_1_Replicate_5	-76402.72	152813.44	-1.262534438863214e+29	446.42	0.1007,1.8866,5.8177,0.9897
1	Round_1_Replicate_9	-57661.19	115330.38	7573231284.95	790.83	0.8187,0.3452,2.8775,0.9885
1	Round_1_Replicate_9	-6988.86	13985.72	20279.23	729.01	1.9797,0.8322,0.2921,0.0852
1	Round_1_Replicate_10	-22022.02	44052.04	10174964.94	475.6	1.737,0.9383,2.9018,0.0817
1	Round_1_Replicate_8	-16963.84	33935.68	241646.79	354.82	2.6909,3.0836,1.1105,0.848
1	Round_1_Replicate_11	-51262.87	102533.74	237309943474.8	359.84	2.6879,0.4669,5.7713,0.0672
1	Round_1_Replicate_8	-39724.35	79456.7	9562272.32	274.08	8.528,0.6765,1.9694,0.9889
1	Round_1_Replicate_6	-29738.3	59484.6	1867281.41	2995.77	0.0736,0.1083,0.2064,0.9897
1	Round_1_Replicate_10	-84993.81	169995.62	-3.628976414176924e+25	546.43	1.98,0.0698,3.6679,0.9898
1	Round_1_Replicate_11	-26102.67	52213.34	25921708858.39	631.56	8.5892,1.7583,0.1392,0.9885
1	Round_1_Replicate_10	-24674.38	49356.76	429398.13	318.91	1.8846,7.425,0.7659,0.9883
1	Round_1_Replicate_10	-24086.53	48181.06	320361.12	351.17	2.3314,6.583,0.5845,0.9883
1	Round_1_Replicate_12	-48039.43	96086.86	838203468.74	1713.88	0.1086,0.365,0.8718,0.9899
1	Round_1_Replicate_4	-6971.67	13951.34	4600620.83	480.92	2.9624,4.5584,0.2747,0.2842
1	Round_1_Replicate_9	-53051.51	106111.02	302069383772.99	1663.92	0.2276,0.1509,1.4768,0.4469
1	Round_1_Replicate_9	-27116.34	54240.68	573334.88	328.47	9.0566,2.5793,0.6292,0.9885
1	Round_1_Replicate_11	-40117.08	80242.16	1.5911978322297338e+17	225.19	1.0407,1.0212,19.983,0.1062
1	Round_1_Replicate_12	-26597.82	53203.64	6069009.37	685.81	11.2267,0.8907,0.1333,0.989
1	Round_1_Replicate_7	-22074.01	44156.02	237404.42	589.0	0.8918,8.955,0.1678,0.9883
1	Round_1_Replicate_13	-24325.13	48658.26	164824332.42	670.84	3.3061,1.9042,0.1475,0.9883
1	Round_1_Replicate_11	-32921.51	65851.02	7342784.29	219.58	1.0614,7.9961,2.8968,0.9885
1	Round_1_Replicate_10	-12681.2	25370.4	160800.87	1399.37	0.328,0.3916,0.3154,0.4629
1	Round_1_Replicate_11	-86850.79	173709.58	3429760172760542.5	182.74	0.2525,8.976,5.6651,0.9899
1	Round_1_Replicate_12	-38289.32	76586.64	12024404689.76	304.66	0.4365,4.0158,4.5013,0.0614
1	Round_1_Replicate_10	-7979.95	15967.9	84345.28	647.51	0.2795,4.0365,0.2894,0.1049
1	Round_1_Replicate_13	-32656.89	65321.78	2241504.49	576.85	12.4431,0.3353,0.2687,0.9897
1	Round_1_Replicate_14	-9679.19	19366.38	40791.03	1804.16	0.1726,0.1661,0.0855,0.2903
1	Round_1_Replicate_12	-30814.33	61636.66	1411903.28	411.63	3.0656,1.1761,1.5682,0.9883
1	Round_1_Replicate_11	-30621.05	61250.1	18297850.08	433.42	2.7357,0.6327,2.6444,0.7976
1	Round_1_Replicate_13	-30553.56	61115.12	2973524.77	261.74	1.2314,5.9083,2.4507,0.9885
1	Round_1_Replicate_14	-26096.09	52200.18	3706004.44	736.02	0.8259,0.7934,1.6719,0.8768
1	Round_1_Replicate_11	-4996.68	10001.36	2823150.78	680.92	0.7098,11.0107,0.1113,0.0632
1	Round_1_Replicate_15	-30436.59	60881.18	26347314.39	352.64	8.6373,0.2145,1.211,0.1323
1	Round_1_Replicate_12	-66569.62	133147.24	-2.406628532947049e+26	539.69	1.1903,0.1361,6.1716,0.7489
1	Round_1_Replicate_12	-42283.76	84575.52	19220224880.69	98.71	0.9532,17.4476,9.6028,0.6259
1	Round_1_Replicate_14	-44031.14	88070.28	6021225992.94	458.95	3.503,0.1955,2.0822,0.1527
1	Round_1_Replicate_15	-27934.61	55877.22	1044455.77	1497.77	0.2781,0.3725,0.5202,0.9897
1	Round_1_Replicate_12	-65881.03	131770.06	450129970402.41	439.91	0.4574,1.6843,5.5179,0.9899
1	Round_2_Replicate_1	-7972.5	15953.0	92402.92	323.41	1.5302,6.166,0.9857,0.0163
1	Round_1_Replicate_15	-4658.53	9325.06	6917.77	1219.66	0.1786,0.7981,0.0538,0.1505
1	Round_1_Replicate_13	-89929.79	179867.58	-3.99767325925359e+29	527.32	0.7181,0.1584,8.0605,0.9902
1	Round_1_Replicate_13	-30306.18	60620.36	2051942.03	1045.06	3.0344,0.1351,0.0759,0.9897
1	Round_2_Replicate_2	-16779.34	33566.68	3425631.87	155.21	0.9595,17.7027,2.6559,0.1299
1	Round_2_Replicate_1	-22139.37	44286.74	375892.72	876.43	0.2136,2.3712,0.1512,0.9897
1	Round_1_Replicate_2	-8781.1	17570.2	33510.18	1292.62	0.5027,0.3269,0.157,0.2666
1	Round_1_Replicate_13	-37311.02	74630.04	7091949611.35	749.38	0.1473,1.4791,1.5821,0.0693
1	Round_1_Replicate_5	-75577.03	151162.06	2.4597429887422033e+21	1012.36	0.163,0.1179,4.3397,0.989
1	Round_2_Replicate_1	-5940.93	11889.86	6288941134367.05	1096.84	0.3376,2.1086,0.0206,0.0442
1	Round_2_Replicate_2	-13196.23	26400.46	653818.24	343.2	0.2439,17.7027,0.5405,0.0455
1	Round_1_Replicate_14	-22605.77	45219.54	269492.38	575.47	1.056,3.2374,0.3318,0.9889
1	Round_1_Replicate_14	-29546.26	59100.52	1466089.26	768.91	12.9355,0.3152,0.1255,0.9897
1	Round_2_Replicate_3	-5737.43	11482.86	239507451.42	582.82	4.5702,2.391,0.1841,0.0247
1	Round_1_Replicate_14	-33866.0	67740.0	3173619.12	813.68	6.8969,0.1459,0.1479,0.9897
1	Round_2_Replicate_3	-7951.49	15910.98	26154.64	749.59	0.2176,14.7579,0.0987,0.4477
1	Round_2_Replicate_2	-6019.13	12046.26	20255.0	1283.2	0.2101,0.6188,0.1137,0.1039
1	Round_2_Replicate_4	-6061.63	12131.26	89653785.77	523.61	1.6084,10.6605,0.1857,0.1027
1	Round_1_Replicate_15	-17768.67	35545.34	3346615.99	140.93	6.2745,4.9759,7.0727,0.0565
1	Round_1_Replicate_13	-54740.27	109488.54	-1.4098777553452276e+27	190.81	0.0669,11.1337,3.6463,0.5177
1	Round_1_Replicate_15	-42947.37	85902.74	397501710.26	161.37	0.4502,17.1499,2.7902,0.9883
1	Round_2_Replicate_4	-21859.17	43726.34	20075155.05	162.06	0.5754,17.7027,2.5827,0.2259
1	Round_1_Replicate_15	-24953.04	49914.08	647597.88	987.28	1.1831,0.2746,0.4418,0.9376
1	Round_2_Replicate_3	-6974.14	13956.28	18779.92	1050.45	0.5306,0.9427,0.0762,0.4618
1	Round_2_Replicate_5	-9901.66	19811.32	91777.65	154.85	14.7579,5.3986,2.0277,0.0217
1	Round_2_Replicate_1	-5430.04	10868.08	37631.49	692.19	0.7495,4.7563,0.1416,0.2181
1	Round_1_Replicate_14	-31735.58	63479.16	1656797.63	304.89	5.8952,1.392,1.6305,0.9883
1	Round_2_Replicate_1	-6626.65	13261.3	11890.73	906.87	2.1165,0.4686,0.128,0.0687
1	Round_1_Replicate_6	-9163.25	18334.5	30740.29	1667.69	0.2332,0.1634,0.0762,0.2742
1	Round_2_Replicate_5	-6843.95	13695.9	38308.48	893.71	0.2906,7.2865,0.0582,0.4491
1	Round_2_Replicate_1	-4245.31	8498.62	230859.39	944.49	0.2207,13.5656,0.0431,0.0567
1	Round_1_Replicate_8	-90683.16	181374.32	-3.244764204185524e+32	285.14	2.3039,0.0988,13.0129,0.99
1	Round_2_Replicate_4	-16372.33	32752.66	541669.8	924.5	0.0849,2.2523,0.1646,0.7662
1	Round_2_Replicate_6	-7868.06	15744.12	927112994560946.8	625.03	10.602,2.7643,0.1183,0.0093
1	Round_2_Replicate_2	-11149.22	22306.44	293623.43	332.21	0.3982,15.6832,0.5861,0.0844
1	Round_1_Replicate_15	-7780.45	15568.9	20019.39	1166.2	0.2807,0.783,0.0975,0.4977
1	Round_2_Replicate_6	-23064.73	46137.46	326932.83	743.75	0.912,1.3567,0.3748,0.9889
1	Round_2_Replicate_2	-7115.13	14238.26	10783330.83	1139.79	2.9248,0.2204,0.0271,0.0414
1	Round_2_Replicate_2	-5014.71	10037.42	1041526.2	616.98	0.8134,11.9634,0.1391,0.0329
1	Round_2_Replicate_5	-6351.5	12711.0	40258.15	639.1	0.5427,2.9818,0.3473,0.0385
1	Round_2_Replicate_7	-5682.13	11372.26	550011445.12	569.55	3.2811,3.3427,0.1886,0.0402
1	Round_1_Replicate_9	-15044.17	30096.34	2019565.5	139.84	2.2336,12.7758,4.297,0.0659
1	Round_2_Replicate_3	-8180.68	16369.36	49734.35	848.54	0.5562,2.8315,0.094,0.5826
1	Round_2_Replicate_3	-9944.85	19897.7	33205.41	523.6	14.7579,0.6098,0.2821,0.1393
1	Round_2_Replicate_1	-7396.28	14800.56	15778.62	773.97	3.1536,0.5655,0.1797,0.1145
1	Round_2_Replicate_7	-5764.29	11536.58	14044.94	692.86	0.4092,6.4946,0.1433,0.2097
1	Round_2_Replicate_6	-6202.98	12413.96	122410.31	1156.83	1.287,0.2649,0.0389,0.0297
1	Round_2_Replicate_3	-7756.21	15520.42	10214789.62	282.33	5.4907,10.3502,0.5437,0.2053
1	Round_2_Replicate_8	-5932.6	11873.2	39914705.93	414.37	3.3541,7.0097,0.3135,0.0297
1	Round_1_Replicate_10	-16389.52	32787.04	2.405743430160429e+17	530.33	8.4137,6.0188,0.1481,0.7606
1	Round_1_Replicate_7	-43871.9	87751.8	265461845.13	148.91	1.2058,9.7217,7.0985,0.9895
1	Round_2_Replicate_8	-8739.73	17487.46	132562.46	341.1	1.4082,5.1543,1.0842,0.0489
1	Round_2_Replicate_7	-12901.5	25811.0	556597.65	948.98	0.0487,2.3609,0.144,0.0773
1	Round_2_Replicate_4	-8534.67	17077.34	27617.92	373.14	11.9634,1.4719,0.5113,0.0736
1	Round_2_Replicate_4	-3956.89	7921.78	103978.5	1022.17	0.1415,16.2769,0.0307,0.0175
1	Round_2_Replicate_9	-8372.24	16752.48	97581.89	219.45	3.142,8.5821,1.5146,0.0163
1	Round_2_Replicate_4	-7128.04	14264.08	23444.01	364.07	3.1183,5.1543,0.5512,0.2488
1	Round_2_Replicate_2	-11130.01	22268.02	41312.36	892.06	3.5299,0.2313,0.1321,0.2627
1	Round_1_Replicate_11	-27154.46	54316.92	600012.25	153.52	6.9515,12.7887,1.7987,0.9883
1	Round_2_Replicate_9	-14168.76	28345.52	173165.89	530.6	0.2959,14.7579,0.227,0.7708
1	Round_2_Replicate_8	-6508.82	13025.64	33940.19	1094.49	0.1511,1.2316,0.1213,0.1125
1	Round_2_Replicate_10	-8799.75	17607.5	128452.03	229.55	10.9998,6.4902,0.8409,0.2878
1	Round_2_Replicate_5	-4721.04	9450.08	10680.77	693.19	0.4082,7.3244,0.1357,0.0188
1	Round_2_Replicate_5	-18041.27	36090.54	169386.29	797.23	3.855,0.2658,0.193,0.7713
1	Round_2_Replicate_3	-11906.56	23821.12	3.2838965751157e+22	669.2	12.2449,5.1991,0.0832,0.1234
1	Round_2_Replicate_5	-11140.52	22289.04	157847.85	912.05	0.3534,1.2148,0.4007,0.4453
1	Round_2_Replicate_10	-11549.47	23106.94	4.107077822227479e+18	607.53	3.3166,17.7027,0.1029,0.3213
1	Round_1_Replicate_12	-60407.0	120822.0	1900465290106.84	209.76	9.9073,0.2568,4.0819,0.0813
1	Round_2_Replicate_9	-4166.5	8341.0	66325.99	744.79	0.7488,3.4315,0.1312,0.0217
1	Round_2_Replicate_11	-13232.08	26472.16	98061.32	506.79	5.6454,0.6961,0.4772,0.4561
1	Round_1_Replicate_8	-6885.6	13779.2	28993.99	821.41	7.8622,0.5013,0.0971,0.0648
1	Round_2_Replicate_6	-3708.45	7424.9	91960.3	1100.06	0.1774,1.9272,0.034,0.0211
1	Round_2_Replicate_4	-14870.87	29749.74	136215.2	835.71	1.6369,0.4381,0.3618,0.6458
1	Round_2_Replicate_6	-10530.79	21069.58	29488.22	770.08	2.8073,0.7947,0.1611,0.6088
1	Round_2_Replicate_6	-4908.29	9824.58	13930.73	641.41	1.5653,2.3502,0.2285,0.0835
1	Round_2_Replicate_11	-25263.86	50535.72	812882.96	513.0	0.4568,4.6945,0.4888,0.9897
1	Round_2_Replicate_10	-9821.48	19650.96	119319.71	1511.69	0.075,0.5187,0.1229,0.1294
1	Round_1_Replicate_13	-10541.67	21091.34	45997.01	1884.62	0.1921,0.103,0.0736,0.1877
1	Round_2_Replicate_12	-11542.27	23092.54	158036.38	197.09	3.4566,10.4562,1.5986,0.4763
1	Round_2_Replicate_7	-5507.97	11023.94	2120151126.22	692.11	0.8697,17.7027,0.0939,0.0252
1	Round_2_Replicate_7	-8037.98	16083.96	78121.67	250.57	1.7891,11.9634,0.9867,0.0304
1	Round_2_Replicate_5	-9082.93	18173.86	23734.11	992.7	12.5005,0.1638,0.058,0.0236
1	Round_2_Replicate_7	-8079.93	16167.86	18439.71	972.2	5.0589,0.2806,0.0657,0.1647
1	Round_2_Replicate_12	-6183.87	12375.74	31688.61	730.99	0.3729,2.9223,0.2311,0.105
1	Round_2_Replicate_11	-14943.86	29895.72	636427.53	2376.79	0.0503,0.1911,0.1486,0.0305
1	Round_2_Replicate_13	-9996.91	20001.82	58631889105107.78	192.55	19.9856,19.4339,0.6552,0.022
1	Round_1_Replicate_14	-24986.5	49981.0	645827.3	1060.76	1.4111,0.3326,0.0858,0.989
1	Round_2_Replicate_8	-7040.08	14088.16	2017976097.0	485.36	3.991,4.8069,0.2338,0.1962
1	Round_2_Replicate_8	-7967.32	15942.64	75591.55	228.24	2.3078,11.9634,1.1415,0.0119
1	Round_2_Replicate_8	-13659.14	27326.28	95552.17	182.43	14.1511,6.2922,1.2838,0.6626
1	Round_1_Replicate_9	-67087.36	134182.72	121151474671436.12	1033.64	0.4,0.2098,2.9974,0.0594
1	Round_2_Replicate_13	-21036.07	42080.14	233513.8	867.66	0.3519,2.2133,0.1374,0.9889
1	Round_2_Replicate_6	-12155.59	24319.18	5.7459382160449144e+16	694.56	13.3811,2.3741,0.09,0.5064
1	Round_2_Replicate_14	-15102.04	30212.08	523829.83	163.81	14.7579,2.3021,2.7622,0.0232
1	Round_2_Replicate_12	-5069.5	10147.0	9635.89	1172.15	0.0496,2.6141,0.0206,0.157
1	Round_1_Replicate_15	-9576.58	19161.16	35593.24	576.64	5.5963,0.6632,0.3261,0.1694
1	Round_2_Replicate_9	-8230.17	16468.34	105546.21	828.02	0.3028,1.7052,0.3605,0.0196
1	Round_2_Replicate_15	-6937.66	13883.32	1231678.68	286.41	11.9634,4.8013,0.5731,0.0336
1	Round_2_Replicate_9	-12822.12	25652.24	444197.74	726.45	0.972,0.8856,1.0334,0.0365
1	Round_2_Replicate_14	-27429.36	54866.72	16132154.07	627.97	0.4197,1.6117,1.8019,0.8301
1	Round_2_Replicate_9	-19431.02	38870.04	498669.89	417.41	11.8194,0.3444,0.5803,0.4348
1	Round_2_Replicate_7	-5409.42	10826.84	13370.85	983.34	0.6634,0.8227,0.1842,0.0523
1	Round_2_Replicate_13	-3854.06	7716.12	9440.1	1098.22	0.1553,1.9478,0.0374,0.052
1	Round_2_Replicate_1	-26893.37	53794.74	605795.19	442.02	8.8363,1.5646,0.3762,0.9883
1	Round_2_Replicate_10	-5262.98	10533.96	8049116.32	559.86	1.1333,11.9634,0.1657,0.0138
1	Round_3_Replicate_1	-6751.56	13511.12	2301710126.11	682.08	9.3998,1.3531,0.1202,0.0956
1	Round_2_Replicate_15	-20366.81	40741.62	2804164.12	339.58	4.3558,0.8709,2.3837,0.1898
1	Round_2_Replicate_10	-8723.39	17454.78	7.583588953486019e+17	702.12	2.7779,7.365,0.0813,0.0086
1	Round_2_Replicate_14	-8849.96	17707.92	22462.94	1303.55	0.4492,0.3254,0.0854,0.4774
1	Round_2_Replicate_8	-11619.98	23247.96	18415413.31	1251.19	0.7961,0.19,0.0204,0.6377
1	Round_2_Replicate_10	-9474.89	18957.78	41301.64	641.06	3.7894,0.5528,0.3385,0.0576
1	Round_2_Replicate_11	-9709.97	19427.94	9892535157778.83	692.0	1.3584,17.7027,0.0859,0.4409
1	Round_1_Replicate_10	-39861.0	79730.0	15807103.78	681.91	1.2883,0.5033,1.9711,0.9883
1	Round_2_Replicate_2	-5978.1	11964.2	13488.47	915.67	0.8308,1.1842,0.1162,0.318
1	Round_3_Replicate_2	-6814.82	13637.64	2238838952042.39	718.98	7.2238,1.6895,0.098,0.0106
1	Round_3_Replicate_1	-4810.07	9628.14	27700.97	802.74	0.3802,7.4924,0.0833,0.1376
1	Round_2_Replicate_15	-22649.37	45306.74	387209.68	1563.95	0.335,0.1959,0.1242,0.9827
1	Round_2_Replicate_11	-5411.99	10831.98	10419481.93	486.36	2.0725,7.0333,0.243,0.0202
1	Round_2_Replicate_9	-9381.27	18770.54	31484.38	1371.32	0.2505,0.4261,0.0989,0.5564
1	Round_2_Replicate_11	-12133.98	24275.96	91073.99	616.5	4.5264,0.3854,0.3863,0.0458
1	Round_2_Replicate_12	-5246.32	10500.64	21498455090.61	851.73	0.5833,11.4443,0.0548,0.0143
1	Round_3_Replicate_2	-5716.89	11441.78	13183.34	629.94	0.4887,14.0782,0.1406,0.164
1	Round_3_Replicate_3	-7418.88	14845.76	20618.68	574.45	4.3639,0.9229,0.3372,0.0257
1	Round_2_Replicate_3	-7909.0	15826.0	34006010.38	535.36	2.5075,4.502,0.2159,0.4083
1	Round_3_Replicate_1	-4967.38	9942.76	441999870.52	1061.69	0.2659,2.9295,0.0284,0.1208
1	Round_2_Replicate_12	-8615.4	17238.8	2203010.34	609.97	1.2692,5.8257,0.1628,0.5369
1	Round_2_Replicate_10	-8316.99	16641.98	7360140950178520.0	725.42	7.0131,2.3287,0.0852,0.0756
1	Round_2_Replicate_12	-8236.41	16480.82	345678.37	925.09	7.5219,0.4047,0.0649,0.2741
1	Round_3_Replicate_3	-10347.01	20702.02	40284.87	845.1	0.1578,13.6236,0.0715,0.6845
1	Round_2_Replicate_13	-12936.15	25880.3	669211.89	653.76	0.3118,2.2881,0.7208,0.1566
1	Round_3_Replicate_4	-6357.53	12723.06	1031802494040.93	648.34	2.8985,3.7102,0.1251,0.0211
1	Round_3_Replicate_2	-5094.75	10197.5	8623.94	1068.28	0.4875,0.8166,0.1136,0.1518
1	Round_2_Replicate_4	-16106.44	32220.88	541197.08	358.07	5.3204,0.8866,1.4192,0.2067
1	Round_2_Replicate_13	-4296.73	8601.46	19384.81	910.04	0.2069,14.7579,0.051,0.0554
1	Round_2_Replicate_11	-5125.31	10258.62	15258.1	551.97	1.0146,4.019,0.3179,0.0275
1	Round_3_Replicate_5	-5927.33	11862.66	106149784.76	530.13	5.5735,2.5952,0.2181,0.0353
1	Round_3_Replicate_4	-4226.73	8461.46	8351.95	940.5	0.3519,2.2134,0.0806,0.1064
1	Round_2_Replicate_14	-4105.07	8218.14	40028.16	878.19	0.2603,9.3413,0.0607,0.0147
1	Round_2_Replicate_13	-6474.53	12957.06	1841902.69	857.15	6.3709,0.5891,0.081,0.064
1	Round_3_Replicate_3	-3962.51	7933.02	313894.96	1101.27	0.1149,5.8602,0.0219,0.0369
1	Round_2_Replicate_5	-13789.42	27586.84	1183198.58	841.13	1.7142,1.1375,0.1105,0.8367
1	Round_2_Replicate_14	-8291.49	16590.98	9173844641640.86	320.14	9.1788,10.9998,0.3571,0.0103
1	Round_3_Replicate_6	-5663.09	11334.18	43634.81	502.87	4.7128,2.1301,0.3034,0.0229
1	Round_3_Replicate_5	-8478.6	16965.2	57088.88	732.64	0.3809,2.6289,0.2636,0.3981
1	Round_2_Replicate_12	-5886.36	11780.72	13775.02	1001.38	0.3902,1.5299,0.0731,0.3663
1	Round_3_Replicate_4	-3839.54	7687.08	18386.38	1223.54	0.0802,1.171,0.018,0.0408
1	Round_2_Replicate_15	-9435.94	18879.88	47812676364527.3	713.21	1.7048,7.0677,0.0866,0.404
1	Round_2_Replicate_14	-5570.67	11149.34	907284.35	603.99	1.3893,4.624,0.1832,0.1748
1	Round_2_Replicate_6	-32514.96	65037.92	32718250.27	650.39	2.7836,0.152,0.8847,0.5756
1	Round_2_Replicate_15	-5032.22	10072.44	1635203.91	590.51	0.9128,11.9634,0.152,0.0118
1	Round_3_Replicate_7	-6617.0	13242.0	34213.43	620.56	1.2173,1.7762,0.4706,0.0565
1	Round_3_Replicate_6	-5664.22	11336.44	14156.7	584.67	0.9856,3.9994,0.263,0.1844
1	Round_2_Replicate_13	-4092.77	8193.54	56975.12	880.4	0.4181,3.2254,0.0796,0.0596
1	Round_3_Replicate_5	-3759.06	7526.12	30695.74	1161.13	0.1057,1.815,0.0232,0.027
1	Round_3_Replicate_1	-3690.69	7389.38	171226.55	1031.49	0.2789,2.017,0.0486,0.0093
1	Round_2_Replicate_15	-13377.55	26763.1	66914.21	370.95	10.9998,1.6403,0.517,0.6539
1	Round_3_Replicate_1	-5078.29	10164.58	14403.34	832.38	0.2764,14.7579,0.0679,0.172
1	Round_2_Replicate_7	-6377.43	12762.86	320726.46	696.33	3.139,1.3332,0.163,0.2149
1	Round_3_Replicate_8	-4761.74	9531.48	186784941.56	758.79	0.9859,4.0287,0.099,0.0219
1	Round_3_Replicate_7	-6829.94	13667.88	45688.92	695.03	0.2152,5.5405,0.1792,0.0481
1	Round_2_Replicate_14	-5875.51	11759.02	9466.57	1008.92	1.3511,0.4877,0.0938,0.0972
1	Round_3_Replicate_6	-4673.93	9355.86	9107.83	781.55	0.3799,5.17,0.1066,0.1039
1	Round_3_Replicate_2	-4250.21	8508.42	1343788.23	1187.04	0.2879,0.7416,0.0333,0.0693
1	Round_3_Replicate_1	-8763.49	17534.98	23298.71	641.25	1.1627,3.0314,0.217,0.5847
1	Round_3_Replicate_2	-3955.99	7919.98	129049.59	1054.42	0.1276,11.6048,0.0267,0.0273
1	Round_2_Replicate_8	-36491.56	72991.12	4486183.35	496.96	17.7027,0.2508,0.3526,0.9894
1	Round_3_Replicate_9	-7295.49	14598.98	1337892181.88	315.65	11.5224,5.9099,0.4312,0.0597
1	Round_3_Replicate_8	-8221.88	16451.76	40093.46	892.24	0.242,2.1381,0.1498,0.4547
1	Round_3_Replicate_7	-3898.24	7804.48	103014.1	983.4	0.2548,3.34,0.0494,0.0377
1	Round_2_Replicate_15	-6652.95	13313.9	12649.77	1295.2	0.5852,0.2368,0.068,0.0798
1	Round_3_Replicate_3	-5190.57	10389.14	6715856139.92	1178.93	0.4653,0.5713,0.0247,0.0089
1	Round_3_Replicate_2	-5738.49	11484.98	199700.08	572.48	3.8313,1.95,0.2353,0.0924
1	Round_3_Replicate_10	-8315.14	16638.28	3.970263066757597e+16	629.24	4.3466,5.3279,0.1104,0.0071
1	Round_2_Replicate_9	-34456.78	68921.56	245993642.23	1112.82	0.8181,0.1605,1.1784,0.333
1	Round_3_Replicate_3	-4115.53	8239.06	229754.8	993.25	0.1949,7.597,0.0375,0.0548
1	Round_3_Replicate_9	-14173.3	28354.6	332746.32	773.37	0.2156,2.331,0.3264,0.6818
1	Round_3_Replicate_8	-4877.35	9762.7	10413.8	905.36	0.2028,3.7655,0.0799,0.1197
1	Round_3_Replicate_1	-4787.08	9582.16	27937.26	711.76	0.5047,8.4013,0.1131,0.0868
1	Round_3_Replicate_4	-4274.76	8557.52	5541.65	1184.17	0.3756,0.6215,0.0764,0.0299
1	Round_3_Replicate_3	-8789.12	17586.24	96467.47	379.94	0.836,7.5486,0.6226,0.2184
1	Round_3_Replicate_11	-6499.26	13006.52	3620162.63	315.94	6.857,6.0068,0.5057,0.043
1	Round_3_Replicate_4	-4407.89	8823.78	804214.1	835.7	0.3926,8.7458,0.0682,0.0503
1	Round_3_Replicate_10	-4488.34	8984.68	745194.61	746.2	0.6746,5.1413,0.1071,0.0524
1	Round_2_Replicate_10	-5390.24	10788.48	42832833.14	594.58	2.9026,2.8454,0.1885,0.0473
1	Round_3_Replicate_9	-3818.16	7644.32	118746.08	1095.68	0.1138,5.1405,0.0239,0.0131
1	Round_3_Replicate_2	-3786.23	7580.46	58432.45	975.72	0.2896,2.7013,0.057,0.0226
1	Round_3_Replicate_12	-6099.16	12206.32	78573428.41	473.36	3.5226,4.7687,0.2622,0.0995
1	Round_3_Replicate_5	-3607.31	7222.62	13691.1	1094.62	0.2809,1.2083,0.0545,0.0055
1	Round_3_Replicate_4	-6273.39	12554.78	20374.9	360.36	3.0711,5.3851,0.5536,0.1109
1	Round_3_Replicate_11	-4468.9	8945.8	21355.89	666.45	0.8671,4.0135,0.1716,0.0432
1	Round_3_Replicate_5	-4026.43	8060.86	27115.83	955.45	0.2004,6.9213,0.047,0.0343
1	Round_3_Replicate_10	-3978.86	7965.72	16902.51	1125.67	0.0973,3.2487,0.0231,0.0582
1	Round_2_Replicate_11	-9417.44	18842.88	19497993013180.39	652.97	3.1243,4.0298,0.1161,0.4018
1	Round_3_Replicate_3	-4840.32	9688.64	59936.25	984.88	0.1919,8.2097,0.0389,0.1898
1	Round_3_Replicate_13	-7787.33	15582.66	25221.85	619.6	3.0336,0.9175,0.3522,0.1213
1	Round_3_Replicate_6	-3670.32	7348.64	8787.35	1173.62	0.1109,1.415,0.0277,0.0083
1	Round_3_Replicate_12	-4564.83	9137.66	104852.8	944.75	0.2235,10.5243,0.0445,0.1263
1	Round_3_Replicate_6	-5331.48	10670.96	11593.34	771.78	0.2407,14.7579,0.089,0.1267
1	Round_3_Replicate_5	-5559.56	11127.12	12092.54	865.7	0.6851,1.7437,0.1211,0.2882
1	Round_3_Replicate_11	-4945.56	9899.12	12148.2	1323.17	0.0845,0.6762,0.0456,0.0227
1	Round_2_Replicate_12	-7264.29	14536.58	16978.51	916.75	1.8236,0.4151,0.1612,0.0338
1	Round_3_Replicate_14	-8040.25	16088.5	22937040828675.44	382.89	13.1091,6.1421,0.2779,0.0074
1	Round_1_Replicate_11	-73727.04	147462.08	-2.093239599298041e+28	143.94	12.1669,0.0797,8.767,0.5899
1	Round_3_Replicate_4	-4260.28	8528.56	6487.97	1103.19	0.1431,1.9277,0.0378,0.1238
1	Round_3_Replicate_7	-5320.13	10648.26	57152556829.99	954.49	0.3832,17.7027,0.0349,0.034
1	Round_3_Replicate_7	-4002.49	8012.98	86556.72	1087.79	0.1351,3.6563,0.0273,0.0629
1	Round_3_Replicate_13	-6460.19	12928.38	36017614660.81	674.71	1.1739,11.9748,0.1003,0.1282
1	Round_3_Replicate_12	-4394.06	8796.12	14659.13	1158.17	0.506,0.5756,0.0591,0.0466
1	Round_3_Replicate_6	-5649.32	11306.64	77199956.89	530.03	1.4538,12.1027,0.1784,0.0262
1	Round_2_Replicate_13	-16625.79	33259.58	918666.64	663.04	1.7451,0.5118,1.1338,0.0755
1	Round_3_Replicate_15	-13079.16	26166.32	2.4926918366937384e+25	640.41	11.7496,10.0601,0.0845,0.0203
1	Round_3_Replicate_5	-3931.74	7871.48	26169.37	989.03	0.1663,7.395,0.0402,0.0169
1	Round_3_Replicate_8	-5187.03	10382.06	16355.37	651.31	0.4859,16.2769,0.1255,0.0842
1	Round_3_Replicate_14	-6491.77	12991.54	33367.63	421.05	1.0753,6.6128,0.4771,0.0779
1	Round_3_Replicate_8	-4821.78	9651.56	13461.21	1123.72	0.1146,1.4072,0.0638,0.0094
1	Round_3_Replicate_13	-3665.73	7339.46	9782.69	1184.69	0.132,1.1614,0.0305,0.0179
1	Round_3_Replicate_7	-8380.57	16769.14	90934.82	598.26	0.6978,2.4471,0.559,0.1648
1	Round_2_Replicate_14	-15559.14	31126.28	2618486.18	784.31	10.0363,0.6564,0.0988,0.8309
1	Round_3_Replicate_6	-4605.53	9219.06	68216813.52	838.7	0.4624,11.4898,0.0615,0.0176
1	Round_3_Replicate_9	-4425.07	8858.14	350786.65	874.53	0.3064,11.6953,0.0572,0.0674
1	Round_3_Replicate_15	-5109.23	10226.46	481883.09	656.53	0.936,5.5375,0.1457,0.1261
1	Round_3_Replicate_14	-3985.59	7979.18	178979.74	1210.41	0.1203,1.0564,0.0207,0.0689
1	Round_3_Replicate_9	-3825.02	7658.04	26099.88	1181.38	0.061,3.0887,0.0148,0.0083
1	Round_4_Replicate_1	-4098.66	8205.32	31809.41	836.88	0.9612,1.5956,0.1277,0.0124
1	Round_1_Replicate_12	-31111.38	62230.76	1627144.1	295.01	3.1189,2.408,2.6638,0.9899
1	Round_3_Replicate_8	-4835.05	9678.1	2179193.28	759.57	1.3483,2.1163,0.1294,0.0915
1	Round_2_Replicate_15	-10981.2	21970.4	3.1623565980277684e+16	643.07	14.8709,2.7377,0.1061,0.3839
1	Round_3_Replicate_10	-4701.05	9410.1	202421999.04	1007.02	0.2471,11.1973,0.0304,0.0677
1	Round_3_Replicate_15	-3875.53	7759.06	39284.58	1132.31	0.1188,2.2516,0.0253,0.05
1	Round_3_Replicate_10	-3678.04	7364.08	22562.49	1285.18	0.1086,0.6287,0.0211,0.0052
1	Round_4_Replicate_1	-3705.5	7419.0	17821.27	1046.33	0.3034,1.5027,0.0591,0.0257
1	Round_3_Replicate_9	-5652.86	11313.72	245788.48	448.23	1.5806,10.259,0.2757,0.0539
1	Round_4_Replicate_2	-4531.43	9070.86	496354.27	625.05	1.3493,3.9211,0.1824,0.0073
1	Round_3_Replicate_1	-6837.45	13682.9	17413.18	391.06	7.1873,2.1817,0.4924,0.038
1	Round_3_Replicate_8	-5655.73	11319.46	12615.15	673.14	0.4525,7.978,0.1403,0.1958
1	Round_3_Replicate_11	-3967.29	7942.58	21100.6	962.67	0.2083,5.0718,0.0493,0.0335
1	Round_3_Replicate_11	-5642.24	11292.48	23604.51	1090.21	0.0959,1.6505,0.0723,0.0069
1	Round_4_Replicate_1	-3659.47	7326.94	35035.6	1124.34	0.1648,1.6108,0.0338,0.0178
1	Round_3_Replicate_10	-8390.35	16788.7	18305.08	949.24	0.4265,1.5994,0.1028,0.6065
1	Round_4_Replicate_2	-3859.62	7727.24	23556.56	1017.88	0.2983,1.8441,0.0587,0.0544
1	Round_3_Replicate_2	-5969.26	11946.52	115115037800.97	652.67	1.7338,6.0253,0.1188,0.0232
1	Round_1_Replicate_13	-26496.05	53000.1	1315468.77	841.53	7.0582,0.5137,0.09,0.9889
1	Round_3_Replicate_9	-4721.65	9451.3	7146.34	855.93	1.2316,0.9891,0.1601,0.0144
1	Round_4_Replicate_3	-3982.59	7973.18	23233.02	886.56	0.78,1.4967,0.1127,0.0135
1	Round_3_Replicate_12	-4987.99	9983.98	11833.74	863.2	0.2173,4.2725,0.091,0.1059
1	Round_3_Replicate_12	-4212.33	8432.66	7387.96	1051.91	0.1007,3.8395,0.0388,0.0109
1	Round_3_Replicate_11	-7796.99	15601.98	20581.66	567.7	3.2429,1.3836,0.3428,0.2909
1	Round_3_Replicate_13	-4287.38	8582.76	4527428.91	976.41	0.2218,17.7027,0.0355,0.0419
1	Round_4_Replicate_2	-3623.18	7254.36	30247.46	1148.62	0.1513,1.425,0.0314,0.0104
1	Round_3_Replicate_3	-7145.59	14299.18	17325.87	556.43	4.2873,1.1733,0.3315,0.1131
1	Round_3_Replicate_10	-5217.23	10442.46	7902.87	1011.1	0.6532,0.8687,0.1117,0.1871
1	Round_4_Replicate_3	-4275.27	8558.54	47697.98	960.15	0.4001,2.0352,0.0703,0.1188
1	Round_3_Replicate_13	-4062.33	8132.66	32399993.38	1095.57	0.2326,1.9661,0.029,0.0137
1	Round_4_Replicate_4	-4082.47	8172.94	278118.04	785.44	0.6158,3.9391,0.1035,0.0068
1	Round_3_Replicate_12	-4478.16	8964.32	132923.51	670.6	0.8963,4.5536,0.1526,0.0353
1	Round_3_Replicate_14	-4299.31	8606.62	37914.72	833.5	0.2833,14.7579,0.0672,0.021
1	Round_3_Replicate_11	-5278.98	10565.96	368429514.3	881.62	0.4909,6.8849,0.0545,0.132
1	Round_3_Replicate_4	-5943.92	11895.84	28341998174.58	829.65	3.0341,1.2805,0.0801,0.02
1	Round_3_Replicate_14	-3984.85	7977.7	6426.89	990.58	0.1916,2.7426,0.0606,0.0233
1	Round_4_Replicate_3	-3687.06	7382.12	9623.74	1064.83	0.1962,1.9177,0.0469,0.0166
1	Round_4_Replicate_4	-4119.91	8247.82	8056.15	1104.84	0.2773,1.1342,0.0563,0.1057
1	Round_3_Replicate_13	-11452.56	22913.12	58841.13	416.36	2.9171,2.9474,0.6064,0.6502
1	Round_3_Replicate_15	-4241.96	8491.92	335921.82	1066.01	0.1264,17.7027,0.0238,0.0779
1	Round_4_Replicate_5	-4456.94	8921.88	159447.84	653.23	1.3148,3.1926,0.1811,0.0197
1	Round_3_Replicate_12	-7538.92	15085.84	162146692445928.84	723.53	1.5568,8.8429,0.0807,0.1092
1	Round_3_Replicate_5	-4284.44	8576.88	3386936.18	878.24	1.0299,1.5276,0.0933,0.0081
1	Round_3_Replicate_15	-3740.22	7488.44	15785.65	1286.04	0.1481,0.5756,0.0271,0.0123
1	Round_3_Replicate_14	-5880.54	11769.08	13734.86	653.7	0.9867,2.7435,0.2434,0.2446
1	Round_4_Replicate_5	-4202.97	8413.94	187075.0	985.53	0.7085,1.1092,0.0788,0.0453
1	Round_3_Replicate_6	-6200.34	12408.68	1167161974.12	479.42	2.4108,9.0591,0.2183,0.0524
1	Round_3_Replicate_13	-4769.9	9547.8	10209.19	873.91	0.1723,7.9455,0.0699,0.0538
1	Round_4_Replicate_4	-3629.82	7267.64	30672.09	1115.94	0.1673,1.6797,0.0351,0.0105
1	Round_4_Replicate_6	-3745.3	7498.6	142158.23	1038.77	0.414,1.3056,0.0605,0.0099
1	Round_4_Replicate_1	-4069.29	8146.58	70770.15	972.36	0.1796,12.7897,0.0394,0.0339
1	Round_3_Replicate_15	-6629.55	13267.1	15613872.01	560.71	4.9475,2.1975,0.2097,0.1908
1	Round_4_Replicate_1	-3864.01	7736.02	12859.12	1203.65	0.3181,0.6318,0.0481,0.0073
1	Round_3_Replicate_14	-4767.66	9543.32	9022.12	684.71	1.4186,1.7786,0.2442,0.0252
1	Round_3_Replicate_7	-4862.7	9733.4	163360.79	681.44	2.4619,1.6251,0.1792,0.0069
1	Round_4_Replicate_5	-3702.39	7412.78	23889.79	1262.43	0.1164,0.719,0.0227,0.0169
1	Round_4_Replicate_6	-4025.83	8059.66	16127.44	1028.25	0.3763,1.382,0.0682,0.0813
1	Round_4_Replicate_7	-5182.6	10373.2	1681626.18	498.55	1.6307,7.7694,0.2347,0.0053
1	Round_4_Replicate_2	-3977.51	7963.02	129945.31	1008.64	0.1678,8.6215,0.0347,0.0293
1	Round_3_Replicate_8	-4256.78	8521.56	91761.02	728.13	1.1881,2.3317,0.1567,0.0129
1	Round_3_Replicate_15	-4733.98	9475.96	20400.85	896.41	0.2611,7.2235,0.0591,0.1561
1	Round_4_Replicate_1	-3964.95	7937.9	365198.43	864.75	0.5768,2.6503,0.0878,0.0169
1	Round_4_Replicate_2	-3607.55	7223.1	22094.65	1178.79	0.2073,0.9327,0.0384,0.0052
1	Round_4_Replicate_6	-3638.98	7285.96	8361.0	1239.34	0.1438,0.7813,0.0309,0.0068
1	Round_4_Replicate_7	-4157.69	8323.38	9280.5	964.75	0.3621,1.9171,0.0777,0.1007
1	Round_4_Replicate_8	-4053.91	8115.82	13017.18	808.02	0.7861,2.0457,0.1374,0.0217
1	Round_3_Replicate_9	-4829.18	9666.36	592464.74	882.74	1.3314,1.126,0.1013,0.0734
1	Round_4_Replicate_1	-3784.26	7576.52	61736.52	1037.45	0.1819,3.349,0.0382,0.0202
1	Round_4_Replicate_3	-3789.77	7587.54	32260.32	1123.94	0.0887,4.4307,0.0212,0.0054
1	Round_4_Replicate_2	-4126.89	8261.78	19194.62	771.74	0.5791,3.5834,0.1216,0.027
1	Round_3_Replicate_10	-10355.43	20718.86	6.136360065815236e+20	659.53	5.7686,6.7128,0.0885,0.009
1	Round_4_Replicate_8	-3816.27	7640.54	12023.9	986.35	0.3316,1.8925,0.0699,0.0394
1	Round_4_Replicate_7	-3660.12	7328.24	37070.74	1180.05	0.1334,1.2366,0.027,0.0167
1	Round_4_Replicate_3	-3585.8	7179.6	10696.37	1175.31	0.1917,0.9863,0.0397,0.0028
1	Round_4_Replicate_9	-3830.05	7668.1	31211.73	880.9	0.4728,2.5419,0.0907,0.0123
1	Round_3_Replicate_11	-5619.88	11247.76	1039453.2	845.87	3.3329,0.7531,0.096,0.018
1	Round_4_Replicate_4	-3901.06	7810.12	153681.33	983.18	0.1986,6.7089,0.0407,0.0123
1	Round_4_Replicate_2	-3898.03	7804.06	30914.6	866.09	0.4409,3.0339,0.0888,0.0185
1	Round_4_Replicate_3	-4164.41	8336.82	32013.17	737.07	1.0702,2.3018,0.1597,0.0069
1	Round_4_Replicate_8	-3679.47	7366.94	32156.59	1203.39	0.1134,1.1377,0.0234,0.0174
1	Round_4_Replicate_9	-3750.56	7509.12	16542.87	1025.42	0.2745,1.8587,0.0573,0.033
1	Round_4_Replicate_10	-4256.04	8520.08	10636.2	691.21	0.7411,3.6691,0.1704,0.0066
1	Round_4_Replicate_4	-3700.81	7409.62	16348.1	1117.39	0.3343,0.9547,0.0564,0.0095
1	Round_3_Replicate_12	-5743.28	11494.56	3849979.27	620.67	4.8899,1.614,0.1792,0.0467
1	Round_1_Replicate_14	-76248.13	152504.26	-7.525806688362009e+30	133.1	0.0917,11.1671,10.1747,0.9898
1	Round_4_Replicate_3	-3663.11	7334.22	30372.83	1056.67	0.3438,1.3078,0.0598,0.0108
1	Round_4_Replicate_5	-3909.45	7826.9	215430.77	1114.33	0.1081,4.7053,0.0212,0.0317
1	Round_4_Replicate_4	-3920.89	7849.78	21659.61	897.66	0.5284,2.0157,0.096,0.0359
1	Round_4_Replicate_9	-3669.5	7347.0	28581.79	1265.43	0.1307,0.6752,0.0243,0.0068
1	Round_4_Replicate_10	-3991.19	7990.38	58179.77	925.79	0.6438,1.5404,0.0927,0.0359
1	Round_4_Replicate_11	-4629.94	9267.88	28063.46	590.13	1.5614,3.262,0.2391,0.0202
1	Round_3_Replicate_13	-4766.76	9541.52	8365.06	954.33	0.9997,0.8355,0.1123,0.0685
1	Round_4_Replicate_5	-3646.93	7301.86	10159.6	1162.58	0.2621,0.8779,0.0488,0.0044
1	Round_3_Replicate_14	-6238.63	12485.26	72887779265.16	568.93	1.8356,10.9112,0.1455,0.0083
1	Round_4_Replicate_6	-3947.56	7903.12	262948.15	1140.62	0.0752,16.763,0.015,0.0218
1	Round_4_Replicate_10	-3618.12	7244.24	37025.74	1222.82	0.1358,0.8875,0.026,0.0044
1	Round_4_Replicate_4	-3720.4	7448.8	9421.91	965.62	0.3496,1.9531,0.0771,0.0116
1	Round_4_Replicate_11	-4095.7	8199.4	28710.72	1025.06	0.3694,1.4703,0.0644,0.095
1	Round_4_Replicate_5	-4408.58	8825.16	74676.22	679.53	1.4375,2.4381,0.1826,0.0138
1	Round_4_Replicate_12	-3844.3	7696.6	115283.91	951.24	0.6178,1.4484,0.0839,0.0044
1	Round_1_Replicate_15	-12804.98	25617.96	401467.03	112.92	12.5757,7.4577,4.3868,0.0928
1	Round_1_Replicate_3	-86936.79	173881.58	-2.773377383642912e+35	567.43	0.4853,0.0708,8.3723,0.3172
1	Round_3_Replicate_15	-5751.16	11510.32	7550769.32	679.94	5.4026,1.2655,0.1438,0.0191
1	Round_4_Replicate_6	-3712.02	7432.04	7870.86	1229.98	0.23,0.6645,0.0422,0.0019
1	Round_4_Replicate_5	-3658.28	7324.56	14801.96	1026.58	0.2634,1.8941,0.0569,0.0118
1	Round_4_Replicate_11	-3728.66	7465.32	73208.64	1162.71	0.1056,1.8711,0.0217,0.0166
1	Round_4_Replicate_12	-4126.7	8261.4	39680.14	881.4	0.4163,3.1186,0.0812,0.069
1	Round_4_Replicate_7	-3827.0	7662.0	93793.93	1073.73	0.1208,6.4958,0.0262,0.0098
1	Round_4_Replicate_13	-4395.25	8798.5	34999.03	632.86	1.2636,3.2971,0.2036,0.0046
1	Round_4_Replicate_6	-4021.73	8051.46	238438.9	859.72	0.8279,1.8124,0.1047,0.0105
1	Round_4_Replicate_1	-4131.82	8271.64	23593.3	750.6	0.9549,2.3504,0.1539,0.013
1	Round_4_Replicate_7	-3817.45	7642.9	10845.7	1162.07	0.3615,0.7187,0.0559,0.0021
1	Round_2_Replicate_1	-8306.96	16621.92	1210958583037898.8	1022.7	5.0702,0.6564,0.0302,0.0849
1	Round_4_Replicate_13	-3936.95	7881.9	47248.41	1036.19	0.4391,1.2183,0.0668,0.05
1	Round_4_Replicate_12	-3633.4	7274.8	54460.04	1147.92	0.1574,1.4165,0.0308,0.0113
1	Round_4_Replicate_6	-3618.86	7245.72	12155.31	1057.54	0.2229,1.8026,0.0504,0.0048
1	Round_4_Replicate_14	-4374.89	8757.78	241886.02	675.77	1.2562,3.0548,0.1676,0.0117
1	Round_4_Replicate_8	-3927.54	7863.08	33847.61	1028.25	0.1268,14.1178,0.0308,0.0106
1	Round_4_Replicate_7	-4986.45	9980.9	95083.65	509.92	1.3683,6.9087,0.2467,0.0112
1	Round_4_Replicate_2	-3964.6	7937.2	26362.85	888.04	0.8109,1.4475,0.1124,0.0036
1	Round_4_Replicate_8	-3762.35	7532.7	16039.08	1204.25	0.2797,0.6806,0.0445,0.0046
1	Round_4_Replicate_14	-4068.29	8144.58	126084.99	845.13	0.6221,2.543,0.0992,0.0408
1	Round_4_Replicate_13	-3674.29	7356.58	53998.99	1233.2	0.1046,0.9308,0.0204,0.0106
1	Round_4_Replicate_15	-3692.03	7392.06	14382.43	987.17	0.4253,1.5166,0.0789,0.0063
1	Round_4_Replicate_7	-3937.91	7883.82	211353.34	925.92	0.3031,4.4887,0.0571,0.0197
1	Round_4_Replicate_9	-3921.01	7850.02	148223.1	1040.96	0.1309,17.0787,0.0278,0.0117
1	Round_2_Replicate_2	-7376.26	14760.52	18623.64	1019.73	1.2979,0.349,0.1508,0.0168
1	Round_4_Replicate_8	-4375.21	8758.42	106734.21	784.45	1.3208,1.6436,0.1401,0.0221
1	Round_4_Replicate_3	-4895.12	9798.24	73016.74	518.05	2.3004,3.5518,0.2877,0.004
1	Round_4_Replicate_15	-4070.97	8149.94	17415.9	862.32	0.4079,3.286,0.0885,0.0511
1	Round_4_Replicate_14	-3695.87	7399.74	39435.15	1105.28	0.1725,1.809,0.0353,0.0235
1	Round_4_Replicate_9	-3597.05	7202.1	28071.2	1096.45	0.208,1.5676,0.0423,0.0061
1	Round_4_Replicate_16	-4331.3	8670.6	67690.66	697.74	1.1189,2.8236,0.1661,0.026
1	Round_4_Replicate_8	-3833.74	7675.48	126189.61	949.56	0.3434,2.7596,0.0623,0.0232
1	Round_4_Replicate_10	-3936.83	7881.66	166900.88	1054.76	0.1324,9.5708,0.0271,0.0249
1	Round_1_Replicate_4	-10557.9	21123.8	124393.96	128.9	14.6243,7.6462,2.6116,0.1172
1	Round_4_Replicate_9	-3791.78	7591.56	151917.88	1001.4	0.4882,1.3901,0.069,0.0101
1	Round_4_Replicate_16	-3787.14	7582.28	78293.19	1052.49	0.2782,1.6912,0.0493,0.039
1	Round_4_Replicate_15	-3644.36	7296.72	31793.43	1084.35	0.2284,1.5752,0.045,0.0163
1	Round_2_Replicate_3	-7620.11	15248.22	19939748.45	1133.13	11.4363,0.1862,0.0233,0.0314
1	Round_4_Replicate_4	-3940.87	7889.74	165371.89	849.02	0.6264,2.4984,0.0979,0.0134
1	Round_4_Replicate_17	-4278.93	8565.86	458253.07	745.1	0.8258,3.5472,0.1228,0.0274
1	Round_4_Replicate_10	-3670.75	7349.5	8896.56	1180.14	0.2609,0.8028,0.0481,0.0034
1	Round_4_Replicate_9	-3839.84	7687.68	90105.18	945.48	0.299,3.4208,0.0586,0.0184
1	Round_4_Replicate_17	-3849.06	7706.12	11222.33	1005.55	0.3145,1.7804,0.0664,0.0497
1	Round_4_Replicate_11	-4018.99	8045.98	21247.58	1013.55	0.1464,7.9451,0.0354,0.0404
1	Round_4_Replicate_10	-4239.87	8487.74	160731.36	757.17	1.1847,2.0984,0.1433,0.0114
1	Round_4_Replicate_16	-3628.56	7265.12	16776.37	1232.43	0.1051,0.9345,0.0229,0.0035
1	Round_4_Replicate_18	-3784.31	7576.62	14681.05	923.42	0.4976,1.8152,0.0933,0.0129
1	Round_4_Replicate_5	-4164.58	8337.16	79882.25	761.19	1.0422,2.2298,0.1431,0.0134
1	Round_4_Replicate_11	-3613.31	7234.62	71995.39	1096.94	0.185,1.8405,0.0363,0.0022
1	Round_2_Replicate_4	-7148.08	14304.16	45129.57	307.21	11.9634,3.3867,0.5717,0.0588
1	Round_4_Replicate_10	-3713.32	7434.64	27188.48	945.28	0.4328,1.9271,0.0801,0.0061
1	Round_4_Replicate_18	-4121.68	8251.36	10374.26	958.61	0.6844,1.1503,0.102,0.0415
1	Round_4_Replicate_19	-4031.18	8070.36	162305.6	818.45	0.6252,2.9956,0.1023,0.0211
1	Round_4_Replicate_12	-3937.54	7883.08	809341.52	1050.2	0.1703,5.0007,0.03,0.0255
1	Round_4_Replicate_11	-4247.14	8502.28	13566.94	773.22	1.1067,1.7721,0.1603,0.0184
1	Round_4_Replicate_17	-3706.17	7420.34	13614.02	1227.69	0.1111,0.9433,0.0243,0.0234
1	Round_4_Replicate_6	-3867.15	7742.3	82861.57	883.17	0.6751,1.8498,0.0997,0.0042
1	Round_4_Replicate_12	-3741.26	7490.52	41801.5	926.24	0.5033,1.89,0.086,0.0028
1	Round_4_Replicate_11	-3826.75	7661.5	45919.67	883.46	0.5187,2.326,0.0922,0.011
1	Round_4_Replicate_19	-4266.03	8540.06	94703.93	923.96	0.537,1.9041,0.083,0.1001
1	Round_4_Replicate_20	-4220.25	8448.5	66954.74	746.88	1.1612,2.1361,0.1527,0.0114
1	Round_2_Replicate_5	-8580.23	17168.46	20247.98	915.15	7.4564,0.2275,0.0836,0.0074
1	Round_4_Replicate_18	-3665.52	7339.04	27600.88	1057.84	0.225,1.9003,0.0465,0.0166
1	Round_4_Replicate_12	-4222.58	8453.16	215984.07	812.65	1.0129,1.8861,0.1216,0.0286
1	Round_4_Replicate_13	-3895.33	7798.66	61201.76	1147.0	0.0788,4.5929,0.0173,0.0288
1	Round_4_Replicate_7	-4146.93	8301.86	101203.68	751.7	1.0158,2.4294,0.1427,0.009
1	Round_4_Replicate_13	-3600.05	7208.1	12220.97	1222.27	0.1573,0.8304,0.0321,0.0015
1	Round_1_Replicate_5	-18497.8	37003.6	592734.9	1361.24	0.7006,0.136,0.345,0.3293
1	Round_4_Replicate_12	-3650.67	7309.34	22525.13	1065.16	0.1938,2.088,0.0425,0.0095
1	Round_4_Replicate_20	-4349.07	8706.14	347270.79	918.88	0.6867,1.6366,0.0861,0.0887
1	Round_4_Replicate_19	-3620.33	7248.66	19836.75	1211.2	0.1513,0.908,0.0301,0.0088
1	Round_4_Replicate_14	-3836.71	7681.42	76628.96	1027.69	0.1586,5.7147,0.0344,0.0118
1	Round_4_Replicate_13	-4901.75	9811.5	45328.77	507.01	1.854,4.4856,0.2901,0.0125
1	Round_4_Replicate_8	-4773.1	9554.2	47195.99	548.45	2.0325,3.2864,0.2682,0.0069
1	Round_4_Replicate_14	-3646.54	7301.08	40005.44	1036.54	0.2285,2.2295,0.0471,0.0052
1	Round_4_Replicate_13	-3743.96	7495.92	13449.69	941.03	0.4125,1.9651,0.0836,0.0125
1	Round_2_Replicate_6	-6697.21	13402.42	83432483.01	1144.59	2.1026,0.2563,0.0269,0.0139
1	Round_4_Replicate_20	-3704.17	7416.34	10560.4	1026.49	0.2211,2.2136,0.0527,0.0141
1	Round_4_Replicate_15	-4001.6	8011.2	46037.33	1103.08	0.0888,14.9568,0.0201,0.0398
1	Round_4_Replicate_14	-4069.03	8146.06	27810.06	799.93	0.8808,2.0304,0.1354,0.0169
1	Round_4_Replicate_9	-4149.51	8307.02	293957.18	824.72	1.0744,1.7113,0.1184,0.0023
1	Round_4_Replicate_15	-3640.42	7288.84	29314.67	1051.02	0.3451,1.3416,0.0607,0.006
1	Round_4_Replicate_14	-3825.39	7658.78	159338.25	950.59	0.2949,3.5524,0.0558,0.0115
1	Round_4_Replicate_16	-3946.68	7901.36	962327.2	1035.14	0.1551,12.8039,0.0285,0.008
1	Round_2_Replicate_7	-9732.77	19473.54	31866.3	690.46	7.7669,0.3489,0.1949,0.01
1	Round_4_Replicate_15	-4524.36	9056.72	63848.91	616.39	1.5209,3.1267,0.2132,0.0121
1	Round_4_Replicate_10	-4554.42	9116.84	62553.64	645.75	1.8215,2.2942,0.2059,0.0044
1	Round_4_Replicate_16	-3620.05	7248.1	11457.72	1144.48	0.2688,0.9517,0.0502,0.002
1	Round_4_Replicate_15	-3755.49	7518.98	88900.49	1058.71	0.1852,2.683,0.0369,0.0216
1	Round_4_Replicate_17	-4027.05	8062.1	201128.24	995.05	0.1715,14.1301,0.0348,0.0264
1	Round_4_Replicate_16	-4511.41	9030.82	37359.81	671.22	1.6191,2.1814,0.197,0.0162
1	Round_4_Replicate_11	-3788.15	7584.3	20356.09	997.46	0.5462,1.1956,0.0832,0.0023
1	Round_4_Replicate_17	-3726.87	7461.74	20909.64	1048.36	0.4418,1.107,0.0701,0.004
1	Round_1_Replicate_6	-41559.12	83126.24	25131605232.19	728.43	0.2805,1.0282,2.8578,0.118
1	Round_2_Replicate_8	-10674.3	21356.6	39832.15	629.31	14.7579,0.3418,0.2067,0.0482
1	Round_4_Replicate_16	-3853.08	7714.16	27048.98	956.52	0.2528,3.6144,0.0563,0.0229
1	Round_4_Replicate_18	-3968.91	7945.82	66450.3	991.25	0.1585,14.7984,0.036,0.0131
1	Round_4_Replicate_17	-4320.32	8648.64	22255.12	736.94	1.2916,1.8965,0.1705,0.0137
1	Round_4_Replicate_12	-4104.44	8216.88	86834.98	821.28	0.8943,1.935,0.1216,0.0234
1	Round_4_Replicate_18	-3680.97	7369.94	11732.59	998.61	0.4174,1.4379,0.0785,0.004
1	Round_4_Replicate_17	-3583.32	7174.64	33622.03	1114.49	0.2012,1.4384,0.0398,0.0037
1	Round_2_Replicate_9	-7366.68	14741.36	24700.72	1251.07	1.0653,0.1405,0.0261,0.0539
1	Round_4_Replicate_19	-3999.17	8006.34	289212.43	1107.37	0.0975,13.9964,0.0191,0.0349
1	Round_5_Replicate_1	-3561.28	7130.56	18587.3	1136.12	0.1989,1.2339,0.0405,0.0001
1	Round_4_Replicate_18	-3837.22	7682.44	10581.98	902.85	0.4564,2.1223,0.0956,0.0204
1	Round_4_Replicate_19	-3759.23	7526.46	21568.63	1055.03	0.4636,1.0337,0.0703,0.0025
1	Round_4_Replicate_13	-4389.06	8786.12	38520.62	726.58	1.5085,1.8047,0.1714,0.0035
1	Round_4_Replicate_18	-4036.86	8081.72	44297.29	832.14	0.4381,4.0442,0.0895,0.025
1	Round_4_Replicate_20	-3862.52	7733.04	49830.82	1115.17	0.0868,7.8037,0.02,0.0142
1	Round_4_Replicate_19	-4193.98	8395.96	4717685.11	834.3	0.6353,3.4376,0.0845,0.0153
1	Round_2_Replicate_10	-5167.77	10343.54	172745.12	1040.84	1.2949,0.5192,0.0649,0.016
1	Round_4_Replicate_20	-3686.48	7380.96	13202.32	988.3	0.439,1.4608,0.0806,0.0024
1	Round_4_Replicate_14	-4087.86	8183.72	14316.14	740.89	0.7015,3.2132,0.1455,0.0055
1	Round_5_Replicate_1	-3565.1	7138.2	16668.1	1161.97	0.1882,1.0889,0.0381,0.0003
1	Round_4_Replicate_19	-3728.26	7464.52	28020.57	1021.72	0.3664,1.4947,0.0654,0.0231
1	Round_1_Replicate_7	-37117.74	74243.48	25905340.69	623.16	0.3923,1.6497,1.8507,0.9883
1	Round_4_Replicate_20	-3971.95	7951.9	9639.0	881.98	0.5511,1.9466,0.1094,0.0378
1	Round_4_Replicate_15	-4387.05	8782.1	273747.11	683.66	1.4102,2.6307,0.169,0.0067
1	Round_2_Replicate_11	-12029.31	24066.62	2.296501257243303e+24	1042.97	17.7027,1.1101,0.018,0.0238
1	Round_5_Replicate_1	-3561.28	7130.56	18034.28	1135.56	0.1998,1.2329,0.0408,0.0001
1	Round_4_Replicate_20	-3848.47	7704.94	12239.69	950.29	0.2629,3.1392,0.0632,0.0229
1	Round_4_Replicate_16	-4130.18	8268.36	32470.78	766.62	1.068,2.009,0.1505,0.0043
1	Round_2_Replicate_12	-10338.66	20685.32	65589.34	795.67	1.6024,0.5659,0.386,0.2548
1	Round_4_Replicate_17	-3939.04	7886.08	23712.81	969.17	0.6689,1.1656,0.0919,0.0111
1	Round_4_Replicate_18	-4261.2	8530.4	247997.61	857.89	1.1636,1.3583,0.1118,0.0048
1	Round_2_Replicate_13	-8955.22	17918.44	326822396269903.25	1022.13	16.877,0.5501,0.0294,0.1761
1	Round_4_Replicate_19	-4947.13	9902.26	40128.9	487.46	2.0165,4.5419,0.313,0.0026
1	Round_1_Replicate_8	-21487.52	42983.04	206168.16	669.34	0.6812,6.0,0.1452,0.988
1	Round_2_Replicate_14	-7571.18	15150.36	54194917.95	1139.34	15.36,0.1828,0.0217,0.0076
1	Round_5_Replicate_2	-3561.28	7130.56	18119.28	1135.46	0.1993,1.2364,0.0407,0.0001
1	Round_4_Replicate_20	-4356.81	8721.62	93901.52	808.11	1.3798,1.4159,0.1336,0.0034
1	Round_5_Replicate_2	-3561.28	7130.56	18085.16	1136.48	0.1985,1.232,0.0406,0.0001
1	Round_2_Replicate_15	-6929.75	13867.5	10264000.55	1031.13	9.1487,0.3051,0.0393,0.0096
1	Round_5_Replicate_1	-3705.95	7419.9	15739.12	1153.02	0.0919,2.2062,0.0229,0.0002
1	Round_5_Replicate_2	-3569.44	7146.88	16112.86	1177.3	0.1818,1.0124,0.0366,0.0001
1	Round_5_Replicate_1	-3561.29	7130.58	18634.61	1136.19	0.1993,1.2319,0.0406,0.0001
1	Round_3_Replicate_1	-7751.14	15510.28	6691950386061684.0	979.12	2.8706,1.0279,0.0365,0.0031
1	Round_1_Replicate_9	-29787.79	59583.58	2669210.78	685.89	0.3696,1.7259,1.0379,0.9885
1	Round_5_Replicate_1	-3562.56	7133.12	21352.1	1134.14	0.1919,1.2888,0.0392,0.0002
1	Round_3_Replicate_2	-5236.01	10480.02	26739.39	1050.97	1.2085,0.4877,0.0706,0.0277
1	Round_5_Replicate_1	-3561.38	7130.76	18379.06	1140.62	0.1939,1.2213,0.0397,0.0001
1	Round_3_Replicate_3	-3744.29	7496.58	17295.91	1067.79	0.4123,1.0539,0.0669,0.0106
1	Round_5_Replicate_3	-3561.31	7130.62	17592.3	1135.84	0.1988,1.2342,0.0407,0.0001
1	Round_3_Replicate_4	-5837.43	11682.86	9140.81	970.92	1.6225,0.4876,0.1027,0.0451
1	Round_1_Replicate_10	-20400.95	40809.9	255291.75	1871.72	0.1005,0.1881,0.0711,0.9897
1	Round_5_Replicate_3	-3561.35	7130.7	19072.37	1135.23	0.2008,1.2332,0.0407,0.0001
1	Round_5_Replicate_1	-3561.55	7131.1	16646.61	1138.48	0.1994,1.2097,0.0409,0.0001
1	Round_3_Replicate_5	-4689.98	9387.96	39106.08	697.34	2.0377,1.613,0.1851,0.0047
1	Round_5_Replicate_2	-3673.47	7354.94	50808.01	1095.11	0.137,2.7384,0.03,0.0001
1	Round_5_Replicate_3	-3561.86	7131.72	18014.04	1141.53	0.1982,1.1951,0.0403,0.0002
1	Round_5_Replicate_2	-3561.32	7130.64	18267.8	1133.57	0.2015,1.2412,0.0411,0.0001
1	Round_3_Replicate_6	-5149.68	10307.36	67418.27	1343.24	0.3286,0.2328,0.0255,0.0324
1	Round_1_Replicate_11	-40378.48	80764.96	142136027.27	367.15	0.2712,5.0275,1.6843,0.9885
1	Round_5_Replicate_2	-3569.07	7146.14	20516.29	1177.06	0.1761,1.0377,0.035,0.0002
1	Round_3_Replicate_7	-4868.74	9745.48	6598.15	1148.18	0.6918,0.4491,0.0751,0.0099
1	Round_5_Replicate_2	-3562.4	7132.8	17358.16	1121.9	0.2077,1.3024,0.0428,0.0002
1	Round_3_Replicate_8	-4409.09	8826.18	177968.53	1164.49	0.4744,0.5951,0.0473,0.0521
1	Round_5_Replicate_4	-3561.3	7130.6	18110.69	1137.78	0.198,1.2245,0.0404,0.0001
1	Round_3_Replicate_9	-3767.02	7542.04	17374.72	935.83	0.5388,1.6083,0.0934,0.0056
1	Round_1_Replicate_12	-15114.25	30236.5	105091.93	1321.83	0.2898,0.4849,0.1661,0.8606
1	Round_5_Replicate_4	-3561.48	7130.96	18203.61	1134.08	0.203,1.2309,0.0413,0.0001
1	Round_5_Replicate_4	-3563.61	7135.22	18814.86	1149.81	0.1942,1.1529,0.0391,0.0004
1	Round_3_Replicate_10	-9877.72	19763.44	48702.95	1170.66	0.9059,0.2294,0.1932,0.0048
1	Round_5_Replicate_3	-3591.36	7190.72	14173.42	1054.15	0.2444,1.705,0.0529,0.0001
1	Round_5_Replicate_2	-3563.89	7135.78	16911.96	1162.11	0.1825,1.11,0.0373,0.0001
1	Round_3_Replicate_11	-8078.04	16164.08	21606.28	1014.44	1.5569,0.2841,0.1379,0.0093
1	Round_5_Replicate_3	-3563.46	7134.92	18511.39	1124.88	0.2038,1.2998,0.0418,0.0005
1	Round_1_Replicate_13	-60474.41	120956.82	13600654342665.44	1074.39	0.244,0.3432,2.8008,0.1948
1	Round_5_Replicate_3	-3775.27	7558.54	138150.6	913.59	0.4123,2.7522,0.0731,0.0001
1	Round_3_Replicate_12	-9177.65	18363.3	27835.16	999.18	1.9954,0.2225,0.126,0.0185
1	Round_5_Replicate_5	-3572.95	7153.9	14749.02	1188.73	0.1709,0.9772,0.0349,0.0001
1	Round_3_Replicate_13	-4465.58	8939.16	284376.09	730.79	1.6415,1.8381,0.1547,0.0043
1	Round_5_Replicate_3	-3561.37	7130.74	18002.58	1137.47	0.1952,1.2391,0.0401,0.0001
1	Round_3_Replicate_14	-5217.83	10443.66	1230136719.34	924.6	1.6231,1.0619,0.0674,0.0028
1	Round_1_Replicate_14	-37037.1	74082.2	21897353.56	142.62	1.7424,10.7784,5.9399,0.9899
1	Round_5_Replicate_5	-3563.9	7135.8	18850.36	1113.44	0.2136,1.3475,0.0437,0.0003
1	Round_5_Replicate_5	-3561.28	7130.56	18350.6	1136.27	0.199,1.2319,0.0406,0.0001
1	Round_3_Replicate_15	-5211.44	10430.88	7668.19	1355.3	0.3521,0.2522,0.0388,0.0408
1	Round_5_Replicate_4	-3561.53	7131.06	18143.47	1136.81	0.199,1.2275,0.0406,0.0002
1	Round_5_Replicate_3	-3849.97	7707.94	17532.74	902.86	0.6791,1.5382,0.1075,0.0004
1	Round_1_Replicate_15	-39702.13	79412.26	139640907.3	473.42	0.1551,4.3055,0.9848,0.9885
1	Round_4_Replicate_1	-3614.84	7237.68	9650.67	1241.27	0.1397,0.7806,0.0297,0.0015
1	Round_5_Replicate_4	-3561.37	7130.74	18465.31	1131.76	0.2012,1.257,0.0411,0.0001
1	Round_5_Replicate_4	-3562.8	7133.6	17695.41	1135.34	0.1991,1.2373,0.0408,0.0005
1	Round_5_Replicate_6	-3561.33	7130.66	18526.46	1135.27	0.1986,1.2419,0.0405,0.0001
1	Round_4_Replicate_2	-3943.07	7894.14	30015.22	1154.6	0.4187,0.6806,0.0539,0.0054
1	Round_5_Replicate_4	-3564.2	7136.4	15565.76	1158.51	0.1908,1.1006,0.0389,0.0001
1	Round_5_Replicate_6	-3579.88	7167.76	20149.77	1203.85	0.156,0.937,0.0312,0.0001
1	Round_5_Replicate_6	-3561.58	7131.16	18425.09	1135.13	0.1989,1.2414,0.0406,0.0002
1	Round_2_Replicate_1	-23964.77	47937.54	11952559.69	1375.81	0.3213,0.3664,1.0201,0.4102
1	Round_4_Replicate_3	-3728.36	7464.72	14670.89	953.14	0.4478,1.7213,0.0849,0.0093
1	Round_5_Replicate_4	-3561.42	7130.84	17803.18	1141.89	0.1961,1.2012,0.04,0.0001
1	Round_5_Replicate_5	-3563.74	7135.48	17829.1	1133.71	0.2003,1.2448,0.041,0.0007
1	Round_2_Replicate_2	-6591.48	13190.96	549592080630.91	1014.0	0.7425,1.5176,0.0388,0.1934
1	Round_4_Replicate_4	-3834.15	7676.3	24933.91	902.55	0.6417,1.6519,0.1025,0.0047
1	Round_5_Replicate_7	-3561.71	7131.42	17164.6	1143.8	0.1974,1.1801,0.0402,0.0001
1	Round_5_Replicate_5	-3561.3	7130.6	17601.14	1136.84	0.1979,1.2306,0.0406,0.0001
1	Round_5_Replicate_5	-3561.29	7130.58	18500.0	1135.13	0.1992,1.2403,0.0406,0.0001
1	Round_4_Replicate_5	-3967.63	7943.26	20122.78	892.32	0.7573,1.4831,0.1118,0.0133
1	Round_5_Replicate_7	-3561.32	7130.64	18780.65	1134.98	0.2,1.2383,0.0407,0.0001
1	Round_5_Replicate_7	-3561.63	7131.26	17134.49	1136.35	0.2018,1.2165,0.0412,0.0002
1	Round_5_Replicate_5	-3561.29	7130.58	18301.69	1135.24	0.2002,1.2346,0.0408,0.0001
1	Round_2_Replicate_3	-20378.95	40765.9	1566386.81	968.39	1.3415,0.1708,0.5814,0.089
1	Round_4_Replicate_6	-3711.21	7430.42	48375.84	1075.66	0.3754,1.1199,0.0584,0.01
1	Round_5_Replicate_5	-3699.88	7407.76	12863.74	1264.89	0.1836,0.6047,0.0329,0.0012
1	Round_2_Replicate_4	-4825.38	9658.76	7535.78	1026.58	0.8997,0.6526,0.0955,0.0526
1	Round_5_Replicate_6	-3561.72	7131.44	17673.3	1135.65	0.1928,1.2637,0.0399,0.0001
1	Round_5_Replicate_8	-3561.29	7130.58	18250.51	1136.58	0.1983,1.2324,0.0405,0.0001
1	Round_4_Replicate_7	-3784.57	7577.14	23207.62	918.45	0.5588,1.724,0.0952,0.0063
1	Round_5_Replicate_6	-3567.59	7143.18	16799.73	1173.71	0.1812,1.0377,0.0366,0.0001
1	Round_5_Replicate_6	-3583.55	7175.1	14080.4	1207.05	0.165,0.8901,0.0334,0.0001
1	Round_4_Replicate_8	-3727.28	7462.56	18649.2	976.62	0.4754,1.4752,0.0824,0.0071
1	Round_5_Replicate_8	-3561.3	7130.6	18249.46	1135.43	0.1992,1.2372,0.0407,0.0001
1	Round_5_Replicate_8	-3578.31	7164.62	14990.22	1197.18	0.1712,0.9272,0.0345,0.0001
1	Round_2_Replicate_5	-8917.09	17842.18	646083.4	1169.95	2.978,0.1628,0.0246,0.2632
1	Round_5_Replicate_6	-3582.86	7173.72	17646.84	1088.52	0.2501,1.3796,0.0501,0.0032
1	Round_4_Replicate_9	-3630.1	7268.2	35001.15	1043.64	0.2959,1.609,0.0555,0.0081
1	Round_5_Replicate_9	-3561.31	7130.62	18562.78	1135.22	0.1999,1.2365,0.0407,0.0001
1	Round_2_Replicate_6	-5807.63	11623.26	243550938.74	817.69	1.4476,1.8609,0.0954,0.1856
1	Round_5_Replicate_7	-3739.94	7487.88	64327.07	1101.83	0.1114,4.0363,0.0249,0.0001
1	Round_4_Replicate_10	-3655.04	7318.08	52439.37	1047.75	0.3584,1.3534,0.0595,0.0054
1	Round_5_Replicate_6	-3561.5	7131.0	20256.14	1133.5	0.2018,1.2448,0.0407,0.0001
1	Round_5_Replicate_9	-3563.05	7134.1	13763.25	1140.11	0.1918,1.2232,0.0406,0.0002
1	Round_5_Replicate_9	-3561.3	7130.6	18004.76	1137.97	0.1967,1.2283,0.0403,0.0001
1	Round_4_Replicate_11	-3599.42	7206.84	20539.36	1132.1	0.2377,1.1192,0.045,0.0065
1	Round_5_Replicate_7	-3561.72	7131.44	18060.53	1140.49	0.1983,1.2025,0.0403,0.0002
1	Round_5_Replicate_7	-3561.34	7130.68	18640.12	1139.17	0.1966,1.2211,0.04,0.0001
1	Round_2_Replicate_7	-8394.42	16796.84	51820457631539.52	887.15	2.1398,1.6191,0.057,0.29
1	Round_4_Replicate_12	-3637.32	7282.64	16174.35	1062.96	0.3446,1.2324,0.0626,0.0045
1	Round_5_Replicate_7	-3561.32	7130.64	17748.82	1136.7	0.1974,1.2345,0.0405,0.0001
1	Round_5_Replicate_10	-3561.32	7130.64	18240.49	1135.43	0.1999,1.2341,0.0408,0.0001
1	Round_2_Replicate_8	-16719.74	33447.48	156259.21	715.07	3.7833,0.3395,0.2777,0.686
1	Round_4_Replicate_13	-3723.19	7454.38	10661.72	1178.99	0.2909,0.758,0.0497,0.0046
1	Round_5_Replicate_8	-3561.32	7130.64	18143.97	1136.62	0.1978,1.2342,0.0404,0.0001
1	Round_5_Replicate_7	-3561.28	7130.56	18086.64	1136.3	0.199,1.231,0.0406,0.0001
1	Round_5_Replicate_10	-3571.19	7150.38	15580.9	1182.59	0.178,0.9922,0.036,0.0001
1	Round_5_Replicate_10	-3561.29	7130.58	18136.47	1136.68	0.1983,1.2315,0.0405,0.0001
1	Round_4_Replicate_14	-3699.7	7407.4	16197.18	1143.28	0.3229,0.8558,0.0531,0.0034
1	Round_5_Replicate_8	-3569.94	7147.88	15598.25	1169.86	0.1742,1.0874,0.0361,0.0012
1	Round_2_Replicate_9	-15702.83	31413.66	585316.3	1466.46	0.49,0.2073,0.4565,0.0386
1	Round_5_Replicate_8	-3561.31	7130.62	17843.83	1136.19	0.2,1.227,0.0408,0.0001
1	Round_4_Replicate_15	-3698.02	7404.04	8962.03	1146.43	0.3053,0.8648,0.055,0.0065
1	Round_5_Replicate_8	-3563.33	7134.66	16579.31	1158.42	0.1854,1.1238,0.038,0.0001
1	Round_2_Replicate_10	-32123.13	64254.26	389740455.68	1997.47	0.1338,0.2291,0.829,0.115
1	Round_4_Replicate_16	-3797.53	7603.06	15039.34	1208.23	0.2732,0.6755,0.044,0.0132
1	Round_5_Replicate_8	-4150.15	8308.3	56261.78	801.86	1.1307,1.6771,0.1368,0.0001
1	Round_5_Replicate_9	-3561.29	7130.58	18426.71	1136.38	0.1991,1.2309,0.0406,0.0001
1	Round_4_Replicate_17	-3843.71	7695.42	20432.68	871.92	0.5814,2.0755,0.1052,0.0101
1	Round_2_Replicate_11	-6634.57	13277.14	97448.02	1353.61	0.4329,0.126,0.0175,0.0529
1	Round_5_Replicate_9	-3562.35	7132.7	17246.33	1132.42	0.1931,1.2875,0.0402,0.0002
1	Round_5_Replicate_9	-3561.28	7130.56	17980.68	1135.97	0.1994,1.2318,0.0407,0.0001
1	Round_4_Replicate_18	-4008.0	8024.0	30657.24	1070.07	0.5857,0.8105,0.0705,0.0039
1	Round_5_Replicate_9	-3564.5	7137.0	25074.34	1129.68	0.1899,1.3452,0.0386,0.0001
1	Round_4_Replicate_19	-3753.61	7515.22	10926.91	1158.04	0.316,0.8008,0.0534,0.0109
1	Round_2_Replicate_12	-7439.08	14886.16	46138276.83	1171.8	2.1095,0.208,0.0231,0.1046
1	Round_4_Replicate_20	-3800.63	7609.26	20320.18	1129.84	0.3789,0.8256,0.0569,0.0099
1	Round_5_Replicate_10	-3561.33	7130.66	18423.03	1136.93	0.199,1.2271,0.0405,0.0001
1	Round_5_Replicate_9	-3569.15	7146.3	17947.76	1142.68	0.1815,1.2634,0.0379,0.0017
1	Round_2_Replicate_13	-25139.82	50287.64	52461833.22	677.13	0.1615,2.084,1.0252,0.3112
1	Round_5_Replicate_10	-3573.1	7154.2	15572.89	1186.95	0.176,0.9725,0.0355,0.0001
1	Round_5_Replicate_10	-3561.3	7130.6	18352.25	1137.68	0.1979,1.2259,0.0404,0.0001
1	Round_2_Replicate_14	-11587.71	23183.42	167661.32	2005.73	0.1387,0.215,0.1904,0.0688
1	Round_5_Replicate_10	-3566.67	7141.34	15020.68	1167.51	0.1875,1.0532,0.0381,0.0001
1	Round_5_Replicate_10	-3619.33	7246.66	18215.71	1174.98	0.2427,0.8664,0.0432,0.0004
1	Round_2_Replicate_15	-7668.27	15344.54	16690.59	1387.43	0.4688,0.1584,0.0445,0.1758
1	Round_3_Replicate_1	-9710.53	19429.06	31471.0	877.65	3.1454,0.2638,0.1489,0.0873
1	Round_3_Replicate_2	-4453.56	8915.12	8415.44	826.04	0.4878,2.3515,0.1402,0.0778
1	Round_5_Replicate_1	-3561.31	7130.62	18326.63	1136.71	0.1993,1.227,0.0406,0.0001
1	Round_3_Replicate_3	-5061.02	10130.04	11424.74	1042.87	0.5489,0.7766,0.1566,0.0255
1	Round_3_Replicate_4	-8713.25	17434.5	38301.45	1335.1	0.5459,0.2508,0.17,0.0137
1	Round_3_Replicate_5	-4816.44	9640.88	8735.03	973.2	1.1393,0.6938,0.1035,0.0248
1	Round_3_Replicate_6	-4539.21	9086.42	5978.0	1302.04	0.3421,0.3661,0.0472,0.0201
1	Round_3_Replicate_7	-4698.72	9405.44	13650543.92	1011.74	0.5371,1.4273,0.0545,0.12
1	Round_5_Replicate_2	-3570.63	7149.26	15734.02	1180.31	0.1804,0.9983,0.0364,0.0001
1	Round_3_Replicate_8	-4241.72	8491.44	14959.84	859.29	0.7137,1.7869,0.1193,0.0742
1	Round_3_Replicate_9	-3646.48	7300.96	14342.68	1183.67	0.2086,0.8996,0.0398,0.0131
1	Round_3_Replicate_10	-6207.87	12423.74	2251015230382.77	930.89	1.6381,1.3519,0.0533,0.029
1	Round_3_Replicate_11	-6312.31	12632.62	19292.29	1317.61	0.3548,0.414,0.1353,0.0305
1	Round_3_Replicate_12	-5233.0	10474.0	2011345089.0	1043.63	0.9861,0.8114,0.0455,0.0212
1	Round_5_Replicate_3	-3561.29	7130.58	18100.11	1136.85	0.1988,1.2277,0.0406,0.0001
1	Round_3_Replicate_13	-4976.25	9960.5	15402.87	1164.71	0.7265,0.4049,0.0559,0.0195
1	Round_3_Replicate_14	-3773.76	7555.52	16186.7	946.07	0.402,1.9957,0.0802,0.0212
1	Round_3_Replicate_15	-5076.32	10160.64	10150.13	613.97	2.2289,1.8266,0.2687,0.0268
1	Round_4_Replicate_1	-3665.87	7339.74	21578.04	1258.42	0.1516,0.672,0.0279,0.0058
1	Round_5_Replicate_4	-3561.39	7130.78	19346.84	1135.9	0.2,1.2323,0.0405,0.0001
1	Round_4_Replicate_2	-3606.08	7220.16	16135.99	1097.03	0.2049,1.539,0.0439,0.0085
1	Round_4_Replicate_3	-3666.29	7340.58	17149.99	1012.77	0.3605,1.5479,0.0687,0.01
1	Round_4_Replicate_4	-3731.96	7471.92	8160.47	1275.6	0.1392,0.6381,0.0287,0.0178
1	Round_5_Replicate_5	-3561.38	7130.76	18379.93	1137.71	0.1976,1.2271,0.0403,0.0001
1	Round_4_Replicate_5	-3768.57	7545.14	7253.56	1179.22	0.268,0.7923,0.0504,0.0211
1	Round_4_Replicate_6	-3657.3	7322.6	12118.43	1051.14	0.251,1.684,0.0546,0.0156
1	Round_4_Replicate_7	-3644.34	7296.68	8741.16	1192.7	0.2098,0.849,0.0419,0.0088
1	Round_5_Replicate_6	-3570.7	7149.4	15720.95	1180.84	0.1796,0.9975,0.0362,0.0001
1	Round_4_Replicate_8	-3614.64	7237.28	16834.29	1127.43	0.2167,1.2218,0.0435,0.0125
1	Round_4_Replicate_9	-3638.27	7284.54	29314.64	1132.39	0.1774,1.4083,0.0359,0.0164
1	Round_4_Replicate_10	-3629.78	7267.56	40431.43	1148.29	0.2361,1.0382,0.0413,0.0091
1	Round_5_Replicate_7	-3561.39	7130.78	17629.06	1133.68	0.1991,1.2498,0.0409,0.0001
1	Round_4_Replicate_11	-3732.7	7473.4	9538.82	1175.23	0.2623,0.8213,0.0481,0.0188
1	Round_4_Replicate_12	-3895.05	7798.1	12588.65	1249.9	0.2646,0.5504,0.0407,0.0105
1	Round_4_Replicate_13	-3700.67	7409.34	6676.63	1137.63	0.3057,0.8954,0.0585,0.0067
1	Round_5_Replicate_8	-3561.29	7130.58	18049.78	1136.63	0.1991,1.2283,0.0406,0.0001
1	Round_4_Replicate_14	-3601.62	7211.24	13039.91	1077.41	0.2175,1.6333,0.048,0.0048
1	Round_4_Replicate_15	-3619.66	7247.32	11652.94	1163.68	0.2187,0.976,0.0433,0.0091
1	Round_4_Replicate_16	-3602.94	7213.88	36477.85	1138.3	0.1876,1.3,0.0365,0.0085
1	Round_5_Replicate_9	-3563.78	7135.56	17540.84	1146.88	0.1899,1.1899,0.039,0.0006
1	Round_4_Replicate_17	-3621.0	7250.0	60030.05	1111.83	0.233,1.3258,0.0419,0.0094
1	Round_4_Replicate_18	-3845.65	7699.3	43990.15	1230.16	0.2529,0.6205,0.0368,0.0147
1	Round_4_Replicate_19	-3669.81	7347.62	13392.65	1227.92	0.2005,0.7157,0.0366,0.0059
1	Round_5_Replicate_10	-3570.21	7148.42	15890.12	1180.19	0.1792,1.0032,0.0362,0.0001
1	Round_4_Replicate_20	-3622.32	7252.64	10077.36	1203.78	0.1896,0.8434,0.038,0.0059
1	Round_5_Replicate_1	-3561.54	7131.08	19254.19	1136.3	0.196,1.2469,0.04,0.0001
1	Round_5_Replicate_2	-3561.29	7130.58	18650.26	1135.69	0.1993,1.2357,0.0406,0.0001
1	Round_5_Replicate_3	-3561.29	7130.58	18176.1	1136.99	0.199,1.2262,0.0406,0.0001
1	Round_5_Replicate_4	-3569.51	7147.02	15829.06	1177.52	0.1816,1.0114,0.0366,0.0001
1	Round_5_Replicate_5	-3562.35	7132.7	17486.47	1152.27	0.1901,1.1498,0.0387,0.0001
1	Round_5_Replicate_6	-3561.3	7130.6	18019.6	1137.26	0.1969,1.233,0.0403,0.0001
1	Round_5_Replicate_7	-3570.37	7148.74	15694.45	1179.77	0.1805,1.0013,0.0364,0.0001
1	Round_5_Replicate_8	-3561.29	7130.58	18367.24	1135.2	0.1998,1.2366,0.0407,0.0001
1	Round_5_Replicate_9	-3561.29	7130.58	18212.54	1136.12	0.1988,1.2336,0.0406,0.0001
