Model	Replicate	log-likelihood	AIC	chi-squared	theta	optimized_params(nu1, nu2, m12, m21, T, p_misid)
Model	Replicate	log-likelihood	AIC	chi-squared	theta	optimized_params(nu1, nu2, m12, m21, T, p_misid)
Model	Replicate	log-likelihood	AIC	chi-squared	theta	optimized_params(nu1, nu2, m12, m21, T, p_misid)
Model	Replicate	log-likelihood	AIC	chi-squared	theta	optimized_params(nu1, nu2, m12, m21, T, p_misid)
Model	Replicate	log-likelihood	AIC	chi-squared	theta	optimized_params(nu1, nu2, m12, m21, T, p_misid)
Model	Replicate	log-likelihood	AIC	chi-squared	theta	optimized_params(nu1, nu2, m12, m21, T, p_misid)
Model	Replicate	log-likelihood	AIC	chi-squared	theta	optimized_params(nu1, nu2, m12, m21, T, p_misid)
Model	Replicate	log-likelihood	AIC	chi-squared	theta	optimized_params(nu1, nu2, m12, m21, T, p_misid)
Model	Replicate	log-likelihood	AIC	chi-squared	theta	optimized_params(nu1, nu2, m12, m21, T, p_misid)
Model	Replicate	log-likelihood	AIC	chi-squared	theta	optimized_params(nu1, nu2, m12, m21, T, p_misid)
1	Round_1_Replicate_1	-10597.1	21206.2	51981.4	1555.86	0.1609,0.5172,0.0996,1.5119,0.5529,0.4485
1	Round_1_Replicate_1	-12651.71	25315.42	33700.56	190.5	1.2027,6.4868,0.599,0.0848,7.3493,0.8386
1	Round_1_Replicate_1	-11011.53	22035.06	28765.53	716.46	2.4714,0.226,1.3883,0.5973,1.7465,0.0808
1	Round_1_Replicate_1	-8606.13	17224.26	1277635.82	927.54	0.186,3.144,1.5479,6.3753,0.4659,0.6225
1	Round_1_Replicate_1	-10112.82	20237.64	45001.74	431.45	0.7493,1.659,0.0806,0.0668,5.6237,0.2567
1	Round_1_Replicate_1	-8860.73	17733.46	33304.35	302.14	7.2441,1.0823,1.1195,0.1004,15.0906,0.0738
1	Round_1_Replicate_1	-9268.89	18549.78	27020.41	1488.26	0.4529,0.229,0.1091,1.0624,9.0097,0.1048
1	Round_1_Replicate_2	-27363.19	54738.38	17173269022.1	362.18	4.3202,1.0471,0.2495,5.1309,1.7103,0.9898
1	Round_1_Replicate_2	-10697.67	21407.34	1.1591470618218907e+20	478.81	7.7133,6.5076,2.2174,0.841,0.1874,0.0598
1	Round_1_Replicate_2	-28435.59	56883.18	202433115215.63	1424.58	2.5287,0.2322,15.1778,1.232,0.346,0.9895
1	Round_1_Replicate_2	-22726.17	45464.34	375049.61	609.75	0.3158,14.174,0.0968,0.2573,0.1663,0.9896
1	Round_1_Replicate_2	-24627.26	49266.52	506374.97	654.11	0.3818,2.317,0.1192,0.0916,0.6199,0.9893
1	Round_1_Replicate_2	-35677.48	71366.96	2531237.62	239.88	9.9309,0.673,0.1382,0.1443,2.5665,0.9893
1	Round_1_Replicate_1	-11245.96	22503.92	32563.55	1715.82	0.5539,0.2042,0.1078,5.5456,14.9089,0.692
1	Round_1_Replicate_2	-37658.72	75329.44	5177325.43	639.98	13.9261,0.1101,3.1441,0.3765,0.6655,0.9898
1	Round_1_Replicate_3	-6425.93	12863.86	11670.25	626.43	5.8699,0.6533,0.1047,1.861,0.2315,0.0955
1	Round_1_Replicate_1	-31712.59	63437.18	2006480.93	325.07	11.3377,0.1446,0.4216,8.4672,1.1226,0.9898
1	Round_1_Replicate_3	-7912.34	15836.68	10278278211.4	389.61	1.9528,3.107,3.3209,0.4974,1.2048,0.4222
1	Round_1_Replicate_3	-3459.75	6931.5	4201.65	357.82	1.3017,3.9806,1.2565,0.1558,1.4314,0.0583
1	Round_1_Replicate_3	-5703.1	11418.2	697219.38	1227.1	0.7595,0.547,6.6913,0.5517,2.6603,0.0979
1	Round_1_Replicate_3	-12915.24	25842.48	54980.34	1441.95	0.6258,0.0847,0.4564,3.5365,0.0953,0.4999
1	Round_1_Replicate_2	-6564.23	13140.46	13892.1	1534.95	0.3041,0.4177,0.2313,1.4715,4.4442,0.0856
1	Round_1_Replicate_4	-24942.91	49897.82	456672422215397.06	488.07	1.8713,9.9384,0.3089,3.7509,0.2653,0.9893
1	Round_1_Replicate_4	-10182.07	20376.14	30891.32	973.0	5.8445,0.1006,0.0762,6.9683,0.0782,0.2287
1	Round_1_Replicate_4	-4086.11	8184.22	3691.72	1919.33	0.0764,0.4464,11.7021,5.5418,0.4014,0.1126
1	Round_1_Replicate_4	-6810.43	13632.86	13194.96	1912.59	0.1131,0.2046,2.2433,0.3565,0.101,0.1101
1	Round_1_Replicate_3	-10401.15	20814.3	2.2907894404287628e+16	191.8	4.9472,4.6855,0.065,3.8333,14.7956,0.5369
1	Round_1_Replicate_4	-15019.21	30050.42	72875127.59	1072.67	0.9648,0.455,7.3804,2.3644,0.3812,0.831
1	Round_1_Replicate_3	-14867.99	29747.98	5339485.63	2393.32	3.2583,0.1123,14.22,0.0711,4.4079,0.537
1	Round_1_Replicate_3	-8588.72	17189.44	19970.68	398.48	0.1369,4.0531,1.5005,0.3831,2.9686,0.5338
1	Round_1_Replicate_5	-6902.55	13817.1	231601930308214.44	467.48	4.7623,1.4416,0.2222,6.71,0.4411,0.079
1	Round_1_Replicate_5	-28681.45	57374.9	1311546.47	1815.32	0.4346,0.1386,5.9306,0.0711,0.2404,0.9898
1	Round_1_Replicate_5	-29478.78	58969.56	1168416.35	910.15	0.1907,0.6945,0.1512,0.0931,3.8447,0.9893
1	Round_1_Replicate_5	-7653.81	15319.62	19739.52	2038.2	0.1186,0.3088,1.1254,0.4505,0.6176,0.0594
1	Round_1_Replicate_4	-4937.69	9887.38	15058.38	802.19	1.2189,1.0186,0.0661,2.2223,0.2464,0.1868
1	Round_1_Replicate_5	-20342.38	40696.76	207979.73	1066.68	0.2945,0.797,2.5502,1.4067,1.4678,0.9896
1	Round_1_Replicate_4	-13037.98	26087.96	1.4427060535726304e+17	680.23	1.3919,11.4308,2.076,4.5399,0.103,0.6171
1	Round_1_Replicate_2	-6286.94	12585.88	10382.85	1976.09	0.0899,0.4602,3.3082,0.2232,1.2971,0.226
1	Round_1_Replicate_6	-21810.4	43632.8	247498.61	836.02	0.7309,1.2993,0.6176,0.1098,0.2396,0.9896
1	Round_1_Replicate_6	-23869.31	47750.62	422391.47	523.16	0.1588,11.2704,1.3216,0.0716,0.276,0.9898
1	Round_1_Replicate_6	-26990.9	53993.8	2827671448.07	280.18	8.2373,6.1288,0.2387,0.4591,0.6138,0.9898
1	Round_1_Replicate_6	-7641.77	15295.54	6956283.02	1033.11	0.2569,1.3646,6.6831,5.3032,0.1307,0.5731
1	Round_1_Replicate_5	-20912.33	41836.66	270293.99	926.73	0.1531,6.6421,0.149,0.2167,0.059,0.9896
1	Round_1_Replicate_6	-5123.74	10259.48	5566.34	286.82	0.3479,4.0638,3.7419,0.6045,13.5127,0.3403
1	Round_1_Replicate_4	-26592.8	53197.6	1.3989449223582768e+20	218.77	4.633,4.0627,0.1269,7.3991,13.7755,0.9898
1	Round_1_Replicate_7	-6855.9	13723.8	9883.37	475.64	0.3226,3.5755,1.134,1.3669,3.9963,0.4949
1	Round_1_Replicate_7	-6848.38	13708.76	2307016152903.69	771.24	0.4115,10.7016,0.0643,8.7028,0.5175,0.1071
1	Round_1_Replicate_7	-16859.42	33730.84	289425818712.26	166.63	1.1932,9.677,6.0755,0.2597,5.2857,0.873
1	Round_1_Replicate_7	-6493.28	12998.56	10135.44	670.16	1.1681,0.7018,0.1574,1.3075,2.9734,0.2619
1	Round_1_Replicate_6	-22545.67	45103.34	1.7789474046818956e+23	597.24	4.668,1.5797,10.8237,9.4168,0.2277,0.8912
1	Round_1_Replicate_1	-26623.15	53258.3	10044849454.13	708.85	10.1135,1.017,0.1593,1.3832,0.1137,0.9898
1	Round_1_Replicate_5	-13893.95	27799.9	4217146858799377.5	344.14	1.2582,3.2018,11.0099,0.16,7.7387,0.7049
1	Round_1_Replicate_5	-5978.13	11968.26	11143.43	412.65	0.1522,8.5525,3.3418,2.0677,1.6033,0.2507
1	Round_1_Replicate_8	-11372.9	22757.8	155752.32	427.26	0.1503,7.5145,0.112,1.3397,4.3721,0.1075
1	Round_1_Replicate_8	-8235.34	16482.68	14572.52	804.33	0.1701,2.2217,2.5699,0.0808,0.3122,0.5976
1	Round_1_Replicate_7	-13846.54	27705.08	72311.54	1245.59	7.2787,0.1321,6.3235,0.0711,8.2128,0.1108
1	Round_1_Replicate_7	-6879.13	13770.26	14924.87	1579.1	0.2741,0.3669,0.3507,1.1458,1.8089,0.0549
1	Round_1_Replicate_8	-21797.24	43606.48	312458495.74	587.63	0.2762,2.2161,11.7689,4.2756,3.3011,0.9898
1	Round_1_Replicate_6	-27705.55	55423.1	606879.59	237.3	7.2253,2.2277,0.083,0.6651,2.04,0.9898
1	Round_1_Replicate_3	-39864.26	79740.52	13425375.91	2521.0	0.0937,0.1239,0.0635,0.0751,0.8287,0.9893
1	Round_1_Replicate_9	-5114.9	10241.8	21926952.21	455.51	0.4547,7.1833,2.7872,2.4412,0.6721,0.1738
1	Round_1_Replicate_6	-6375.44	12762.88	267066842.54	835.48	0.2348,5.9732,1.6855,7.0552,0.7557,0.1883
1	Round_1_Replicate_8	-22010.04	44032.08	284964.15	946.24	11.2491,0.0973,6.1231,0.1744,0.1601,0.76
1	Round_1_Replicate_8	-32277.62	64567.24	1.6468144161154262e+17	108.53	11.3046,15.8229,1.415,0.1585,3.2388,0.9898
1	Round_1_Replicate_9	-19053.03	38118.06	299973.59	1111.31	0.1752,1.7203,4.35,5.5994,4.642,0.9893
1	Round_1_Replicate_9	-12766.44	25544.88	59647.42	730.54	0.2805,1.7249,0.3361,0.1679,0.9185,0.7279
1	Round_1_Replicate_7	-22047.35	44106.7	363954.72	401.51	0.1668,11.3271,0.6515,1.8381,3.0666,0.9898
1	Round_1_Replicate_8	-22842.28	45696.56	428887.27	2098.6	0.5127,0.1299,0.0919,13.277,8.695,0.9898
1	Round_1_Replicate_10	-26520.49	53052.98	1.7090891433142046e+16	563.22	2.3329,1.373,0.3494,10.5871,0.6932,0.9898
1	Round_1_Replicate_7	-16440.12	32892.24	1.257527688262239e+19	558.02	1.1692,15.1986,0.7577,10.8879,1.3177,0.8095
1	Round_1_Replicate_9	-12992.47	25996.94	53031.42	893.15	1.1387,0.2173,0.1358,0.3356,1.5916,0.221
1	Round_1_Replicate_9	-29976.62	59965.24	7.519570251327064e+18	276.72	3.2727,6.7399,3.0026,3.1135,1.0318,0.9893
1	Round_1_Replicate_10	-26613.42	53238.84	667132.62	4193.55	0.1164,0.0944,3.4492,0.5887,0.6421,0.9898
1	Round_1_Replicate_10	-8405.24	16822.48	36526.77	214.06	0.5681,10.8964,0.1038,0.3259,3.0804,0.2502
1	Round_1_Replicate_8	-23543.57	47099.14	2180416272791685.8	679.18	0.9897,6.542,0.0997,8.2645,0.1956,0.9898
1	Round_1_Replicate_11	-22979.58	45971.16	135817268931.91	1261.61	0.5124,0.4068,8.324,15.1263,0.5816,0.9898
1	Round_1_Replicate_10	-16619.43	33250.86	16550164309.08	552.53	1.9776,3.8409,0.3317,2.1623,0.2488,0.9094
1	Round_1_Replicate_11	-18628.0	37268.0	184297.35	1758.07	0.1327,0.3477,0.1934,6.8866,0.1501,0.9897
1	Round_1_Replicate_11	-12399.74	24811.48	239609624347.95	641.67	4.973,1.5595,3.0079,0.0655,0.1826,0.6686
1	Round_1_Replicate_10	-10116.44	20244.88	25821.48	1672.26	0.7757,0.1063,2.6255,2.2444,5.2651,0.1754
1	Round_1_Replicate_4	-30537.41	61086.82	2221689.2	920.3	2.0312,0.0887,0.3735,5.3819,0.3424,0.9898
1	Round_1_Replicate_9	-21455.45	42922.9	309885.36	1237.06	0.5766,0.3841,2.1541,5.9195,2.7271,0.9893
1	Round_1_Replicate_12	-14038.59	28089.18	50305.13	1697.8	2.2683,0.0868,5.8174,0.2452,2.6434,0.1008
1	Round_1_Replicate_9	-15606.45	31224.9	140723.15	2420.96	0.1737,0.6422,0.437,9.6659,9.6055,0.9263
1	Round_1_Replicate_11	-18133.65	36279.3	100353.14	256.12	5.7797,2.0335,0.4429,0.1932,2.6248,0.8966
1	Round_1_Replicate_12	-33560.29	67132.58	2088817.04	1164.16	0.6221,0.1133,0.132,0.2489,2.9725,0.9898
1	Round_1_Replicate_12	-3350.55	6713.1	13646.09	127.05	1.5367,10.0664,0.7898,0.318,14.1136,0.1063
1	Round_1_Replicate_8	-8615.15	17242.3	27285163.95	284.64	4.752,0.3378,0.0827,11.9822,8.437,0.3138
1	Round_1_Replicate_11	-6685.62	13383.24	22376.23	471.1	0.3544,10.1569,0.2159,0.4374,0.3605,0.1105
1	Round_1_Replicate_10	-21828.17	43668.34	319551.17	969.78	0.117,1.7795,1.2421,0.4992,0.1791,0.9898
1	Round_1_Replicate_10	-31555.47	63122.94	4.540888709307473e+19	199.38	7.7445,7.0445,1.4097,2.4413,1.3722,0.9898
1	Round_1_Replicate_13	-26172.13	52356.26	790597.44	862.05	3.0101,0.4474,0.8378,1.514,0.1276,0.9896
1	Round_1_Replicate_12	-22470.91	44953.82	4606206021.89	763.36	0.681,5.8704,2.2491,2.199,0.0964,0.9893
1	Round_1_Replicate_13	-23098.08	46208.16	325434.9	237.05	15.2439,0.1554,0.0935,0.0599,1.9829,0.0718
1	Round_1_Replicate_9	-21329.85	42671.7	204970.17	771.06	0.6798,1.8961,1.0982,1.0884,0.2294,0.9894
1	Round_1_Replicate_13	-33259.39	66530.78	44940118.38	1114.47	4.7598,0.2322,5.9786,0.3291,4.6217,0.9898
1	Round_1_Replicate_12	-4770.07	9552.14	36459307649.29	394.25	1.1403,4.6104,0.9833,3.0165,2.4401,0.1171
1	Round_1_Replicate_11	-33067.89	66147.78	2767068.91	874.68	3.0972,0.1398,2.1243,1.1154,0.2706,0.9898
1	Round_1_Replicate_11	-4453.54	8919.08	58274.01	562.8	0.5661,5.2647,3.4545,0.119,0.2794,0.1142
1	Round_1_Replicate_14	-27621.63	55255.26	727930.82	4566.8	0.0713,0.09,3.2503,0.2666,0.4802,0.9898
1	Round_1_Replicate_13	-26102.88	52217.76	1190990.19	610.73	0.1649,5.6221,0.0642,0.1989,0.2906,0.9898
1	Round_1_Replicate_14	-32220.03	64452.06	3.3569646165243096e+26	621.42	10.2324,11.4872,2.5097,0.8348,0.0905,0.9893
1	Round_1_Replicate_10	-41773.86	83559.72	7637368.93	283.58	8.886,0.1902,0.3094,0.1295,3.0521,0.9893
1	Round_1_Replicate_14	-11025.63	22063.26	3.080473924691807e+21	408.6	5.2864,5.6651,1.0105,5.1,0.3201,0.1119
1	Round_1_Replicate_5	-25254.49	50520.98	383978.86	290.81	1.6298,4.9729,0.097,0.2645,1.9514,0.9896
1	Round_1_Replicate_13	-22765.96	45543.92	301297.09	716.31	0.6248,1.7574,0.1141,0.1855,0.4467,0.9893
1	Round_1_Replicate_12	-10033.88	20079.76	28250.0	715.21	5.8847,0.1195,0.9553,7.4455,0.2473,0.2197
1	Round_1_Replicate_15	-19865.62	39743.24	149957.29	701.13	0.1679,5.4725,6.1973,0.6404,0.1785,0.9818
1	Round_1_Replicate_12	-41123.06	82258.12	7992390.6	170.2	14.1888,0.2715,0.2635,0.0852,9.6383,0.9895
1	Round_1_Replicate_11	-5495.43	11002.86	17880192929.51	1090.42	0.1615,4.1887,0.9873,13.8767,0.1628,0.067
1	Round_1_Replicate_14	-22333.3	44678.6	269819079612252.44	687.39	0.9123,4.245,0.0802,8.5354,4.4793,0.9898
1	Round_1_Replicate_13	-6337.46	12686.92	41095747133.96	175.92	11.1987,5.5586,0.5397,0.6829,1.7509,0.0639
1	Round_2_Replicate_1	-7457.36	14926.72	2293410772.53	622.64	0.1371,18.3759,16.1504,9.3648,0.8276,0.3674
1	Round_1_Replicate_13	-21443.97	42899.94	333339.11	1344.53	0.6276,0.2329,0.1154,6.5126,0.3749,0.9898
1	Round_1_Replicate_15	-24896.71	49805.42	509986.61	2514.81	0.273,0.1266,0.3836,1.8108,9.232,0.9898
1	Round_1_Replicate_14	-10967.72	21947.44	24397.96	179.96	0.3599,7.4526,4.4984,0.1289,12.0024,0.7948
1	Round_1_Replicate_12	-23565.52	47143.04	400952.4	2493.86	0.0951,0.1624,0.3706,0.5681,0.2214,0.9893
1	Round_1_Replicate_14	-19289.67	38591.34	181354.53	1305.18	0.0933,0.8115,9.7768,0.7712,0.5691,0.9896
1	Round_2_Replicate_2	-5757.97	11527.94	324225291406.59	707.19	1.0666,1.8661,4.0978,3.6048,0.2573,0.1311
1	Round_1_Replicate_14	-5053.36	10118.72	35869.85	466.82	2.1624,4.2297,0.0999,0.1726,0.3662,0.0896
1	Round_1_Replicate_15	-33317.16	66646.32	2231250.48	401.26	6.9573,0.4814,1.2493,0.1956,2.3964,0.9897
1	Round_1_Replicate_15	-4602.67	9217.34	1161515.05	2629.55	0.2389,0.4037,0.2683,12.5075,9.3369,0.179
1	Round_1_Replicate_13	-25525.31	51062.62	47195860331.45	130.79	3.6807,6.6491,1.4544,0.7603,13.7401,0.9897
1	Round_1_Replicate_15	-7693.6	15399.2	103937537335.51	964.39	0.2546,9.9354,0.4463,11.3975,0.3928,0.3072
1	Round_1_Replicate_15	-14504.73	29021.46	356994112520.43	1921.45	12.7375,0.21,18.537,1.0587,4.7588,0.6024
1	Round_2_Replicate_3	-8279.81	16571.62	2.11828961066362e+18	284.11	2.1253,18.3459,0.434,4.7519,5.0019,0.0868
1	Round_1_Replicate_15	-20945.28	41902.56	253331.03	389.49	0.2426,10.9267,2.8641,2.3779,1.3688,0.9895
1	Round_1_Replicate_6	-23525.81	47063.62	39526290.39	243.53	1.5404,4.0021,2.8338,0.4582,8.4765,0.9896
1	Round_2_Replicate_1	-9349.12	18710.24	2327967448265859.0	454.39	5.8743,1.1645,0.1886,8.8244,0.4344,0.3525
1	Round_2_Replicate_1	-9138.56	18289.12	23109.82	87.4	0.2373,19.8,1.3159,0.1582,19.8,0.6117
1	Round_1_Replicate_14	-26388.14	52788.28	926772.44	1445.96	0.8413,0.2769,5.7319,0.8672,0.7877,0.9898
1	Round_2_Replicate_1	-27395.74	54803.48	1497946.36	1095.32	4.9563,0.1828,0.1733,1.0291,0.0368,0.9898
1	Round_2_Replicate_1	-6181.68	12375.36	11580.14	887.3	0.7981,1.2869,0.6899,0.0336,0.1372,0.3736
1	Round_2_Replicate_1	-5343.87	10699.74	9411.29	255.02	0.4895,11.3148,0.7903,0.1975,1.4408,0.1046
1	Round_2_Replicate_4	-20908.92	41829.84	5.088422875051627e+25	315.9	2.9824,18.3759,3.6461,12.1433,1.1902,0.7728
1	Round_2_Replicate_2	-9366.38	18744.76	3.4911781425836327e+19	442.97	1.6986,18.3759,0.1829,7.198,0.7318,0.0756
1	Round_2_Replicate_2	-4142.84	8297.68	23338.5	521.22	1.1623,1.6104,2.5894,0.1649,3.3524,0.0154
1	Round_2_Replicate_2	-17264.29	34540.58	1.5689358735822372e+18	890.37	1.5824,3.5261,0.153,2.2295,0.0449,0.8311
1	Round_2_Replicate_2	-6000.36	12012.72	7780551367.44	198.68	0.4813,14.6892,10.1135,0.1056,1.7453,0.0185
1	Round_2_Replicate_2	-4584.68	9181.36	8091.97	916.3	0.1371,8.1761,0.4742,0.1189,0.0594,0.0528
1	Round_2_Replicate_5	-11156.1	22324.2	2.693657487050877e+21	187.78	2.4869,17.0542,5.7971,2.0383,1.3508,0.0208
1	Round_1_Replicate_15	-19607.56	39227.12	175998.65	4933.26	0.0761,0.1793,11.9721,15.4087,2.1763,0.9893
1	Round_2_Replicate_3	-4427.23	8866.46	4081.51	157.73	1.5163,8.569,0.2963,0.135,7.4881,0.2132
1	Round_2_Replicate_3	-19478.97	38969.94	595290.55	930.22	0.4163,1.6154,0.0947,4.5968,0.6916,0.9896
1	Round_1_Replicate_7	-13326.34	26664.68	60055.55	1218.16	0.3311,0.5873,0.3797,0.1908,0.3918,0.7702
1	Round_2_Replicate_6	-6141.4	12294.8	2071724224.63	209.98	2.6659,14.6892,0.7857,0.678,1.2141,0.0979
1	Round_2_Replicate_3	-6749.73	13511.46	11108757855940.36	921.29	1.1588,1.3451,8.2048,0.0284,0.0746,0.0621
1	Round_2_Replicate_1	-7441.07	14894.14	10106447786.22	1100.03	0.1394,15.1931,5.3334,14.6892,0.3858,0.3048
1	Round_2_Replicate_3	-3773.14	7558.28	3100.62	538.46	0.4693,1.7414,1.0873,0.3028,4.365,0.0205
1	Round_2_Replicate_4	-3125.55	6263.1	1536.57	686.09	0.3921,1.4689,2.8329,0.6152,2.1805,0.0254
1	Round_2_Replicate_3	-23580.8	47173.6	1.3117893351767046e+27	95.11	8.1664,7.5617,6.1171,7.1195,13.8784,0.8481
1	Round_2_Replicate_4	-5914.33	11840.66	7438.59	598.61	0.9719,1.4443,0.5729,0.2939,1.213,0.3012
1	Round_2_Replicate_4	-11679.0	23370.0	42295.4	1771.73	0.3366,0.1871,0.3291,0.8377,1.2801,0.399
1	Round_2_Replicate_1	-8002.71	16017.42	27270.22	10002.9	0.0502,0.0693,0.0913,11.1263,18.3759,0.2154
1	Round_2_Replicate_7	-8198.94	16409.88	5333665441.43	907.21	0.251,17.0542,0.442,8.0362,1.6911,0.102
1	Round_1_Replicate_2	-21780.13	43572.26	298022.18	1772.32	0.1903,0.9558,0.2659,5.9915,11.9631,0.9898
1	Round_2_Replicate_2	-8728.27	17468.54	7.706890853323291e+17	1000.99	0.4965,8.1914,0.3177,16.6913,0.0368,0.2043
1	Round_2_Replicate_4	-4422.29	8856.58	51022.3	654.38	1.862,1.983,0.2354,0.1416,0.2179,0.0164
1	Round_2_Replicate_5	-5097.41	10206.82	9664.15	486.77	0.6284,2.46,0.1255,0.9001,18.3759,0.0362
1	Round_2_Replicate_4	-7173.8	14359.6	25566.58	440.94	0.2331,4.2359,0.2542,0.7456,2.3993,0.0566
1	Round_2_Replicate_5	-14804.12	29620.24	8.127648812392808e+21	229.18	3.1618,15.1859,7.5507,0.029,0.8286,0.4309
1	Round_2_Replicate_5	-8761.94	17535.88	3.7401385468112e+18	875.96	1.9032,2.6835,0.0381,3.6068,0.0505,0.0689
1	Round_2_Replicate_8	-9557.06	19126.12	1.6179570526822238e+16	785.75	1.2299,1.6777,9.5419,4.3803,0.1464,0.3341
1	Round_2_Replicate_3	-5673.66	11359.32	9111.47	827.8	0.0623,2.8844,4.5217,2.8036,0.4336,0.1897
1	Round_2_Replicate_5	-4743.53	9499.06	63348.83	142.73	0.7874,12.8154,1.6764,0.6097,9.6063,0.2936
1	Round_2_Replicate_6	-10486.27	20984.54	25602.24	216.39	8.6736,1.2758,0.6132,0.1178,10.3073,0.2992
1	Round_2_Replicate_5	-6427.77	12867.54	19231.36	742.94	0.3373,1.6707,0.1703,0.3728,0.8177,0.0354
1	Round_2_Replicate_6	-6357.88	12727.76	764469908956.18	936.3	1.5502,1.2104,1.5664,0.2727,0.0577,0.0784
1	Round_2_Replicate_6	-6722.58	13457.16	19159.18	1582.45	0.1993,0.3069,0.1559,0.3478,0.126,0.0349
1	Round_1_Replicate_8	-30532.74	61077.48	60942869467110.97	77.59	9.3085,12.827,0.8446,0.5241,11.7441,0.9898
1	Round_2_Replicate_4	-7369.28	14750.56	529297324.33	1345.82	0.0934,4.9688,0.5797,18.3759,0.1675,0.2283
1	Round_2_Replicate_9	-5324.81	10661.62	21817.67	526.04	0.1626,5.8114,2.0561,2.3949,3.7462,0.0397
1	Round_2_Replicate_6	-6346.51	12705.02	7087.59	206.21	2.1194,6.5547,0.5359,0.0315,3.5581,0.4353
1	Round_2_Replicate_7	-6685.06	13382.12	10066.26	198.17	6.088,3.6692,0.1074,0.0746,3.1172,0.1958
1	Round_2_Replicate_7	-6568.91	13149.82	1184238216.77	484.86	0.3744,18.3759,11.8863,0.0302,0.2196,0.0581
1	Round_2_Replicate_6	-15648.66	31309.32	3.972712310634773e+28	248.4	6.2483,12.1937,1.5655,15.4147,1.5679,0.1528
1	Round_2_Replicate_10	-8017.11	16046.22	4260292667.22	191.67	1.6591,14.6892,0.6973,1.5024,4.9712,0.5199
1	Round_2_Replicate_7	-7083.89	14179.78	17157.78	465.13	2.875,2.0666,0.5095,0.5128,0.5792,0.419
1	Round_2_Replicate_7	-9144.92	18301.84	4.080130887933897e+16	291.43	5.1933,9.717,2.9087,0.0284,0.5452,0.0057
1	Round_2_Replicate_8	-7736.56	15485.12	34113.98	156.76	0.5301,14.4554,0.1402,0.0526,3.9265,0.05
1	Round_2_Replicate_5	-5949.22	11910.44	187813057513681.1	1096.87	0.2083,19.8,0.3162,19.8,0.0255,0.0414
1	Round_2_Replicate_8	-4812.71	9637.42	8994.76	845.7	0.1933,2.1624,0.6766,0.7839,0.2531,0.0152
1	Round_2_Replicate_7	-5484.86	10981.72	251682.86	597.33	0.5339,2.5784,5.0415,0.5803,0.6164,0.3366
1	Round_2_Replicate_11	-9233.17	18478.34	3692860675063611.0	630.28	2.4398,0.9989,2.1984,10.3858,0.3616,0.3694
1	Round_2_Replicate_8	-5726.41	11464.82	5035713556.24	724.09	0.3653,5.8186,0.0957,6.0576,0.4171,0.0563
1	Round_2_Replicate_6	-5070.5	10153.0	42809524937.75	1819.2	0.2464,1.2058,1.0686,14.6892,0.9183,0.1067
1	Round_2_Replicate_8	-13213.43	26438.86	5.401379865941263e+24	112.71	7.0557,17.0542,5.5514,0.0675,4.4554,0.223
1	Round_1_Replicate_9	-7988.47	15988.94	4023180594852.29	687.39	3.2158,0.7321,6.9173,3.4535,0.4626,0.1127
1	Round_2_Replicate_9	-3982.68	7977.36	4018.19	830.46	0.1703,5.5902,4.9958,0.0148,0.0932,0.0832
1	Round_2_Replicate_12	-11933.12	23878.24	1.9414425871545717e+23	302.33	2.9345,9.444,2.3925,7.9739,1.4282,0.177
1	Round_2_Replicate_9	-6044.59	12101.18	8608.54	586.95	3.358,0.6758,0.0134,1.5087,0.4645,0.0525
1	Round_2_Replicate_8	-19634.78	39281.56	6.119236118462769e+25	195.39	8.6799,6.5424,0.3229,10.3693,2.5159,0.7165
1	Round_2_Replicate_7	-5069.82	10151.64	219320217.95	1161.97	0.0785,5.3091,0.6451,18.3759,0.0406,0.0765
1	Round_2_Replicate_9	-10432.02	20876.04	86486.23	290.19	0.278,19.8,0.1744,1.4471,19.8,0.0929
1	Round_2_Replicate_9	-4730.36	9472.72	6778.8	208.56	0.2991,7.7951,0.8509,0.0236,5.5274,0.0581
1	Round_2_Replicate_10	-4797.87	9607.74	4797.0	547.36	1.95,1.1697,0.8723,0.7178,0.932,0.1032
1	Round_2_Replicate_13	-7063.19	14138.38	365414549.56	746.6	0.2903,7.1017,0.5947,6.3433,0.613,0.2648
1	Round_2_Replicate_10	-13069.75	26151.5	48578.11	594.74	2.8697,0.2974,0.0162,0.8135,0.9632,0.4566
1	Round_2_Replicate_9	-12202.4	24416.8	108922.06	262.55	0.2381,13.9699,0.1499,0.51,1.5191,0.432
1	Round_2_Replicate_8	-6426.54	12865.08	854759560405594.4	984.88	0.5489,1.8602,7.4838,8.3137,0.0553,0.0176
1	Round_2_Replicate_10	-5285.45	10582.9	5686.3	265.0	2.0846,2.838,0.8778,0.0867,17.0542,0.2101
1	Round_2_Replicate_10	-6536.57	13085.14	9191.8	671.33	1.5897,0.5959,1.4642,0.3889,4.4761,0.0296
1	Round_2_Replicate_11	-4158.67	8329.34	4516.41	886.96	0.091,18.3759,5.9525,0.3285,0.0604,0.0363
1	Round_2_Replicate_14	-5047.76	10107.52	8873.91	826.44	0.1287,12.5068,5.4491,2.1005,0.0844,0.2141
1	Round_2_Replicate_9	-6269.98	12551.96	29473586291052.7	1256.54	0.2798,4.4558,0.9132,14.6892,0.5973,0.0282
1	Round_2_Replicate_10	-7799.25	15610.5	866708867688526.5	418.08	1.4079,17.0542,0.5242,4.124,0.4566,0.1374
1	Round_2_Replicate_11	-5182.36	10376.72	6289049.52	1042.13	1.1349,0.2661,0.0441,15.1936,0.4454,0.0237
1	Round_2_Replicate_11	-3697.93	7407.86	2493.63	955.46	0.3348,1.0025,3.1416,0.08,1.2128,0.0242
1	Round_1_Replicate_10	-6302.03	12616.06	29354409.69	1086.8	0.8689,0.5201,8.2191,0.9801,0.1705,0.1038
1	Round_2_Replicate_12	-3974.94	7961.88	6546209.53	1004.59	0.4638,1.4238,3.2443,0.0703,0.0656,0.0174
1	Round_2_Replicate_11	-6114.56	12241.12	9519.92	682.76	0.8417,1.7329,0.2862,0.4434,0.4455,0.3428
1	Round_2_Replicate_12	-7502.25	15016.5	4.164358854409173e+16	809.01	1.1187,7.733,0.0119,4.2157,0.0653,0.0281
1	Round_1_Replicate_3	-33708.03	67428.06	2799144.33	1162.61	2.3927,0.235,4.2619,0.103,4.9312,0.9898
1	Round_2_Replicate_10	-8311.68	16635.36	3809732287194.67	1273.72	0.292,7.5428,0.4464,13.7703,1.2249,0.3116
1	Round_2_Replicate_11	-5377.22	10766.44	5307.09	749.19	0.232,1.4105,4.1956,0.2145,17.3395,0.3531
1	Round_2_Replicate_15	-3662.96	7337.92	350153.62	767.1	0.184,2.1153,5.9464,3.7801,4.7244,0.092
1	Round_2_Replicate_12	-13252.96	26517.92	4.2000488670400017e+24	182.82	4.4017,16.2264,7.9184,0.2063,1.2612,0.0239
1	Round_2_Replicate_13	-12394.56	24801.12	1.1812284153674457e+25	376.06	4.1253,4.7173,14.6892,0.0207,0.8791,0.0216
1	Round_2_Replicate_13	-9572.61	19157.22	5.026710785651438e+16	559.7	1.3602,5.9028,0.0296,7.7386,0.5309,0.4104
1	Round_2_Replicate_11	-5251.03	10514.06	15653872.62	544.34	0.6981,4.1464,0.6466,2.6552,0.5912,0.2591
1	Round_2_Replicate_13	-4235.36	8482.72	4902.9	131.64	0.5432,11.2911,0.5779,0.0421,11.3134,0.0482
1	Round_2_Replicate_12	-14605.07	29222.14	298483326428.49	375.46	2.1406,2.1434,0.5356,4.3082,5.1973,0.8677
1	Round_2_Replicate_12	-9142.77	18297.54	23926.64	121.01	0.3655,12.4803,0.5135,0.1593,19.0735,0.5669
1	Round_2_Replicate_14	-6717.96	13447.92	554217341948.69	719.56	1.0409,2.3118,8.0029,0.0861,0.1868,0.1538
1	Round_3_Replicate_1	-6504.21	13020.42	12383.29	556.04	0.0795,2.6858,2.5755,0.9529,6.5076,0.2772
1	Round_2_Replicate_14	-5805.54	11623.08	4218175872.31	965.36	2.041,0.396,0.0224,12.5557,0.0803,0.0235
1	Round_2_Replicate_14	-4101.16	8214.32	3675.99	351.88	1.9675,1.9998,0.246,0.4067,3.4095,0.0163
1	Round_2_Replicate_13	-5552.01	11116.02	6785.4	317.43	1.7432,1.8598,0.2673,0.5738,17.9243,0.2518
1	Round_1_Replicate_11	-4503.02	9018.04	28345734.88	641.61	2.0087,1.4094,0.2681,3.0325,0.3103,0.0621
1	Round_2_Replicate_12	-9516.74	19045.48	1326225859.1	1418.36	0.0969,19.8,0.162,19.8,0.2083,0.4556
1	Round_2_Replicate_15	-5634.36	11280.72	976622.06	1153.49	0.3574,0.7441,7.389,0.0511,0.0644,0.2749
1	Round_2_Replicate_13	-20107.65	40227.3	3.0845090054085473e+22	373.15	3.1361,3.0682,0.862,13.928,2.1629,0.848
1	Round_2_Replicate_2	-6150.13	12312.26	140801.08	4954.14	0.073,0.3464,1.7505,19.8,19.8,0.3583
1	Round_3_Replicate_2	-5742.37	11496.74	6490956.59	365.74	0.4574,5.2475,5.8596,1.269,1.4987,0.3319
1	Round_2_Replicate_15	-25481.11	50974.22	700651.06	615.71	0.35,2.5243,0.0495,0.6835,0.9037,0.9893
1	Round_2_Replicate_14	-3809.72	7631.44	2743.96	279.43	1.4832,3.178,0.6696,0.054,7.3979,0.0156
1	Round_2_Replicate_15	-5917.97	11847.94	7293.2	364.47	2.037,1.5316,0.6138,0.059,9.2786,0.0433
1	Round_2_Replicate_13	-5508.48	11028.96	1428249833846.56	616.21	0.5894,6.2576,0.4731,5.6095,0.626,0.0117
1	Round_3_Replicate_1	-3691.44	7394.88	4172.52	861.67	0.746,1.2026,2.0777,0.1189,0.2189,0.0126
1	Round_2_Replicate_3	-15338.16	30688.32	72193.58	1586.77	0.1757,0.5872,0.9933,1.9686,2.6831,0.9114
1	Round_2_Replicate_14	-10507.58	21027.16	6.884911212583556e+20	295.82	8.1144,2.2501,6.1813,3.7354,1.7836,0.0847
1	Round_3_Replicate_3	-6102.94	12217.88	12309.28	721.71	0.0749,2.3944,2.0976,1.1311,1.1993,0.1467
1	Round_3_Replicate_1	-5502.35	11016.7	23836.56	994.4	0.3077,2.0734,0.0567,0.6242,0.0626,0.3258
1	Round_2_Replicate_15	-4177.71	8367.42	3531963.19	159.0	0.758,14.6892,2.2583,0.8546,5.4964,0.1211
1	Round_3_Replicate_1	-4358.19	8728.38	5000.55	550.0	1.9064,2.1777,0.417,0.1331,0.4071,0.0337
1	Round_2_Replicate_14	-11132.83	22277.66	53964.15	1127.88	0.0415,16.4451,4.1649,8.8649,0.659,0.3012
1	Round_3_Replicate_2	-7598.98	15209.96	1.8099699120651696e+16	887.67	1.0181,4.6031,3.1162,0.1888,0.0466,0.0221
1	Round_2_Replicate_15	-7881.52	15775.04	448206288456102.2	437.57	0.506,13.6887,7.4758,7.299,1.4049,0.2157
1	Round_3_Replicate_2	-5638.05	11288.1	10918.28	861.78	0.3736,2.1055,0.0963,0.591,0.1536,0.2869
1	Round_1_Replicate_12	-7218.61	14449.22	842103349124943.0	775.61	0.5537,10.3821,0.1383,10.1948,0.6208,0.0957
1	Round_3_Replicate_4	-3596.99	7205.98	10040.99	815.12	0.202,1.8426,2.9499,2.6929,13.5924,0.0735
1	Round_3_Replicate_1	-6003.05	12018.1	195725.82	842.22	1.3994,0.5233,3.7491,1.5593,1.0646,0.0566
1	Round_3_Replicate_2	-3368.64	6749.28	12133.45	495.99	0.706,3.328,2.8503,0.0386,0.7612,0.0229
1	Round_3_Replicate_3	-3814.21	7640.42	31923.78	789.77	0.4862,3.7071,0.9495,0.0201,0.1135,0.0151
1	Round_2_Replicate_15	-8395.58	16803.16	62145564686.01	1776.62	0.1011,19.8,0.312,19.8,0.336,0.0104
1	Round_3_Replicate_1	-8936.78	17885.56	9.363705341554341e+17	247.9	4.2375,2.1018,3.1678,5.4221,4.2988,0.1609
1	Round_3_Replicate_3	-4548.46	9108.92	7055.61	961.16	0.4316,1.4383,0.0313,1.2445,0.1166,0.1788
1	Round_2_Replicate_4	-16960.3	33932.6	110779.31	1013.03	0.99,0.3825,0.0398,6.8309,17.3395,0.9335
1	Round_3_Replicate_2	-4306.39	8624.78	4623.68	715.06	1.096,0.7249,1.018,2.2163,1.6644,0.0718
1	Round_3_Replicate_3	-4830.74	9673.48	5911.93	226.01	0.7668,7.5425,0.3904,0.3623,4.383,0.1923
1	Round_3_Replicate_5	-7548.7	15109.4	2335139.64	1311.71	0.0874,6.0037,3.2195,9.1535,2.5008,0.0505
1	Round_3_Replicate_4	-5458.74	10929.48	31868799336.06	771.55	1.0677,3.2436,2.7755,0.0669,0.0986,0.0367
1	Round_3_Replicate_1	-7442.99	14897.98	2540050.89	1191.68	0.0505,5.5974,0.2354,18.3759,0.0541,0.2424
1	Round_3_Replicate_2	-6050.52	12113.04	116804132112308.94	363.89	2.4703,2.2003,2.3909,3.7826,1.8611,0.0379
1	Round_3_Replicate_4	-4872.51	9757.02	11626.14	717.86	0.4844,2.4544,0.02,1.2613,0.3226,0.0912
1	Round_3_Replicate_3	-3592.69	7197.38	2450.5	667.2	0.625,1.1089,1.7964,0.7936,4.4362,0.0127
1	Round_3_Replicate_4	-4449.69	8911.38	5746.72	543.57	0.4302,2.0811,0.6053,0.1964,2.1445,0.0234
1	Round_2_Replicate_5	-13555.03	27122.06	9698890.18	1937.61	0.3609,0.473,0.4217,12.1999,1.4447,0.8852
1	Round_1_Replicate_4	-24756.88	49525.76	503944.97	435.07	0.4689,6.5388,0.1318,0.305,0.5963,0.9893
1	Round_3_Replicate_5	-3965.78	7943.56	4152.72	1089.4	0.269,0.9707,1.4836,0.019,0.1614,0.0306
1	Round_3_Replicate_2	-6666.37	13344.74	1978125.18	878.94	0.1221,12.9613,0.7327,7.7662,0.114,0.2515
1	Round_3_Replicate_3	-5290.72	10593.44	601005.62	815.72	0.3771,2.4824,0.3934,3.5974,1.9955,0.1777
1	Round_3_Replicate_5	-8091.19	16194.38	15884.77	1128.97	0.4684,0.6813,0.1722,1.4734,0.0835,0.5741
1	Round_3_Replicate_5	-5196.34	10404.68	140789.82	358.48	1.0567,11.7062,1.5617,0.1943,0.476,0.0689
1	Round_3_Replicate_4	-5686.34	11384.68	193673640898.59	562.97	1.0047,1.4222,7.519,1.9795,3.3503,0.0075
1	Round_3_Replicate_6	-6472.86	12957.72	9900360.27	1050.81	1.386,0.4434,6.566,0.023,0.1041,0.0203
1	Round_3_Replicate_3	-5686.91	11385.82	35165735.54	1156.27	0.063,8.3755,0.5506,18.3759,0.0426,0.1067
1	Round_1_Replicate_13	-23140.92	46293.84	343067.41	3774.52	0.1218,0.1533,0.5503,2.8995,4.888,0.9893
1	Round_3_Replicate_6	-5962.22	11936.44	49311918722.58	495.31	0.4803,2.0313,12.4969,1.5613,7.3976,0.1216
1	Round_3_Replicate_4	-5583.31	11178.62	20838727.65	798.58	0.6051,1.6639,0.7978,4.5042,3.1886,0.3607
1	Round_3_Replicate_6	-5830.61	11673.22	13990090642917.43	818.89	1.5518,1.4566,0.1185,6.7556,0.1127,0.0411
1	Round_3_Replicate_6	-4802.86	9617.72	6067.13	887.68	0.3806,1.2207,0.9909,0.1249,0.4614,0.1208
1	Round_3_Replicate_5	-4732.44	9476.88	1186056721.09	459.71	0.4515,4.3085,8.751,1.2691,0.8007,0.0566
1	Round_3_Replicate_7	-6946.37	13904.74	465183594597979.25	998.01	0.6119,1.9671,10.7063,0.0275,0.039,0.0346
1	Round_3_Replicate_4	-5090.92	10193.84	871056914035.43	910.21	0.253,11.9671,1.4328,11.0972,0.0876,0.0266
1	Round_3_Replicate_7	-6812.21	13636.42	10891.17	717.2	3.2429,0.4315,0.0822,1.6008,0.2744,0.0543
1	Round_3_Replicate_7	-5494.26	11000.52	9798.93	450.08	0.352,11.7358,1.0571,0.3681,0.362,0.0819
1	Round_3_Replicate_6	-4515.35	9042.7	6921.63	497.89	0.1795,4.7925,1.8014,0.9123,0.8504,0.0091
1	Round_3_Replicate_5	-4364.96	8741.92	11146236.27	1188.66	0.0579,16.9158,1.5941,14.6892,0.0135,0.0597
1	Round_3_Replicate_8	-7716.87	15445.74	9584937828801550.0	1046.32	1.4761,0.9257,1.9171,0.2335,0.0288,0.0127
1	Round_3_Replicate_5	-7174.06	14360.12	5869884564258781.0	590.57	0.8195,9.6003,0.7199,7.8742,4.1971,0.0689
1	Round_3_Replicate_8	-5528.97	11069.94	8647.99	1266.9	0.5251,0.3324,0.0253,1.4413,0.1143,0.0483
1	Round_3_Replicate_8	-6811.4	13634.8	10516981917254.53	391.67	2.0171,6.0019,4.1411,0.3323,0.4838,0.0165
1	Round_3_Replicate_6	-7274.6	14561.2	159374793.3	1186.3	0.0642,12.2335,0.3869,18.3759,0.102,0.0354
1	Round_3_Replicate_7	-4752.71	9517.42	8530.71	720.94	1.5753,0.6108,1.364,2.3435,0.7349,0.0195
1	Round_3_Replicate_9	-6320.74	12653.48	3392413194302.05	675.01	1.6972,4.8746,1.7939,0.0599,0.1146,0.004
1	Round_3_Replicate_7	-5968.74	11949.48	12419.47	1651.61	0.0703,1.1605,2.014,4.0795,11.7762,0.1339
1	Round_3_Replicate_6	-6258.7	12529.4	62302366802264.64	421.93	2.7033,2.8089,0.3868,4.2291,0.8178,0.1421
1	Round_1_Replicate_14	-6375.12	12762.24	40471966259.21	588.95	0.7805,2.9723,3.2691,3.8432,0.5265,0.3189
1	Round_3_Replicate_9	-10600.55	21213.1	35627742.29	716.34	3.1176,0.6604,0.0406,5.7026,0.2053,0.646
1	Round_3_Replicate_9	-3841.49	7694.98	4967.28	285.15	0.5352,8.6715,1.6292,0.2805,1.4091,0.0255
1	Round_3_Replicate_7	-6308.57	12629.14	3911846975.36	1104.98	0.1084,11.2377,0.4617,18.29,0.0723,0.2185
1	Round_3_Replicate_10	-5873.8	11759.6	1647533028627.63	1122.74	0.4677,0.9262,5.3036,0.232,0.0266,0.0238
1	Round_3_Replicate_7	-5383.01	10778.02	6813.37	435.5	0.3838,3.3981,0.7375,0.7937,3.1463,0.2835
1	Round_3_Replicate_10	-4925.7	9863.4	6513.0	624.96	2.2135,1.1167,0.0161,1.0714,0.397,0.0476
1	Round_3_Replicate_10	-3824.07	7660.14	7101.82	295.55	0.3192,8.3503,4.1019,0.3252,1.4392,0.0551
1	Round_3_Replicate_8	-5961.15	11934.3	534258147017.44	365.8	1.3195,2.5803,6.4534,0.5332,8.4074,0.0081
1	Round_3_Replicate_8	-4078.81	8169.62	7939722.8	1097.04	0.1182,3.3436,0.8268,8.9831,0.0412,0.0228
1	Round_3_Replicate_11	-4365.43	8742.86	10104423.16	614.85	1.2765,3.076,2.2733,0.1211,0.2376,0.0128
1	Round_3_Replicate_8	-4671.48	9354.96	370568421.71	279.52	2.8776,2.0516,0.5853,2.4457,7.693,0.0848
1	Round_3_Replicate_11	-4165.28	8342.56	6840.77	715.71	0.9556,1.956,0.1061,0.8353,0.2486,0.0764
1	Round_3_Replicate_9	-7385.82	14783.64	19225290.76	1230.86	0.0485,14.6504,2.0235,18.3759,0.1215,0.028
1	Round_3_Replicate_9	-4441.19	8894.38	1649241299.04	538.02	1.0697,2.6099,4.0051,1.2654,0.5871,0.0133
1	Round_3_Replicate_11	-4400.73	8813.46	4677.86	237.82	0.3628,7.7707,1.1432,0.2143,3.5489,0.1417
1	Round_3_Replicate_12	-4187.02	8386.04	68590.79	903.81	1.0085,1.0843,1.0414,0.0296,0.1193,0.0201
1	Round_1_Replicate_15	-14011.2	28034.4	41996.78	653.02	0.1989,3.2515,6.7951,0.4249,0.4013,0.8971
1	Round_3_Replicate_9	-5106.15	10224.3	16734.9	253.64	0.6413,8.8825,0.6631,0.9414,4.3868,0.2245
1	Round_3_Replicate_12	-11612.96	23237.92	1561954.82	808.11	3.5602,0.3526,0.0967,8.2351,0.1463,0.6736
1	Round_3_Replicate_10	-3224.29	6460.58	2708.8	290.83	0.6528,4.4476,2.2614,0.211,4.6199,0.0901
1	Round_3_Replicate_10	-4179.84	8371.68	146811.69	1235.97	0.0549,1.4982,1.4604,5.6011,0.0123,0.0841
1	Round_3_Replicate_12	-4619.8	9251.6	4822.32	469.92	1.0886,1.5923,0.4705,0.3181,3.2474,0.0942
1	Round_3_Replicate_13	-3795.99	7603.98	3496717.32	1008.9	0.2077,3.3861,5.9188,0.0869,0.0421,0.0044
1	Round_3_Replicate_10	-4071.39	8154.78	209139239.17	217.48	1.1243,5.0161,2.911,0.8791,9.357,0.0329
1	Round_3_Replicate_13	-5504.83	11021.66	1163734548.68	935.81	0.3322,2.5625,0.1247,7.611,0.357,0.1839
1	Round_3_Replicate_8	-5559.28	11130.56	295764815060.07	1139.55	0.2537,1.3331,10.5268,11.8474,17.0337,0.1736
1	Round_3_Replicate_14	-3792.51	7597.02	537603.52	979.74	0.2316,4.4952,0.964,0.2684,0.0451,0.0055
1	Round_3_Replicate_13	-5543.04	11098.08	746990301.99	455.65	1.318,5.269,3.4499,0.2191,0.4048,0.0912
1	Round_3_Replicate_11	-4164.62	8341.24	320559.11	1180.77	0.1063,1.6262,1.0646,5.0797,0.024,0.1048
1	Round_3_Replicate_11	-3402.35	6816.7	1960.41	1069.87	0.2646,0.8782,4.6257,0.3908,5.2842,0.0165
1	Round_1_Replicate_5	-21089.92	42191.84	1.5601480811090228e+16	304.61	2.017,4.1023,7.6305,0.0682,3.6435,0.923
1	Round_3_Replicate_11	-6343.47	12698.94	53180897155328.77	815.64	0.5908,3.9331,0.7803,9.2229,1.2393,0.1371
1	Round_3_Replicate_14	-4207.5	8427.0	1209663.85	1000.94	0.6,0.9227,0.08,5.3503,0.6259,0.102
1	Round_3_Replicate_14	-5447.68	10907.36	197125197.92	357.93	2.6064,8.865,0.3464,0.589,0.447,0.0135
1	Round_2_Replicate_1	-5195.09	10402.18	88751774.12	791.79	1.6367,1.4599,0.4995,1.3705,0.1267,0.1179
1	Round_3_Replicate_15	-5018.31	10048.62	22040.26	1133.77	0.6438,0.5167,5.1714,0.1766,0.1535,0.0315
1	Round_3_Replicate_12	-4485.69	8983.38	84100.15	1179.45	0.0852,1.943,0.7095,8.1707,0.0289,0.1323
1	Round_3_Replicate_12	-3677.69	7367.38	2822.94	578.08	0.4994,1.5668,1.1725,0.3129,3.7918,0.0094
1	Round_3_Replicate_9	-3147.43	6306.86	22541.92	987.4	0.2659,1.0771,3.5169,3.0928,16.4169,0.0226
1	Round_3_Replicate_15	-6374.86	12761.72	10188.05	1280.86	0.407,0.4715,0.0769,5.0233,0.2164,0.3762
1	Round_2_Replicate_6	-11345.3	22702.6	9.81146832124935e+19	591.79	1.7001,1.3767,0.2132,19.8,19.8,0.4213
1	Round_3_Replicate_15	-4656.71	9325.42	6006.2	223.28	0.4069,7.2237,0.7095,0.0526,4.713,0.1055
1	Round_3_Replicate_13	-4102.85	8217.7	92124.91	1202.91	0.0479,3.3779,2.3245,9.692,0.0157,0.031
1	Round_3_Replicate_12	-9043.01	18098.02	2.455068950890749e+20	234.74	3.3426,7.3401,0.8285,5.5605,6.3646,0.1093
1	Round_3_Replicate_13	-3382.03	6776.06	2143.11	768.22	0.3991,1.235,2.3625,1.3275,1.9761,0.0731
1	Round_4_Replicate_1	-4483.03	8978.06	24605.64	898.22	1.2463,0.8625,1.2301,0.1673,0.1369,0.0151
1	Round_3_Replicate_14	-4808.41	9628.82	1769369934.27	1084.81	0.1079,7.149,1.3741,15.1847,0.0555,0.0388
1	Round_3_Replicate_13	-4030.76	8073.52	751300671.6	629.78	1.083,1.6752,0.2441,4.3938,3.695,0.0533
1	Round_4_Replicate_1	-4234.24	8480.48	1211346.34	582.44	1.4207,2.7938,0.0516,1.5496,0.3245,0.0579
1	Round_3_Replicate_10	-6021.05	12054.1	71407735640.84	348.57	0.7159,3.0049,7.8,1.6021,6.0853,0.1662
1	Round_3_Replicate_14	-6010.82	12033.64	10681.05	1746.31	0.1357,0.4291,1.8576,0.1875,0.8106,0.0111
1	Round_4_Replicate_1	-3106.43	6224.86	1694.11	526.64	0.5635,2.8233,2.2409,0.0695,0.9341,0.0196
1	Round_2_Replicate_2	-6561.77	13135.54	10998.98	1423.07	0.4503,0.2289,0.7174,2.7713,0.1481,0.1636
1	Round_3_Replicate_15	-3655.33	7322.66	37399.16	1111.98	0.1465,1.3851,2.2617,4.8371,0.1154,0.0181
1	Round_4_Replicate_2	-3612.34	7236.68	2864.0	1008.93	0.4905,0.9712,1.4031,0.2306,0.148,0.0086
1	Round_3_Replicate_14	-5673.65	11359.3	1151093061.35	273.93	1.439,9.9913,0.2395,1.7593,2.5796,0.1968
1	Round_2_Replicate_7	-10478.57	20969.14	29548.47	8470.73	0.075,0.0865,0.2697,19.0747,5.2912,0.6955
1	Round_3_Replicate_15	-5563.61	11139.22	7491.47	1120.14	0.4311,0.5495,1.157,0.2882,1.8137,0.0118
1	Round_4_Replicate_2	-3706.83	7425.66	4416.58	809.44	0.6251,1.6442,0.2828,1.1653,0.2397,0.027
1	Round_4_Replicate_2	-4020.73	8053.46	5132884.16	444.85	1.0693,3.0728,3.6508,0.024,1.2295,0.02
1	Round_3_Replicate_15	-5712.52	11437.04	22497197946.04	480.99	1.8628,1.3274,2.7608,3.3335,1.6825,0.1289
1	Round_4_Replicate_1	-3327.23	6666.46	101187.94	1186.06	0.1774,0.9618,4.4555,4.619,0.0714,0.0188
1	Round_4_Replicate_3	-3729.21	7470.42	2881.6	953.8	0.424,1.0232,1.7458,0.169,0.3589,0.012
1	Round_2_Replicate_8	-7112.6	14237.2	699964194114.57	1154.0	0.7885,0.6564,0.0734,14.6892,3.2905,0.3727
1	Round_4_Replicate_1	-3043.55	6099.1	1458.87	714.82	0.4287,1.4153,2.7259,0.6265,1.5683,0.0097
1	Round_4_Replicate_3	-4035.3	8082.6	75106.23	584.25	1.6214,1.9683,0.2432,1.4504,0.4165,0.0642
1	Round_4_Replicate_3	-3749.32	7510.64	8038.92	608.59	1.0049,1.9178,2.2657,0.0561,0.6046,0.0302
1	Round_4_Replicate_1	-3414.96	6841.92	734564.25	432.51	1.1746,2.4171,0.4004,1.8904,7.2818,0.0324
1	Round_4_Replicate_2	-4047.4	8106.8	15395667.25	1001.0	0.166,2.3454,1.8401,6.7756,0.145,0.0088
1	Round_2_Replicate_3	-4795.56	9603.12	256697.8	460.04	2.642,3.3612,0.0464,0.6821,0.4137,0.0658
1	Round_1_Replicate_6	-8244.28	16500.56	74550491076.16	785.97	1.5676,0.8843,0.1147,8.4568,0.257,0.4854
1	Round_4_Replicate_4	-3726.39	7464.78	2760.2	1099.59	0.367,0.789,2.6025,0.1171,0.211,0.0095
1	Round_4_Replicate_2	-2874.66	5761.32	5850.07	641.27	0.3412,2.0529,3.6097,1.0053,1.132,0.0126
1	Round_4_Replicate_4	-4112.98	8237.96	5395.26	851.67	0.7104,1.2728,0.1231,1.5703,0.2385,0.0869
1	Round_4_Replicate_4	-3785.17	7582.34	55573.12	461.35	0.8972,4.3076,2.5355,0.02,0.5842,0.0257
1	Round_4_Replicate_3	-3671.58	7355.16	14189121.46	1167.63	0.1826,1.2145,1.4215,8.8274,0.0734,0.0084
1	Round_4_Replicate_5	-4030.96	8073.92	3308.44	892.36	0.8088,0.9066,1.5148,0.2215,0.2767,0.0043
1	Round_4_Replicate_2	-4758.47	9528.94	1277261166.07	824.17	0.55,2.5259,0.1132,4.9988,4.1098,0.0411
1	Round_4_Replicate_3	-2971.16	5954.32	1286.77	604.15	0.4312,1.9094,1.9681,0.5207,1.6146,0.0099
1	Round_4_Replicate_5	-4684.87	9381.74	5704.95	724.58	1.4658,1.0694,0.1251,0.7662,0.3336,0.0492
1	Round_4_Replicate_5	-3253.44	6518.88	3535.76	497.82	0.833,3.0406,1.9861,0.0769,0.7862,0.0083
1	Round_2_Replicate_4	-4969.46	9950.92	377339.24	470.83	0.6951,3.9978,0.1169,1.8278,2.287,0.0658
1	Round_4_Replicate_4	-3313.89	6639.78	91584.4	1089.57	0.1971,1.2849,2.7433,4.4457,0.125,0.0107
1	Round_4_Replicate_6	-3295.27	6602.54	2028.61	963.37	0.3946,1.1986,2.5864,0.1696,0.1912,0.0057
1	Round_4_Replicate_3	-4755.73	9523.46	3491029633918.0	458.88	1.7015,2.5263,0.3608,4.633,2.3228,0.0234
1	Round_3_Replicate_11	-6283.87	12579.74	2127849694.87	986.76	0.3036,0.9396,17.1073,2.7159,19.1735,0.2392
1	Round_4_Replicate_4	-3050.22	6112.44	1557.27	569.62	0.4587,1.7761,2.4371,0.6521,3.0566,0.0169
1	Round_4_Replicate_6	-4035.4	8082.8	5309.67	661.98	1.0079,2.0597,0.1497,0.6064,0.3302,0.0292
1	Round_4_Replicate_6	-3497.39	7006.78	6934.61	526.42	0.8057,3.2324,2.2361,0.0289,0.56,0.0271
1	Round_4_Replicate_5	-3387.57	6787.14	524186.37	1117.54	0.2506,1.1067,1.5895,5.3474,0.0974,0.0084
1	Round_2_Replicate_9	-7173.47	14358.94	12608.13	4000.92	0.2508,0.0827,0.1588,17.5028,18.3759,0.3325
1	Round_4_Replicate_7	-3443.28	6898.56	2207.61	825.15	0.569,1.2783,2.6145,0.1837,0.4203,0.0166
1	Round_4_Replicate_4	-3962.61	7937.22	4918.58	827.58	0.797,0.8854,0.2343,2.7542,4.1135,0.0589
1	Round_3_Replicate_12	-4573.73	9159.46	4553.38	1662.11	0.0917,0.6238,4.7412,1.9288,6.9841,0.1743
1	Round_4_Replicate_5	-3955.45	7922.9	3060.26	974.53	0.497,0.7716,3.0561,0.462,4.8451,0.0168
1	Round_4_Replicate_7	-3283.84	6579.68	6227.27	576.27	0.6448,2.4064,3.0648,0.029,0.7871,0.017
1	Round_4_Replicate_7	-4091.94	8195.880000000001	13319.17	736.69	0.6352,2.6726,0.0603,1.1921,0.2001,0.0634
1	Round_4_Replicate_6	-3370.03	6752.06	48503.04	937.82	0.2555,1.9597,2.0306,2.8506,0.1402,0.0173
1	Round_2_Replicate_5	-8141.66	16295.32	29493336.41	1008.69	2.5218,0.3494,1.1274,5.5299,0.0607,0.3362
1	Round_4_Replicate_5	-3980.31	7972.62	2905399968.63	376.47	2.1375,2.5466,0.2953,2.7116,2.6221,0.0287
1	Round_4_Replicate_8	-3899.49	7810.98	3329.32	1100.11	0.4349,0.7295,3.9506,0.068,0.2007,0.0138
1	Round_3_Replicate_13	-3717.61	7447.22	2452.71	1391.48	0.1795,0.646,5.6193,1.6394,4.7475,0.0974
1	Round_1_Replicate_7	-30906.64	61825.28	2130089.77	886.7	8.3429,0.1612,0.1079,0.6605,0.0998,0.9898
1	Round_4_Replicate_8	-3139.57	6291.14	1537.65	638.21	0.461,1.9652,2.014,0.1273,0.9678,0.008
1	Round_4_Replicate_6	-3871.08	7754.16	3063.37	728.41	0.7246,0.9305,2.0334,0.7737,3.1276,0.0109
1	Round_4_Replicate_8	-4367.63	8747.26	7814.68	798.91	1.3893,1.1075,0.1656,0.7495,0.1875,0.0372
1	Round_4_Replicate_7	-3315.41	6642.82	77868.44	1008.74	0.2367,1.6136,2.7232,3.285,0.1144,0.0227
1	Round_4_Replicate_9	-4051.99	8115.98	4464.94	900.72	0.9187,0.9098,1.6404,0.2458,0.1955,0.0056
1	Round_3_Replicate_14	-4127.32	8266.64	11107566.34	634.91	0.2307,1.8153,14.6892,1.0266,3.3923,0.0436
1	Round_4_Replicate_6	-4284.45	8580.9	7468442539.6	336.0	2.0945,2.8785,0.3527,2.7233,5.7458,0.0724
1	Round_4_Replicate_9	-3148.24	6308.48	1660.47	620.13	0.4518,2.4586,2.4411,0.0377,0.6356,0.0141
1	Round_4_Replicate_8	-4009.17	8030.34	12473.73	1226.63	0.1364,1.0114,1.6367,4.9221,0.1733,0.0121
1	Round_2_Replicate_6	-3937.78	7887.56	6729.25	804.41	0.9828,0.9783,0.0871,2.6157,0.4216,0.0377
1	Round_4_Replicate_9	-4144.13	8300.26	6720.87	700.82	0.9354,2.2318,0.0959,0.5458,0.2354,0.0548
1	Round_4_Replicate_7	-4312.39	8636.78	4779.33	873.61	0.7128,0.8209,3.2437,0.3747,3.8121,0.0165
1	Round_4_Replicate_10	-3491.64	6995.28	15901.22	711.98	0.7426,1.854,2.9677,0.1081,0.3475,0.0082
1	Round_3_Replicate_15	-4073.63	8159.26	2570750.13	297.5	0.4447,3.8516,5.4868,1.139,11.4898,0.0942
1	Round_4_Replicate_7	-4472.91	8957.82	190123742194.79	511.11	1.5024,1.84,0.3406,5.1275,5.1404,0.0218
1	Round_4_Replicate_10	-3055.96	6123.92	1555.77	667.78	0.4503,1.9171,3.0409,0.1232,0.8221,0.0115
1	Round_4_Replicate_9	-3431.58	6875.16	4519225.57	1180.51	0.1792,1.0904,4.1501,7.1835,0.1762,0.0112
1	Round_4_Replicate_10	-4284.98	8581.96	19691.46	679.78	1.4498,1.9185,0.075,0.5969,0.229,0.0474
1	Round_4_Replicate_8	-3123.27	6258.54	1608.83	602.35	0.5099,1.6477,1.6991,0.8464,2.3949,0.0279
1	Round_4_Replicate_11	-3177.95	6367.9	2158.83	754.44	0.4287,2.0601,3.0554,0.0505,0.3125,0.0102
1	Round_4_Replicate_11	-3758.4	7528.8	29597.39	528.8	1.069,3.2499,1.9707,0.0509,0.4547,0.0249
1	Round_2_Replicate_7	-4574.33	9160.66	284967.58	648.56	1.7354,0.5529,0.1194,6.0309,2.1071,0.0179
1	Round_4_Replicate_8	-3462.95	6937.9	80677.45	740.4	0.7776,1.2206,0.429,2.9544,3.8811,0.0233
1	Round_4_Replicate_11	-4206.31	8424.62	12796.64	673.69	1.4831,1.9081,0.083,0.477,0.2357,0.0221
1	Round_2_Replicate_10	-10346.75	20705.5	77687.33	2934.72	0.309,0.1578,0.9359,19.0354,18.8388,0.7127
1	Round_4_Replicate_10	-3100.0	6212.0	10363.95	1063.83	0.2151,1.1917,4.656,2.5036,0.1552,0.0157
1	Round_4_Replicate_9	-3169.88	6351.76	1751.85	674.72	0.3569,1.4155,3.1071,0.8857,4.0427,0.0169
1	Round_4_Replicate_1	-3303.44	6618.88	1850.22	1414.3	0.1744,0.643,6.314,1.5839,8.0016,0.0208
1	Round_4_Replicate_12	-4086.96	8185.92	3654.18	879.64	0.9355,0.9287,1.2595,0.269,0.2223,0.0111
1	Round_4_Replicate_12	-2995.63	6003.26	1695.76	563.66	0.3899,2.5702,3.4968,0.0685,1.1107,0.0221
1	Round_4_Replicate_11	-3376.03	6764.06	13331.84	1126.52	0.3266,0.8676,1.2537,2.8889,0.0963,0.0088
1	Round_4_Replicate_12	-4111.19	8234.38	5000.26	888.96	0.6154,1.2518,0.1995,1.4471,0.2102,0.0962
1	Round_4_Replicate_9	-4860.0	9732.0	1628916281913.05	472.6	1.578,2.6905,0.1604,4.6098,3.1051,0.0595
1	Round_4_Replicate_10	-3388.57	6789.14	2312.06	620.13	0.6895,1.318,1.9943,0.7814,2.7114,0.0209
1	Round_4_Replicate_13	-2997.18	6006.36	1430.74	755.05	0.3577,1.8922,3.1749,0.2352,0.4446,0.004
1	Round_2_Replicate_8	-8092.8	16197.6	771904074.77	741.44	4.4038,1.1308,0.0664,1.2527,0.1166,0.3736
1	Round_1_Replicate_8	-28716.91	57445.82	22360671495.63	1288.51	1.7366,0.4096,9.4596,0.6742,1.9993,0.9896
1	Round_4_Replicate_13	-3533.49	7078.98	2177.44	539.1	0.9315,1.8502,1.5939,0.1126,1.5028,0.0149
1	Round_4_Replicate_12	-3470.47	6952.94	76043.03	1006.69	0.1354,2.1557,4.9738,3.9581,0.1017,0.0207
1	Round_4_Replicate_13	-4620.3	9252.6	37269.21	737.64	1.5116,1.4086,0.0723,1.0723,0.2042,0.1043
1	Round_4_Replicate_10	-3807.06	7626.12	42432911.64	744.9	0.7721,1.6352,0.2446,4.071,2.3601,0.0273
1	Round_4_Replicate_11	-3819.19	7650.38	2878.45	904.17	0.5254,0.821,2.856,0.6732,2.312,0.0191
1	Round_4_Replicate_14	-3772.45	7556.9	6233.33	807.47	0.8905,1.3221,1.9148,0.1156,0.2353,0.0136
1	Round_4_Replicate_2	-3451.54	6915.08	25884759.57	860.2	0.351,1.3757,4.0822,4.6644,17.9615,0.0188
1	Round_4_Replicate_14	-3223.32	6458.64	3010.0	410.62	0.8141,3.7489,1.9325,0.0193,1.2789,0.0207
1	Round_4_Replicate_13	-3857.07	7726.14	17417901.41	955.35	0.1679,2.6713,3.2509,6.299,0.1479,0.0142
1	Round_4_Replicate_14	-3849.2	7710.4	43824.59	788.7	0.6419,2.3478,0.0946,1.3406,0.1618,0.039
1	Round_4_Replicate_12	-3299.2	6610.4	4192.36	700.44	0.5816,1.2687,2.9367,0.8766,1.773,0.0177
1	Round_4_Replicate_15	-3430.7	6873.4	2220.99	720.95	0.7609,1.636,1.5075,0.215,0.3982,0.0104
1	Round_4_Replicate_11	-4024.17	8060.34	1046157594.47	545.37	1.1807,1.9593,0.3857,3.8601,5.2055,0.0589
1	Round_2_Replicate_9	-9862.21	19736.42	23072.93	488.4	10.0139,0.2824,0.069,1.5496,0.4389,0.029
1	Round_4_Replicate_15	-3152.03	6316.06	1789.88	523.29	0.6083,2.5466,2.3267,0.0487,1.2119,0.0252
1	Round_4_Replicate_14	-3606.82	7225.64	474043.9	1073.83	0.1917,1.7657,1.1858,4.8073,0.0631,0.0186
1	Round_4_Replicate_15	-4307.69	8627.38	380638.83	532.05	1.5427,3.1392,0.1437,1.2008,0.3846,0.0762
1	Round_4_Replicate_13	-3376.66	6765.32	2071.93	658.27	0.6934,1.2245,1.7102,0.7967,2.1158,0.0135
1	Round_4_Replicate_16	-4152.39	8316.78	4510.5	835.34	0.89,1.003,2.4715,0.0891,0.3516,0.0108
1	Round_4_Replicate_3	-3092.5	6197.0	9521.83	1293.36	0.1861,0.8275,4.6744,3.6609,8.2692,0.0086
1	Round_4_Replicate_12	-3478.72	6969.44	359973.32	624.59	0.8042,1.7624,0.3804,2.5288,7.1346,0.0177
1	Round_4_Replicate_16	-4441.47	8894.94	4521367.11	468.3	1.1303,4.4011,3.0312,0.0281,0.4795,0.038
1	Round_4_Replicate_15	-3303.57	6619.14	875075.88	1023.84	0.212,1.5115,3.6496,4.6753,0.1632,0.0116
1	Round_4_Replicate_14	-3388.7	6789.4	1992.63	981.22	0.3378,0.88,3.0333,1.0411,1.357,0.0283
1	Round_4_Replicate_16	-4015.93	8043.86	10720.75	622.6	0.7166,2.7221,0.2053,1.3852,0.4327,0.0528
1	Round_4_Replicate_17	-3986.46	7984.92	530868.66	735.55	0.9858,1.7763,3.0389,0.1011,0.2364,0.0126
1	Round_2_Replicate_10	-4226.8	8465.6	20025.57	381.56	3.3823,1.5134,0.1048,1.6885,1.4809,0.0289
1	Round_4_Replicate_13	-3557.32	7126.64	19008.59	798.2	0.8001,0.9828,0.3552,3.0952,5.0191,0.0193
1	Round_4_Replicate_16	-3408.2	6828.4	48844.13	1197.56	0.2268,0.8274,1.5367,4.4121,0.0693,0.0091
1	Round_4_Replicate_17	-3197.69	6407.38	1769.35	590.44	0.4702,2.6048,2.5086,0.0209,0.7064,0.0271
1	Round_4_Replicate_4	-3348.25	6708.5	2103.44	1318.64	0.2366,0.6269,4.6464,2.1166,10.9984,0.0147
1	Round_4_Replicate_17	-3921.07	7854.14	61923.01	716.9	0.7821,2.296,0.2128,1.6805,0.2468,0.0685
1	Round_4_Replicate_15	-2892.1	5796.2	3757.34	540.72	0.335,2.2456,3.7134,0.7832,2.4357,0.0106
1	Round_4_Replicate_18	-4153.57	8319.14	2338928.14	692.76	1.0392,2.2386,2.9774,0.0514,0.2258,0.0197
1	Round_4_Replicate_14	-4229.8	8471.6	137183337.08	784.74	0.5932,2.1394,0.2104,4.199,2.7226,0.0207
1	Round_4_Replicate_17	-3342.76	6697.52	43207.96	1184.92	0.2835,0.7692,1.8473,4.6724,0.1126,0.0099
1	Round_4_Replicate_18	-3328.2	6668.4	3672.13	497.18	0.8876,2.9963,1.9131,0.042,0.7772,0.0092
1	Round_1_Replicate_9	-8581.66	17175.32	25487.41	1818.45	0.3,0.2989,0.0923,1.5941,7.0305,0.2413
1	Round_2_Replicate_11	-9716.97	19445.94	1784873.32	3459.27	0.2189,0.248,0.0427,19.8,19.8,0.7075
1	Round_4_Replicate_16	-3024.3	6060.6	1320.16	613.62	0.3125,1.8137,3.4194,0.3007,2.8985,0.0082
1	Round_4_Replicate_18	-4154.79	8321.58	4395.72	763.96	1.2415,1.0293,0.1649,1.3103,0.3273,0.0227
1	Round_4_Replicate_19	-3506.64	7025.28	2592.45	1055.0	0.3876,0.9555,2.0296,0.1246,0.1305,0.0105
1	Round_2_Replicate_11	-9086.35	18184.7	45597.1	597.57	5.604,0.516,2.0476,0.436,0.4358,0.1795
1	Round_4_Replicate_15	-3824.79	7661.58	28995.59	595.66	1.5112,0.9607,0.3106,2.9099,1.7596,0.024
1	Round_4_Replicate_18	-3477.63	6967.26	6776.58	1243.05	0.1789,0.7572,1.6873,3.6406,0.0619,0.0169
1	Round_4_Replicate_19	-3622.99	7257.98	9973.74	427.34	1.2893,3.4033,1.6334,0.0233,0.9152,0.0199
1	Round_4_Replicate_5	-3120.26	6252.52	46946.42	797.57	0.2283,1.541,4.3156,2.7133,13.8607,0.0097
1	Round_4_Replicate_17	-4096.8	8205.6	3392.83	918.33	0.4688,0.8254,2.0296,0.3129,3.3821,0.0106
1	Round_4_Replicate_20	-4107.25	8226.5	204683.32	810.33	1.0339,1.2516,2.9875,0.1709,0.2167,0.0052
1	Round_4_Replicate_19	-3779.67	7571.34	5106.7	894.28	0.6528,1.1972,0.1337,1.7157,0.2043,0.0307
1	Round_4_Replicate_19	-3516.32	7044.64	8370.91	1060.67	0.1833,1.6323,1.4207,2.6362,0.0769,0.0154
1	Round_4_Replicate_20	-3229.57	6471.14	3460.24	460.5	0.9046,2.9123,1.9532,0.076,1.1882,0.0129
1	Round_4_Replicate_16	-4116.56	8245.12	686704613.97	512.9	1.601,1.5179,0.1996,4.1662,3.9692,0.0431
1	Round_2_Replicate_12	-3494.39	7000.78	3717.23	1104.59	0.4211,0.7683,0.804,2.4717,0.1374,0.0057
1	Round_4_Replicate_18	-2932.21	5876.42	6597.47	430.73	0.4403,2.7771,2.4653,0.8947,3.9612,0.0103
1	Round_4_Replicate_20	-3756.58	7525.16	13441.83	612.98	1.2492,1.933,0.1533,1.4392,0.4547,0.0238
1	Round_4_Replicate_20	-3303.24	6618.48	196572.45	981.22	0.225,1.8264,3.1593,3.4925,0.1224,0.0117
1	Round_4_Replicate_17	-3923.61	7859.22	461927.44	571.93	1.3376,1.1024,0.3897,3.3118,5.2761,0.0592
1	Round_4_Replicate_6	-3337.96	6687.92	8444674.45	733.9	0.3907,1.5484,3.6817,3.6462,14.3977,0.0072
1	Round_4_Replicate_19	-3267.45	6546.9	2019.21	573.09	0.336,2.0501,1.5712,0.6741,2.4837,0.0101
1	Round_2_Replicate_13	-4505.6	9023.2	1453152.99	1810.33	0.2609,0.3322,0.3405,14.6892,0.2461,0.086
1	Round_4_Replicate_20	-3061.71	6135.42	6436.52	498.03	0.6686,1.9413,2.0605,0.9299,3.2271,0.0156
1	Round_4_Replicate_18	-3998.44	8008.88	82467445.06	437.62	1.6889,2.0648,0.1131,2.8928,6.1115,0.0622
1	Round_1_Replicate_10	-26609.83	53231.66	1130332.94	345.34	3.9349,0.7911,1.3127,1.1231,10.1838,0.9898
1	Round_4_Replicate_7	-3094.49	6200.98	33680.46	1293.69	0.2116,0.8471,4.0658,4.2108,9.8939,0.0102
1	Round_4_Replicate_19	-4337.63	8687.26	499907780.7	600.36	0.9389,2.4508,0.1267,3.6804,2.2382,0.0802
1	Round_2_Replicate_14	-7665.16	15342.32	183871135685.83	329.77	9.0961,4.4557,0.0398,1.1679,0.4595,0.189
1	Round_4_Replicate_8	-3484.63	6981.26	3841.06	1006.48	0.4588,0.699,2.2546,2.7753,9.8972,0.0149
1	Round_4_Replicate_20	-4822.6	9657.2	2876011541027.64	403.41	1.8039,3.2873,0.3377,3.8464,2.6295,0.0437
1	Round_2_Replicate_12	-5259.26	10530.52	188011.7	4085.1	0.1761,0.1983,0.6593,19.8,19.8,0.2896
1	Round_2_Replicate_13	-20753.27	41518.54	219389.45	2134.01	0.1812,0.3594,0.9556,2.705,1.8532,0.9896
1	Round_2_Replicate_15	-11173.77	22359.54	5.4702963666682797e+17	584.27	3.6717,6.0589,0.7488,2.0203,0.1358,0.3788
1	Round_4_Replicate_9	-3396.38	6804.76	2125972.82	911.24	0.4597,0.9939,2.7951,4.3108,17.9615,0.0192
1	Round_5_Replicate_1	-2828.14	5668.28	1602.51	641.65	0.247,2.2084,4.8456,0.3966,1.0783,0.0001
1	Round_5_Replicate_1	-2858.49	5728.98	1468.95	714.19	0.2095,2.0464,5.7348,0.3024,0.7749,0.0001
1	Round_5_Replicate_1	-3072.79	6157.58	225885.15	494.02	1.0708,2.0568,0.8647,1.6541,1.8383,0.0001
1	Round_3_Replicate_1	-5279.49	10570.98	968833.64	1050.97	1.161,0.3787,2.9886,5.2675,0.1188,0.0086
1	Round_2_Replicate_14	-11697.41	23406.82	7019992.85	2378.1	0.3693,0.2596,0.3426,17.9243,7.6747,0.7958
1	Round_2_Replicate_15	-6421.52	12855.04	9978.52	1119.05	0.491,0.6358,0.2991,2.0567,8.0302,0.3446
1	Round_5_Replicate_1	-2998.23	6008.46	3347.25	999.12	0.1702,1.4729,6.17,1.5085,0.1817,0.0005
1	Round_4_Replicate_10	-3163.93	6339.86	101556.79	1425.18	0.2059,0.8173,3.8862,5.1611,14.6892,0.0217
1	Round_3_Replicate_2	-6393.99	12799.98	10066.06	1195.8	0.8134,0.2412,1.7322,2.2181,0.3573,0.0096
1	Round_1_Replicate_11	-13594.34	27200.68	4752856.03	995.44	0.2056,5.6143,0.5916,6.6109,6.2488,0.8142
1	Round_5_Replicate_1	-2837.51	5687.02	3342.33	713.3	0.3042,1.8258,3.8747,0.9775,0.8973,0.0008
1	Round_3_Replicate_1	-5899.55	11811.1	9683.16	1296.44	0.8509,0.1621,0.3659,10.9883,15.5607,0.0518
1	Round_4_Replicate_11	-3214.55	6441.1	2547.86	1465.45	0.1704,0.6448,5.6292,3.144,10.7936,0.0213
1	Round_3_Replicate_3	-3834.9	7681.8	13303.05	1590.8	0.1846,0.37,1.86,9.1411,0.1313,0.0034
1	Round_4_Replicate_12	-3244.51	6501.02	62817.66	812.02	0.2831,1.6997,2.2549,2.8318,19.1713,0.0134
1	Round_5_Replicate_1	-2792.53	5597.06	2085.78	85.16	2.4288,15.1315,0.4991,0.0655,17.5008,0.0004
1	Round_3_Replicate_2	-7013.59	14039.18	645880.89	3085.91	0.1084,0.6995,0.5676,13.9688,12.7502,0.3946
1	Round_3_Replicate_4	-3986.38	7984.76	3794731.67	1400.4	0.183,0.9838,1.4881,8.2122,0.3689,0.0157
1	Round_5_Replicate_2	-2827.81	5667.62	1867.73	680.31	0.2668,2.0415,4.52,0.5677,0.9102,0.0001
1	Round_4_Replicate_13	-3083.96	6179.92	24621.52	867.62	0.2742,1.2725,3.3993,2.7085,18.3369,0.0076
1	Round_5_Replicate_2	-2810.57	5633.14	1666.89	515.46	0.3298,2.7106,3.732,0.2884,1.6836,0.001
1	Round_3_Replicate_3	-6890.59	13793.18	15653.38	5391.92	0.091,0.1739,0.2692,10.9686,5.9408,0.3473
1	Round_5_Replicate_2	-2940.59	5893.18	19367.58	648.17	0.487,1.6658,2.0017,1.7162,1.9766,0.0004
1	Round_3_Replicate_5	-3706.88	7425.76	819764.06	798.31	0.5701,2.9249,0.531,1.5161,0.1296,0.0015
1	Round_5_Replicate_2	-2918.15	5848.3	3981.68	940.79	0.2003,1.3513,5.7941,1.5379,0.4435,0.0001
1	Round_4_Replicate_14	-3318.73	6649.46	9777452.21	641.68	0.4854,2.0456,2.074,3.2195,16.8545,0.0127
1	Round_3_Replicate_4	-4548.91	9109.82	271406.54	3178.19	0.156,0.4162,0.1567,12.2378,18.3759,0.0873
1	Round_3_Replicate_6	-4775.39	9562.78	6638.17	1169.92	0.8044,0.274,0.6493,7.4074,0.485,0.0033
1	Round_5_Replicate_2	-2837.48	5686.96	4006.07	676.97	0.2876,1.9672,3.9568,1.0052,1.061,0.0001
1	Round_4_Replicate_15	-3193.19	6398.38	8780.32	642.48	0.2318,1.9254,3.8016,1.8965,9.8343,0.0222
1	Round_3_Replicate_7	-3761.33	7534.66	631492.15	984.74	0.5895,1.2379,0.2098,1.4853,0.0837,0.008
1	Round_4_Replicate_16	-3214.45	6440.9	5686.21	1180.77	0.3108,0.7756,2.3588,3.3742,8.3398,0.0202
1	Round_5_Replicate_2	-2980.38	5972.76	119175.26	528.97	0.6578,2.1259,1.4202,1.6996,2.6197,0.0001
1	Round_3_Replicate_5	-3986.7	7985.4	630694.38	3888.07	0.1838,0.226,0.1603,19.0747,14.6981,0.0547
1	Round_4_Replicate_17	-3092.22	6196.44	78723.98	863.15	0.3199,1.3053,2.7801,3.0207,13.7484,0.0077
1	Round_3_Replicate_8	-5821.42	11654.84	11434.05	1757.2	0.1345,0.2618,0.3349,2.6352,0.1098,0.0015
1	Round_5_Replicate_3	-2849.41	5710.82	2498.32	707.38	0.3823,1.8286,3.1664,0.8188,0.742,0.0001
1	Round_5_Replicate_3	-3176.01	6364.02	2217.54	937.08	0.4564,1.1094,2.88,0.797,0.2736,0.0002
1	Round_5_Replicate_3	-2799.46	5610.92	2293.08	479.9	0.4474,2.725,2.5879,0.519,1.9752,0.0016
1	Round_1_Replicate_12	-4394.36	8800.72	3964.59	1717.43	0.1587,0.5788,10.6619,0.5097,7.547,0.1971
1	Round_3_Replicate_9	-7437.46	14886.92	24100.59	1708.3	0.1411,0.4462,0.2159,1.6636,0.5057,0.0013
1	Round_4_Replicate_18	-3136.72	6285.44	9084.92	950.76	0.1941,1.1367,5.5197,2.5416,12.0038,0.0129
1	Round_3_Replicate_6	-6425.89	12863.78	585913669.77	1692.15	0.2687,1.2976,0.2981,10.9334,17.3395,0.3486
1	Round_5_Replicate_3	-2809.12	5630.24	1974.82	515.02	0.3354,2.7033,3.3432,0.483,1.6758,0.0001
1	Round_4_Replicate_19	-3384.63	6781.26	2100.05	1072.95	0.2965,0.7616,3.5963,1.6529,10.5489,0.0171
1	Round_3_Replicate_10	-4341.9	8695.8	5426.01	1871.07	0.1344,0.4385,1.3463,6.5763,0.312,0.0113
1	Round_3_Replicate_7	-4161.18	8334.36	24218.39	3621.37	0.1462,0.2919,0.8185,12.344,10.5847,0.095
1	Round_5_Replicate_3	-2824.48	5660.96	4786.7	605.0	0.4039,2.092,2.833,0.9497,1.3318,0.0001
1	Round_3_Replicate_8	-5026.96	10065.92	3331516.14	4220.1	0.0826,0.4778,0.6771,18.3759,2.8885,0.0432
1	Round_3_Replicate_11	-5134.91	10281.82	313298961.78	1025.94	1.2274,0.6273,0.2446,3.2973,0.0594,0.016
1	Round_1_Replicate_13	-7029.38	14070.76	11230.24	2849.9	0.1157,0.2984,1.4842,9.709,0.4118,0.4915
1	Round_4_Replicate_20	-3213.73	6439.46	7085.09	1284.19	0.3169,0.6679,2.4701,3.8632,15.2478,0.011
1	Round_3_Replicate_9	-4045.43	8102.86	473396.2	3188.7	0.2089,0.2725,1.0641,15.4132,4.3661,0.1133
1	Round_5_Replicate_4	-2814.33	5640.66	1929.57	629.64	0.333,2.1369,3.527,0.6065,1.0892,0.0001
1	Round_3_Replicate_12	-3884.71	7781.42	29619753.55	1018.47	0.2097,2.124,1.0223,6.9743,0.1074,0.0104
1	Round_5_Replicate_3	-3131.46	6274.92	45727.74	1014.91	0.4112,0.9397,1.6993,3.5842,11.4497,0.0001
1	Round_5_Replicate_4	-2871.62	5755.24	2900.29	783.37	0.2021,1.823,5.985,0.8867,0.6217,0.0001
1	Round_5_Replicate_4	-2816.74	5645.48	1886.82	612.69	0.2955,2.2802,4.187,0.4495,1.1405,0.0001
1	Round_3_Replicate_10	-5448.02	10908.04	31583557130.87	2025.23	0.2098,1.4426,0.1775,14.6892,10.7959,0.0465
1	Round_5_Replicate_4	-2823.45	5658.9	4834.57	601.7	0.3957,2.0948,2.9464,0.9335,1.3933,0.0002
1	Round_3_Replicate_13	-3692.01	7396.02	185595.7	853.19	0.3877,2.472,0.2645,2.6094,0.1462,0.0019
1	Round_3_Replicate_11	-4475.29	8962.58	5744.88	3551.7	0.1642,0.2386,0.6547,9.9058,11.3757,0.1186
1	Round_3_Replicate_14	-6473.11	12958.22	19157.51	845.66	0.1369,1.8511,0.4995,0.8366,0.5246,0.0019
1	Round_5_Replicate_4	-2829.09	5670.18	2620.96	693.51	0.27,1.9128,4.5547,0.7655,1.0066,0.0001
1	Round_1_Replicate_14	-4188.24	8388.48	3560.98	1354.48	0.2427,0.6472,3.3547,0.228,6.156,0.0629
1	Round_3_Replicate_12	-9858.96	19729.92	100274340453.26	1720.9	0.3204,1.3119,0.1775,14.6892,7.2869,0.6671
1	Round_3_Replicate_15	-3493.71	6999.42	51601.17	877.31	0.605,1.5215,0.2624,2.1653,0.1654,0.0037
1	Round_3_Replicate_13	-4302.23	8616.46	60503.2	3081.41	0.2431,0.2479,0.1491,14.008,6.3856,0.1081
1	Round_5_Replicate_5	-2789.49	5590.98	2182.28	336.5	0.61,3.9015,1.9567,0.3002,3.406,0.0001
1	Round_5_Replicate_5	-2909.03	5830.06	39222.01	341.86	1.1129,3.3522,0.8939,0.8483,3.348,0.0001
1	Round_3_Replicate_14	-5912.28	11836.56	28472.96	4363.01	0.0802,0.3736,0.2892,14.0792,2.5557,0.2015
1	Round_5_Replicate_1	-2818.78	5649.56	2445.73	481.27	0.2983,2.9317,4.0802,0.3971,2.0145,0.0004
1	Round_5_Replicate_4	-2871.69	5755.38	22488.71	258.78	0.7867,5.2095,1.353,0.5617,5.2094,0.0025
1	Round_5_Replicate_5	-2942.62	5897.24	3027.32	957.81	0.2653,1.158,4.1931,1.6628,0.5463,0.0015
1	Round_1_Replicate_15	-31257.43	62526.86	2022655512.77	997.68	6.0825,0.2185,9.1881,1.0668,0.1345,0.9898
1	Round_4_Replicate_1	-4050.09	8112.18	6588296.05	761.39	1.1233,2.0876,0.1265,1.3743,0.1478,0.0034
1	Round_3_Replicate_15	-4573.77	9159.54	377965.06	1773.51	0.5656,0.2327,0.1236,15.1847,3.9316,0.0478
1	Round_5_Replicate_5	-3016.71	6045.42	1862.07	1102.0	0.1842,0.9618,5.883,1.655,0.5081,0.0001
1	Round_5_Replicate_5	-2833.94	5679.88	3918.71	671.29	0.3686,1.8843,3.0588,1.0308,1.0413,0.0001
1	Round_4_Replicate_2	-3538.76	7089.52	7997.98	845.23	0.7624,1.3,0.2826,1.7579,0.2186,0.0033
1	Round_4_Replicate_1	-4132.29	8276.58	19428.29	4890.08	0.145,0.1643,0.0818,19.0959,11.3243,0.0475
1	Round_2_Replicate_1	-9385.34	18782.68	33164.63	4354.65	0.0625,0.1347,2.122,0.0909,1.8047,0.0181
1	Round_5_Replicate_6	-2854.91	5721.82	5026.5	389.2	0.8537,2.9398,1.3365,0.6403,2.8075,0.0058
1	Round_4_Replicate_3	-3536.41	7084.82	5930.76	1096.55	0.3288,0.9815,0.2087,2.1938,0.0943,0.0022
1	Round_5_Replicate_6	-2789.48	5590.96	2256.68	312.64	0.6832,4.179,1.7455,0.286,3.7087,0.0005
1	Round_5_Replicate_5	-3018.83	6049.66	8151.55	174.26	1.0232,7.0182,0.832,0.4497,15.8123,0.0002
1	Round_5_Replicate_6	-2835.11	5682.22	1496.22	626.73	0.236,2.274,5.1447,0.2662,1.1837,0.0001
1	Round_5_Replicate_6	-3032.06	6076.12	1565.96	1121.38	0.1737,0.9641,6.7838,1.0939,0.3308,0.0001
1	Round_5_Replicate_2	-2806.3	5624.6	2056.29	555.12	0.3285,2.4021,3.6858,0.4999,1.6162,0.0005
1	Round_4_Replicate_4	-3640.74	7293.48	4400.37	772.35	0.9816,1.186,0.2311,1.794,0.3571,0.0016
1	Round_5_Replicate_6	-2825.14	5662.28	3735.18	614.39	0.4262,2.0741,2.6957,0.8833,1.1621,0.0003
1	Round_4_Replicate_5	-3485.04	6982.08	16242.04	869.32	0.6582,1.3681,0.2701,2.0551,0.1961,0.0015
1	Round_5_Replicate_7	-2927.83	5867.66	18150.35	802.03	0.3027,1.7173,3.5113,1.7678,0.5243,0.0001
1	Round_5_Replicate_7	-2802.87	5617.74	2002.88	475.11	0.4227,2.8002,2.7228,0.467,1.9966,0.0031
1	Round_5_Replicate_7	-2835.65	5683.3	2068.22	714.87	0.2851,1.9149,4.2166,0.6937,0.769,0.0001
1	Round_4_Replicate_2	-4294.27	8600.54	63820.56	5162.17	0.1222,0.1888,0.0837,19.9994,19.3335,0.0794
1	Round_5_Replicate_7	-2813.59	5639.18	2005.83	623.2	0.347,2.0889,3.2548,0.6947,1.2214,0.0001
1	Round_2_Replicate_2	-5545.17	11102.34	67319081890.39	385.66	0.8223,2.9335,8.7322,0.0347,6.9786,0.0123
1	Round_5_Replicate_6	-2820.22	5652.44	4860.33	324.64	0.9081,3.8496,1.223,0.4758,3.209,0.0014
1	Round_4_Replicate_6	-3668.21	7348.42	4511.27	867.27	0.5125,1.5717,0.2364,1.0851,0.1946,0.0012
1	Round_5_Replicate_7	-2837.32	5686.64	3817.63	705.0	0.3201,1.8545,3.6438,1.0158,0.8866,0.0001
1	Round_4_Replicate_7	-3599.96	7211.92	4128.27	1068.8	0.3387,1.0419,0.2675,1.4906,0.1077,0.0031
1	Round_4_Replicate_3	-3878.49	7768.98	975798.84	3582.78	0.2066,0.2363,0.0982,18.5081,10.7821,0.0285
1	Round_5_Replicate_8	-3411.24	6834.48	29811.95	749.84	0.9825,0.9526,0.7549,2.885,0.8687,0.0001
1	Round_4_Replicate_8	-3507.12	7026.24	13530.6	1021.69	0.415,1.1754,0.1747,1.9324,0.1019,0.0022
1	Round_5_Replicate_3	-3057.63	6127.26	22871.08	766.2	0.2983,1.4697,3.0146,2.3653,19.665,0.0001
1	Round_5_Replicate_8	-2920.73	5853.46	3226.48	940.97	0.256,1.2709,4.1997,1.6124,0.4356,0.0001
1	Round_5_Replicate_8	-2834.82	5681.64	2964.67	687.77	0.3468,1.8155,3.4062,0.93,1.0404,0.0015
1	Round_5_Replicate_8	-2794.06	5600.12	2151.78	464.67	0.4451,2.8283,2.6771,0.4441,2.101,0.0001
1	Round_5_Replicate_7	-2792.04	5596.08	2331.29	112.8	1.8998,11.3303,0.6171,0.106,12.8862,0.0011
1	Round_4_Replicate_4	-3961.58	7935.16	1111776.57	3160.68	0.2221,0.2867,0.2315,15.8276,13.8427,0.0575
1	Round_4_Replicate_9	-3529.53	7071.06	322326.14	935.8	0.4181,1.6655,0.232,3.2465,0.1324,0.0029
1	Round_5_Replicate_8	-2837.5	5687.0	4436.2	692.66	0.333,1.8626,3.4674,1.0678,0.9641,0.0001
1	Round_4_Replicate_10	-3759.53	7531.06	3462.61	860.29	0.9386,0.9209,0.444,1.613,0.2692,0.0023
1	Round_4_Replicate_5	-3798.76	7609.52	1286448.78	2868.21	0.2335,0.3349,0.2718,13.8607,12.088,0.0224
1	Round_5_Replicate_9	-2937.63	5887.26	11962.9	678.8	0.5113,1.6111,1.7198,1.686,1.3958,0.0001
1	Round_5_Replicate_9	-3040.78	6093.56	2270.77	1156.6	0.147,0.9737,8.0819,1.5824,0.1933,0.0001
1	Round_5_Replicate_9	-2826.89	5665.78	1900.24	679.45	0.2972,2.0191,4.0457,0.6041,0.8765,0.0001
1	Round_5_Replicate_9	-2818.75	5649.5	1928.74	658.17	0.2897,2.0057,4.1686,0.6123,1.137,0.0001
1	Round_4_Replicate_11	-3759.7	7531.4	307626.57	807.42	1.1404,1.0225,0.156,3.4302,0.2715,0.0029
1	Round_5_Replicate_9	-2863.74	5739.48	3752.26	793.64	0.267,1.6625,4.2986,1.1875,0.6491,0.0004
1	Round_4_Replicate_12	-3773.19	7558.38	921008.06	801.9	0.4766,2.3939,0.1463,2.9946,0.2071,0.0008
1	Round_4_Replicate_6	-4094.83	8201.66	49170.21	4387.63	0.165,0.1835,0.1014,18.7706,18.5543,0.0572
1	Round_5_Replicate_8	-3079.32	6170.64	36531.66	588.37	0.4203,2.0292,1.8164,1.9143,10.6993,0.0002
1	Round_2_Replicate_3	-9612.2	19236.4	48246.84	1607.7	0.057,0.5448,0.646,0.6502,18.3759,0.1219
1	Round_5_Replicate_10	-2831.8	5675.6	10662.22	368.95	0.8273,3.279,1.4025,0.6575,2.8992,0.0002
1	Round_5_Replicate_4	-3055.44	6122.88	22085.56	1012.11	0.2493,1.0777,3.5477,3.1203,15.8496,0.0002
1	Round_4_Replicate_13	-3491.68	6995.36	46772.45	1094.81	0.3166,1.0556,0.1899,3.4525,0.0869,0.0026
1	Round_5_Replicate_10	-2852.69	5717.38	8295.38	699.53	0.3218,1.8191,3.6896,1.258,1.0451,0.0001
1	Round_5_Replicate_10	-3010.88	6033.76	4256.16	1008.88	0.299,0.9858,3.5552,2.1784,0.6242,0.0001
1	Round_5_Replicate_10	-2829.6	5671.2	2278.37	675.82	0.3445,1.8879,3.4649,0.7761,1.0147,0.0019
1	Round_4_Replicate_7	-4078.42	8168.84	40849.64	5114.31	0.1226,0.1864,0.1455,18.9223,19.272,0.0275
1	Round_4_Replicate_14	-3562.73	7137.46	207787.29	849.3	0.5175,1.9292,0.2083,2.6062,0.1723,0.0021
1	Round_5_Replicate_10	-2863.74	5739.48	9594.73	720.31	0.3379,1.7205,3.4165,1.4008,1.0116,0.0002
1	Round_5_Replicate_9	-2877.18	5766.36	13844.82	427.45	0.8514,2.6039,1.2875,0.9043,2.5273,0.0001
1	Round_4_Replicate_15	-3685.95	7383.9	39215.62	635.15	1.198,2.093,0.1747,1.4374,0.3513,0.0047
1	Round_2_Replicate_4	-8718.8	17449.6	16462.69	1556.58	0.9536,0.2018,3.76,0.7015,13.8248,0.1393
1	Round_4_Replicate_16	-3496.58	7005.16	66836.64	1063.26	0.3968,1.0112,0.1709,3.7134,0.112,0.002
1	Round_5_Replicate_5	-2895.06	5802.12	20106.17	714.84	0.2935,1.8225,3.7952,1.6377,1.0967,0.0001
1	Round_4_Replicate_17	-3579.42	7170.84	333986.47	856.27	0.5752,1.8836,0.1505,2.3961,0.1494,0.0027
1	Round_4_Replicate_8	-4053.37	8118.74	49403.42	4781.7	0.1479,0.1738,0.1141,19.9597,19.6009,0.0466
1	Round_5_Replicate_10	-2942.33	5896.66	16543.15	383.26	0.6841,3.1977,1.1902,0.9779,4.0601,0.0001
1	Round_4_Replicate_18	-3708.52	7429.04	537518.38	691.34	1.0338,2.1172,0.1191,1.9683,0.2646,0.0011
1	Round_4_Replicate_19	-3721.84	7455.68	23106331.26	782.85	0.6201,2.38,0.3178,3.3718,0.1956,0.0035
1	Round_2_Replicate_5	-10419.45	20850.9	40996.56	2748.56	0.0723,0.2661,1.5554,0.0899,18.3759,0.3331
1	Round_4_Replicate_20	-3552.52	7117.04	2755104.48	623.98	1.0781,2.223,0.372,2.275,0.4229,0.0009
1	Round_5_Replicate_6	-3054.8	6121.6	27407.99	743.43	0.335,1.4765,2.7176,2.3343,8.703,0.0001
1	Round_4_Replicate_9	-4067.77	8147.54	13886861.2	2764.91	0.3035,0.2605,0.11,19.1341,19.6161,0.0479
1	Round_4_Replicate_10	-4057.78	8127.56	585103.19	2926.41	0.2682,0.259,0.0976,15.8276,14.9329,0.0635
1	Round_2_Replicate_6	-6022.08	12056.16	7632874928.57	683.71	1.2677,1.1904,7.0287,0.3643,7.0749,0.0354
1	Round_4_Replicate_11	-3903.9	7819.8	76048.95	3814.28	0.1951,0.2025,0.2102,17.3605,14.6892,0.0303
1	Round_2_Replicate_7	-4053.54	8119.08	3788.0	1113.18	0.1338,0.9327,3.4863,0.2539,7.7467,0.0406
1	Round_4_Replicate_12	-3870.2	7752.4	198254.41	2051.02	0.3355,0.4235,0.2413,9.2528,10.4407,0.0447
1	Round_5_Replicate_7	-3055.63	6123.26	24150.85	1400.89	0.1818,0.7835,4.8,4.364,10.3819,0.0002
1	Round_5_Replicate_1	-3208.22	6428.44	1825297.92	467.79	1.299,2.2116,0.7536,1.8063,1.6014,0.0001
1	Round_4_Replicate_13	-4425.56	8863.12	1177785.21	4884.02	0.0976,0.2925,0.2257,19.6976,19.5552,0.0344
1	Round_4_Replicate_14	-3945.23	7902.46	291139.69	2740.61	0.2677,0.2987,0.1722,13.2977,9.5852,0.0492
1	Round_2_Replicate_8	-3945.8	7903.6	1633391.47	391.31	0.469,2.8484,7.0351,0.1437,18.3759,0.0152
1	Round_5_Replicate_8	-3058.91	6129.82	33430.5	702.74	0.3321,1.6321,2.6727,2.2575,19.4341,0.0001
1	Round_4_Replicate_15	-3800.18	7612.36	3014653.86	2651.67	0.2737,0.3291,0.2895,14.4685,11.4164,0.0276
1	Round_2_Replicate_9	-4103.49	8218.98	10348.68	467.6	1.3212,1.1332,1.1949,1.6353,12.796,0.0184
1	Round_4_Replicate_16	-3949.05	7910.1	6346531.05	3522.91	0.1879,0.2969,0.1622,18.2446,17.9945,0.0396
1	Round_5_Replicate_2	-2886.67	5785.34	2085.94	867.9	0.2254,1.3809,5.095,1.1349,0.7849,0.0001
1	Round_2_Replicate_10	-10081.91	20175.82	21758.32	1560.95	0.8339,0.2564,3.6306,0.0543,1.5929,0.3414
1	Round_5_Replicate_9	-3056.69	6125.38	24197.66	854.22	0.2885,1.294,3.0719,2.6573,18.8168,0.0005
1	Round_2_Replicate_11	-4452.65	8917.3	6314.25	410.73	0.3028,4.3668,0.8624,0.9792,3.4166,0.0354
1	Round_4_Replicate_17	-3905.09	7822.18	190308.13	3744.87	0.2133,0.1894,0.1705,19.5333,19.0808,0.0272
1	Round_4_Replicate_18	-3996.11	8004.22	7719769.82	2382.74	0.3142,0.3686,0.0875,13.8991,12.5476,0.0542
1	Round_5_Replicate_10	-2932.24	5876.48	41914.72	689.31	0.2769,1.8973,4.1667,1.8041,1.4186,0.0008
1	Round_4_Replicate_19	-3932.57	7877.14	212919.69	4210.56	0.1614,0.2167,0.1532,18.4868,11.553,0.0315
1	Round_4_Replicate_20	-4187.57	8387.14	10308811.28	3325.43	0.1857,0.355,0.0977,17.0182,8.1468,0.0725
1	Round_2_Replicate_12	-6820.19	13652.38	12314868.37	1141.84	1.5475,0.4275,6.6297,0.865,18.3759,0.007
1	Round_5_Replicate_3	-2994.0	6000.0	9545.48	961.26	0.2063,1.4996,5.0022,2.0119,0.2329,0.0003
1	Round_5_Replicate_1	-3127.81	6267.62	85203.81	1601.55	0.2064,0.7228,3.0966,5.6139,5.1724,0.0001
1	Round_2_Replicate_13	-6610.8	13233.6	17442.18	390.92	0.1365,3.6442,0.6703,0.5022,18.3759,0.0236
1	Round_5_Replicate_2	-3184.77	6381.54	4531.93	1028.0	0.3788,0.906,1.5111,2.8688,7.963,0.0001
1	Round_5_Replicate_4	-3136.29	6284.58	7164.99	954.94	0.2042,1.9345,4.2076,1.5763,0.1238,0.0001
1	Round_2_Replicate_14	-5893.99	11799.98	2653022.72	685.1	0.248,1.6836,14.6892,0.033,14.3686,0.3087
1	Round_2_Replicate_15	-6897.89	13807.78	2138757389972.3	520.67	1.2754,2.2524,7.8706,0.0503,1.469,0.155
1	Round_5_Replicate_3	-3298.26	6608.52	186197.74	2519.04	0.2172,0.3669,2.024,10.4628,15.7544,0.0001
1	Round_5_Replicate_5	-2868.32	5748.64	3136.98	453.95	0.7507,2.6186,1.7051,0.5434,1.8888,0.0067
1	Round_3_Replicate_1	-4392.28	8796.56	5831560.0	423.55	1.1465,1.9669,3.6677,0.4909,18.3759,0.0062
1	Round_5_Replicate_4	-3296.18	6604.36	22233.14	556.01	0.9954,1.437,0.5515,2.0807,14.91,0.0001
1	Round_5_Replicate_6	-2877.06	5766.12	2780.89	829.8	0.2684,1.4301,4.1824,1.2783,0.8381,0.0001
1	Round_5_Replicate_5	-3470.89	6953.78	192616.69	1195.93	0.5349,0.7212,0.4752,5.2843,18.6597,0.0001
1	Round_5_Replicate_7	-3359.82	6731.64	3713.59	717.04	0.8764,0.9985,1.1347,1.8776,1.2956,0.0001
1	Round_5_Replicate_6	-3553.96	7119.92	429727.72	2423.45	0.2692,0.372,0.6504,11.1156,4.9173,0.0002
1	Round_3_Replicate_2	-6742.07	13496.14	13613215117517.6	356.52	0.4371,3.2664,19.8,0.143,19.8,0.0537
1	Round_5_Replicate_8	-3100.05	6212.1	58369.42	1027.75	0.3449,1.0608,2.4643,3.3894,0.2265,0.0001
1	Round_3_Replicate_3	-3150.69	6313.38	4713.35	185.21	0.2225,8.4954,6.6469,0.034,7.8041,0.0397
1	Round_5_Replicate_7	-3052.57	6117.14	3120.08	134.06	3.3063,7.5761,0.1943,0.2756,11.2972,0.0001
1	Round_3_Replicate_4	-3251.73	6515.46	9251.9	198.99	0.1472,8.6623,10.183,0.3384,5.7805,0.0384
1	Round_3_Replicate_5	-3435.71	6883.42	2047.8	435.17	0.4081,2.3351,2.0253,0.2034,18.3759,0.0342
1	Round_5_Replicate_9	-3375.13	6762.26	2712.38	741.27	0.8531,1.0916,1.4238,1.301,0.7497,0.0093
1	Round_3_Replicate_6	-7282.15	14576.3	225794438927917.62	501.04	1.0749,2.073,11.8324,0.1482,6.2931,0.0371
1	Round_5_Replicate_8	-3154.37	6320.74	237454.45	1436.83	0.3031,0.6847,2.4076,5.7613,18.9214,0.0001
1	Round_3_Replicate_7	-3092.76	6197.52	1490.48	427.41	0.4542,2.6463,2.8217,0.0691,5.7375,0.0077
1	Round_5_Replicate_10	-3174.48	6360.96	2918.71	1171.43	0.1626,0.997,4.4964,1.5333,0.0722,0.0001
1	Round_3_Replicate_8	-5172.43	10356.86	1351181.37	650.14	1.2426,1.2095,4.0135,0.0853,18.3759,0.0426
1	Round_3_Replicate_9	-3983.5	7979.0	4024.5	405.19	0.1609,3.168,2.4825,0.0336,5.8369,0.0148
1	Round_5_Replicate_9	-3499.88	7011.76	285614.0	3027.03	0.2158,0.2854,1.0591,13.802,5.0873,0.0001
1	Round_3_Replicate_10	-4773.81	9559.62	280437683.97	204.43	1.8572,5.0473,2.9027,0.0617,18.3759,0.0083
1	Round_3_Replicate_11	-6620.94	13253.88	24778892334129.8	159.58	1.5878,6.63,5.4242,0.507,18.3759,0.0549
1	Round_5_Replicate_10	-3204.18	6420.36	4774.64	1839.77	0.2268,0.4759,2.7065,5.3506,2.4254,0.0002
1	Round_3_Replicate_12	-3367.65	6747.3	16590.56	629.46	0.1132,1.8926,16.6706,0.3731,19.0747,0.0044
1	Round_3_Replicate_13	-3303.08	6618.16	2290.29	365.05	0.1456,3.2801,6.9404,0.4722,18.3759,0.0048
1	Round_3_Replicate_14	-8988.15	17988.3	9.103725581864912e+18	151.36	1.7223,7.5276,10.1026,0.3885,18.3759,0.0136
1	Round_3_Replicate_15	-5441.93	10895.86	88062425.92	462.11	1.8286,1.5951,3.6317,0.3661,10.8583,0.027
1	Round_4_Replicate_1	-2944.56	5901.12	3473.13	263.78	0.2917,5.5764,4.7806,0.0688,5.5372,0.0107
1	Round_4_Replicate_2	-3101.32	6214.64	10015.25	404.19	0.631,2.9776,3.2336,0.1086,3.4766,0.0062
1	Round_4_Replicate_3	-3057.24	6126.48	4854.32	223.19	0.6663,5.3946,2.5669,0.098,10.5675,0.0074
1	Round_4_Replicate_4	-3072.59	6157.18	1515.48	362.96	0.3553,3.8258,2.1285,0.0542,3.5332,0.0119
1	Round_4_Replicate_5	-2989.39	5990.78	2013.34	270.66	0.2373,5.1345,4.9643,0.091,6.79,0.0048
1	Round_4_Replicate_6	-3419.12	6850.24	1994.22	499.54	0.5962,2.012,1.7678,0.0551,4.4896,0.0034
1	Round_4_Replicate_7	-3051.9	6115.8	1452.6	314.57	0.354,3.8619,3.2457,0.0544,9.0473,0.0041
1	Round_4_Replicate_8	-3346.21	6704.42	2633.2	361.28	0.8797,2.7823,2.0369,0.0718,7.8748,0.0041
1	Round_4_Replicate_9	-3005.15	6022.3	1630.04	324.56	0.6214,3.7005,2.3018,0.0344,5.8355,0.0049
1	Round_4_Replicate_10	-3499.74	7011.48	2639.73	533.0	0.6904,1.7359,2.592,0.1425,6.7657,0.004
1	Round_4_Replicate_11	-3190.08	6392.16	1586.25	533.33	0.331,2.0529,3.5757,0.0863,8.2557,0.0103
1	Round_4_Replicate_12	-2879.22	5770.44	1328.53	434.59	0.3932,2.9944,3.1999,0.0761,3.063,0.0025
1	Round_4_Replicate_13	-3003.06	6018.12	1539.64	318.0	0.3697,3.9291,3.4099,0.0615,7.1789,0.0084
1	Round_4_Replicate_14	-2802.37	5616.74	1631.9	313.29	0.5425,4.3219,2.183,0.1896,3.8978,0.0024
1	Round_4_Replicate_15	-3444.9	6901.8	4759.44	406.3	0.7641,2.5236,2.6996,0.0481,8.0735,0.0083
1	Round_4_Replicate_16	-2868.33	5748.66	1493.41	392.32	0.5873,3.234,2.2961,0.135,2.9574,0.0048
1	Round_4_Replicate_17	-3578.29	7168.58	2456.33	514.98	0.4998,1.8066,1.5277,0.1544,10.2428,0.0028
1	Round_4_Replicate_18	-2861.22	5734.44	2384.31	284.37	0.3711,5.0313,3.4944,0.1001,4.8745,0.0029
1	Round_4_Replicate_19	-3439.97	6891.94	2301.96	502.13	0.3714,2.1929,1.6985,0.0953,4.1861,0.004
1	Round_4_Replicate_20	-2850.34	5712.68	2412.61	338.65	0.4218,4.1709,3.312,0.095,3.5911,0.0063
1	Round_5_Replicate_1	-2791.65	5595.3	2292.12	383.39	0.588,3.4076,2.0176,0.3735,2.6965,0.0005
1	Round_5_Replicate_2	-2790.26	5592.52	2604.66	244.5	0.9124,5.2781,1.3109,0.2397,5.0867,0.0004
1	Round_5_Replicate_3	-2801.01	5614.02	2153.91	296.98	0.5457,4.697,2.2642,0.181,3.952,0.0004
1	Round_5_Replicate_4	-2790.36	5592.72	2220.09	291.33	0.6888,4.5328,1.7631,0.2431,4.119,0.001
1	Round_5_Replicate_5	-2789.89	5591.78	2344.31	208.82	0.9841,6.2202,1.206,0.1898,6.3661,0.0002
1	Round_5_Replicate_6	-2791.47	5594.94	1950.45	283.6	0.659,4.7063,1.7964,0.2163,4.33,0.0001
1	Round_5_Replicate_7	-2790.05	5592.1	2317.34	205.67	0.9978,6.3654,1.2014,0.1778,6.3616,0.0009
1	Round_5_Replicate_8	-2789.64	5591.28	2263.64	357.76	0.5764,3.7031,2.082,0.3204,3.0445,0.0001
1	Round_5_Replicate_9	-2813.37	5638.74	2376.99	237.28	1.0137,5.387,1.0078,0.2916,5.213,0.0037
1	Round_5_Replicate_10	-2789.29	5590.58	2321.69	298.03	0.7133,4.3893,1.6767,0.2725,3.9484,0.0004
