Model	Replicate	log-likelihood	AIC	chi-squared	theta	optimized_params(nu1_0, nu1, nu2_0, nu2, m12, m21, T, p_misid)
Model	Replicate	log-likelihood	AIC	chi-squared	theta	optimized_params(nu1_0, nu1, nu2_0, nu2, m12, m21, T, p_misid)
Model	Replicate	log-likelihood	AIC	chi-squared	theta	optimized_params(nu1_0, nu1, nu2_0, nu2, m12, m21, T, p_misid)
Model	Replicate	log-likelihood	AIC	chi-squared	theta	optimized_params(nu1_0, nu1, nu2_0, nu2, m12, m21, T, p_misid)
Model	Replicate	log-likelihood	AIC	chi-squared	theta	optimized_params(nu1_0, nu1, nu2_0, nu2, m12, m21, T, p_misid)
Model	Replicate	log-likelihood	AIC	chi-squared	theta	optimized_params(nu1_0, nu1, nu2_0, nu2, m12, m21, T, p_misid)
Model	Replicate	log-likelihood	AIC	chi-squared	theta	optimized_params(nu1_0, nu1, nu2_0, nu2, m12, m21, T, p_misid)
Model	Replicate	log-likelihood	AIC	chi-squared	theta	optimized_params(nu1_0, nu1, nu2_0, nu2, m12, m21, T, p_misid)
Model	Replicate	log-likelihood	AIC	chi-squared	theta	optimized_params(nu1_0, nu1, nu2_0, nu2, m12, m21, T, p_misid)
1	Round_1_Replicate_1	-28514.68	57045.36	773800.49	307.13	0.7601,4.5187,6.7993,1.4236,0.3958,0.0699,2.9275,0.9898
1	Round_1_Replicate_1	-22530.33	45076.66	342962.19	889.56	0.0849,4.1237,1.4131,0.5416,1.6351,0.3614,0.2494,0.9897
1	Round_1_Replicate_1	-13451.92	26919.84	53056.26	172.62	8.1147,1.1506,12.9762,4.5599,0.1666,0.0692,15.0652,0.807
1	Round_1_Replicate_1	-22975.58	45967.16	514908.48	1188.76	0.3023,1.741,0.8115,0.2006,1.2454,4.125,0.0665,0.9898
1	Round_1_Replicate_1	-7257.08	14530.16	312621.62	774.55	1.263,0.1107,2.7353,6.4166,0.9808,6.9402,0.4947,0.3269
1	Round_1_Replicate_1	-9279.54	18575.08	857878675115.65	443.52	0.6556,6.7294,0.1872,1.7601,3.4527,0.5592,3.1482,0.3053
1	Round_1_Replicate_1	-14910.91	29837.82	117487.44	648.12	3.0361,0.1646,0.8582,1.1912,0.2679,0.1074,9.1726,0.6711
1	Round_1_Replicate_2	-29440.6	58897.2	6.40603162138861e+17	886.44	0.8085,4.9577,0.1141,7.9591,11.7729,0.0804,0.0985,0.9898
1	Round_1_Replicate_2	-7210.76	14437.52	16361.25	1606.09	4.8883,0.2141,7.3508,0.2747,0.2042,2.4278,2.8556,0.1072
1	Round_1_Replicate_2	-29501.83	59019.66	107972839670323.34	562.86	12.7936,3.1363,4.0081,0.4795,8.3781,6.5119,0.8651,0.9896
1	Round_1_Replicate_2	-5146.87	10309.74	9866.09	1008.34	15.4159,0.0862,0.1647,1.8797,0.4086,2.1969,0.3238,0.1238
1	Round_1_Replicate_2	-4080.47	8176.94	4096.15	1293.8	0.1398,0.1604,0.3599,1.0852,1.9774,3.7527,0.1372,0.1005
1	Round_1_Replicate_2	-15075.46	30166.92	74151.5	1072.37	0.4184,1.7357,0.7501,0.1866,4.0889,0.2712,0.5444,0.6519
1	Round_1_Replicate_2	-20169.99	40355.98	218338.02	1062.56	0.8339,0.0806,12.0229,0.7933,2.3912,3.256,0.0713,0.9896
1	Round_1_Replicate_3	-21594.8	43205.6	255889.13	659.05	0.2079,0.0949,6.7734,6.2289,7.2959,1.3871,0.2236,0.9898
1	Round_1_Replicate_3	-22659.38	45334.76	331342.07	877.65	2.8296,0.1394,3.2206,1.0016,0.8113,0.6982,0.7825,0.9898
1	Round_1_Replicate_3	-11800.09	23616.18	49319.02	1745.01	0.1345,0.3127,1.0443,0.0935,0.2459,0.3338,0.1284,0.5413
1	Round_1_Replicate_3	-24206.39	48428.78	448304.92	2039.65	0.3103,0.1201,1.4518,0.1908,0.386,0.7325,0.9175,0.9898
1	Round_1_Replicate_3	-7380.1	14776.2	134882253.94	344.57	2.0276,7.1935,0.3011,1.4247,2.0541,0.4901,7.1286,0.0675
1	Round_1_Replicate_4	-13682.64	27381.28	109059.77	753.05	1.0556,0.3293,0.9707,1.617,0.0783,0.085,0.9012,0.6966
1	Round_1_Replicate_4	-9643.37	19302.74	41139.13	1518.73	0.3445,0.174,4.5014,0.1887,0.1184,0.427,0.2577,0.3378
1	Round_1_Replicate_4	-5000.1	10016.2	17716618196.24	439.91	4.3573,1.3202,1.0978,3.0142,2.0239,2.4432,1.0475,0.1366
1	Round_1_Replicate_4	-33543.51	67103.02	2699610.29	563.05	3.4444,3.0998,8.9902,0.2016,0.8575,0.0765,0.9402,0.9898
1	Round_1_Replicate_4	-27471.06	54958.12	466323324641150.0	676.14	1.5595,4.0423,0.2189,0.7875,2.1085,11.8171,0.2897,0.9898
1	Round_1_Replicate_3	-14038.08	28092.16	76793068.91	777.36	6.9694,3.67,5.2537,0.2777,6.9116,2.2849,4.2092,0.6366
1	Round_1_Replicate_5	-10222.57	20461.14	31698.87	646.99	1.0286,3.6949,0.098,9.7628,0.0622,0.2725,0.2064,0.5704
1	Round_1_Replicate_5	-28995.22	58006.44	974463.13	1487.57	0.7991,0.3123,1.5891,0.1597,0.1635,0.3144,1.6398,0.9898
1	Round_1_Replicate_5	-22390.07	44796.14	252082.05	625.82	0.2431,1.4732,0.4804,10.4617,0.2038,0.0981,0.26,0.9896
1	Round_1_Replicate_5	-6834.76	13685.52	14574.0	970.95	7.9652,1.4857,0.1057,1.2659,0.1908,0.1017,0.0642,0.147
1	Round_1_Replicate_4	-22406.44	44828.88	387423.81	1085.49	0.2191,3.1084,11.1163,0.1432,0.6955,1.0162,0.1029,0.9898
1	Round_1_Replicate_6	-11427.71	22871.42	6308833490.57	398.39	10.1441,5.1009,5.1908,0.775,0.8671,4.7453,0.6983,0.6406
1	Round_1_Replicate_1	-12724.16	25464.32	64180.76	158.78	3.5134,12.0929,0.0595,0.2768,0.2495,2.9065,14.2933,0.4158
1	Round_1_Replicate_1	-33399.1	66814.2	67770914677.84	1496.89	4.4596,7.0871,0.2133,0.2424,11.2876,0.0603,5.9428,0.9898
1	Round_1_Replicate_6	-9909.49	19834.98	20479.47	548.44	0.1021,0.0936,0.1902,10.0461,8.0186,0.1418,1.1094,0.6777
1	Round_1_Replicate_3	-19878.74	39773.48	184512.92	1676.8	4.5993,0.3451,0.0677,0.4228,0.1973,5.0712,7.2824,0.9898
1	Round_1_Replicate_6	-20934.71	41885.42	303665.03	652.01	0.1176,0.1728,0.7304,8.2954,0.6472,2.9229,0.8152,0.9898
1	Round_1_Replicate_5	-7072.93	14161.86	11678.68	1206.11	0.3401,0.1691,0.1014,4.6498,2.9571,0.0921,0.0972,0.4616
1	Round_1_Replicate_7	-17285.26	34586.52	10323557.29	426.16	0.3608,14.641,0.085,2.3974,0.1077,2.7564,0.7424,0.9102
1	Round_1_Replicate_2	-11838.88	23693.76	1221385612441.0	369.16	6.4052,4.3755,15.7934,5.3245,0.9109,0.1743,0.3607,0.6057
1	Round_1_Replicate_2	-30627.31	61270.62	2.3500814720256292e+16	435.99	3.5107,6.72,0.1095,11.6259,3.6315,0.2316,0.5256,0.9898
1	Round_1_Replicate_7	-40020.52	80057.04	5950696.22	953.46	0.628,2.7152,0.0758,0.083,0.514,0.166,0.5108,0.9898
1	Round_1_Replicate_4	-27059.55	54135.1	919713.55	668.73	0.234,8.9926,1.0953,0.2129,0.0788,2.4854,0.7041,0.9898
1	Round_1_Replicate_7	-18202.3	36420.6	146369.3	756.41	2.1347,5.9633,1.0113,0.1203,0.108,0.2401,0.2586,0.6946
1	Round_1_Replicate_5	-28622.08	57260.16	126687377.19	507.28	0.1493,7.9214,0.9014,0.4029,3.4583,1.9859,10.7281,0.9898
1	Round_1_Replicate_6	-17730.24	35476.48	131859.97	3225.38	2.5105,0.16,0.5954,0.1898,0.4183,14.771,1.8784,0.9897
1	Round_1_Replicate_6	-28210.46	56436.92	576710.55	143.72	7.9096,11.8328,1.2441,7.1197,0.0957,0.3476,3.2563,0.9898
1	Round_1_Replicate_8	-5804.26	11624.52	38263.4	1574.69	4.8913,0.1153,2.6464,0.2547,0.4446,15.6511,0.3158,0.2899
1	Round_1_Replicate_3	-17963.16	35942.32	208210.13	856.31	0.5379,0.3921,9.8681,0.1986,0.1163,0.1053,7.3822,0.2696
1	Round_1_Replicate_3	-6944.28	13904.56	646497.47	526.5	13.5679,2.8817,0.7561,0.2221,0.241,13.7294,0.7271,0.1516
1	Round_1_Replicate_8	-5125.19	10266.38	57410413286.17	725.54	0.4488,0.4784,6.9719,5.5739,0.1082,6.0963,0.2207,0.0594
1	Round_1_Replicate_6	-12313.42	24642.84	1959528.93	838.31	15.6164,0.3541,0.3148,1.8268,1.2905,3.6023,0.2022,0.8209
1	Round_1_Replicate_9	-24801.65	49619.3	458852.59	815.77	0.2342,2.7404,0.1662,0.8919,0.4465,0.8811,0.495,0.9898
1	Round_1_Replicate_7	-26374.08	52764.16	1112701.13	895.78	7.4383,0.1211,8.0959,0.6585,0.0796,0.5227,5.0853,0.9898
1	Round_1_Replicate_5	-31973.81	63963.62	2780867.98	275.89	1.8738,11.4716,0.2662,0.2342,0.9661,1.7283,8.0387,0.9898
1	Round_1_Replicate_4	-3545.73	7107.46	3290.27	419.93	8.9318,0.276,1.921,4.0695,4.792,0.3178,2.3093,0.135
1	Round_1_Replicate_4	-27286.98	54589.96	3691231.89	1030.94	7.9958,3.4379,0.0724,0.113,6.8345,7.9894,0.9334,0.9898
1	Round_1_Replicate_9	-13918.02	27852.04	33630368.38	1511.89	5.1186,1.9429,0.6522,0.1803,11.4647,0.9715,0.9356,0.5978
1	Round_1_Replicate_7	-5827.63	11671.26	11429.56	867.49	0.2757,2.5265,0.2134,1.4945,0.068,0.473,0.2183,0.0878
1	Round_1_Replicate_10	-19415.61	38847.22	682717.83	1825.63	0.1339,0.3713,1.0559,0.6082,0.2221,8.4175,0.6914,0.9898
1	Round_1_Replicate_8	-34683.16	69382.32	4010081.73	708.93	6.5687,4.0546,1.4458,0.089,0.2196,0.3335,0.3053,0.9898
1	Round_1_Replicate_6	-9551.16	19118.32	26926.54	1309.24	6.2101,0.1056,1.9862,0.2949,0.076,0.5751,0.1544,0.5968
1	Round_1_Replicate_8	-31827.01	63670.02	2.988793572134464e+17	1057.51	5.2513,6.561,0.1627,0.7378,13.1973,0.2147,2.4109,0.9895
1	Round_1_Replicate_8	-30724.63	61465.26	1750310.04	492.75	0.0993,3.9382,8.6702,0.5456,2.0197,0.1063,2.1995,0.9898
1	Round_1_Replicate_9	-14553.11	29122.22	4533200580394.27	466.71	0.0929,3.4378,3.0543,7.4857,0.1659,3.0419,0.6207,0.8818
1	Round_1_Replicate_7	-24926.09	49868.18	342575573.74	984.22	0.6751,0.9195,1.8034,0.4728,8.358,1.4592,0.2183,0.9898
1	Round_1_Replicate_5	-23093.25	46202.5	290738.66	208.13	14.5946,0.7816,0.1241,7.7723,0.4297,0.0793,17.1349,0.9896
1	Round_1_Replicate_9	-21200.01	42416.02	244122.64	863.43	0.2684,0.546,0.9911,5.5908,3.8767,0.0661,0.0965,0.9898
1	Round_1_Replicate_10	-38808.01	77632.02	6214217.39	429.21	0.0768,15.1589,1.5129,0.0877,0.0947,0.7633,2.2415,0.9898
1	Round_1_Replicate_8	-7344.0	14704.0	10598667894.1	701.38	5.1746,14.1697,0.1562,6.9466,0.2137,2.9441,0.0972,0.1803
1	Round_1_Replicate_10	-21094.52	42205.04	230504.18	1739.59	0.103,0.2192,0.1577,0.4698,0.8945,2.1058,8.6529,0.9898
1	Round_1_Replicate_5	-22518.13	45052.26	292234.17	2417.65	1.0872,0.0717,0.3014,0.3939,3.3143,0.2197,8.0645,0.9898
1	Round_1_Replicate_1	-29724.61	59465.22	2.85816093815278e+20	209.01	0.2319,1.8592,8.3013,4.783,11.7935,1.6464,8.7819,0.9898
1	Round_1_Replicate_6	-6644.88	13305.76	18771.6	289.07	0.0648,0.5107,1.0001,6.896,0.2003,0.1291,4.3024,0.1062
1	Round_1_Replicate_11	-34139.59	68295.18	3180941.28	931.86	1.5624,2.7401,0.2115,0.0998,0.0766,0.231,0.239,0.9898
1	Round_1_Replicate_9	-13236.74	26489.48	51040357.58	344.15	4.3816,5.62,0.732,0.6679,1.8283,3.3452,2.724,0.6994
1	Round_1_Replicate_6	-11500.3	23016.6	44174.77	1597.09	0.6374,0.0927,11.4423,0.1475,0.5904,1.1919,0.211,0.66
1	Round_1_Replicate_2	-29078.92	58173.84	1626418.45	1200.47	0.1204,0.8163,16.6874,0.1673,5.7742,0.2248,1.6463,0.9898
1	Round_1_Replicate_7	-9805.0	19626.0	27905.29	685.69	5.1327,2.2509,0.5014,0.1783,1.101,4.5253,0.6669,0.3135
1	Round_1_Replicate_10	-20164.52	40345.04	204853.51	1586.4	4.5506,0.1955,0.1427,0.5179,3.3645,1.1635,0.7761,0.9896
1	Round_1_Replicate_7	-25168.68	50353.36	802190.07	1317.74	3.819,0.4661,0.2248,0.1082,0.0641,4.9696,0.6399,0.9898
1	Round_1_Replicate_3	-14991.24	29998.48	167967.24	1360.83	0.4703,0.1639,0.0816,0.4728,0.0649,0.403,2.4496,0.4912
1	Round_1_Replicate_11	-28719.27	57454.54	1163833624586999.8	177.45	0.2453,4.8775,0.2758,8.1539,2.9093,0.063,16.3066,0.9898
1	Round_1_Replicate_8	-6840.26	13696.52	2335385.39	889.16	2.8308,0.1083,1.9342,14.8714,0.2717,4.5723,0.0726,0.4282
1	Round_1_Replicate_11	-22570.74	45157.48	314737.16	674.23	6.1675,0.694,0.5938,0.9815,1.7789,1.5417,2.1012,0.9896
1	Round_1_Replicate_8	-5270.88	10557.76	5073563.55	907.66	0.6335,0.4149,0.1299,2.4681,7.5991,1.1381,0.8395,0.2334
1	Round_1_Replicate_12	-27265.01	54546.02	6.049953862236164e+17	810.49	0.911,4.9153,6.2027,1.4005,6.4444,0.1966,0.0712,0.9898
1	Round_1_Replicate_4	-21080.81	42177.62	252723.44	1094.2	0.227,1.0629,1.4042,0.4447,0.081,0.128,0.109,0.9896
1	Round_1_Replicate_9	-24222.07	48460.14	50994037476821.95	821.74	11.5083,0.527,9.1109,0.9169,0.0617,10.9412,0.1222,0.9898
1	Round_1_Replicate_12	-22264.1	44544.2	374029.87	1259.33	1.3994,0.2569,3.3348,0.2615,6.7877,0.4034,0.2533,0.9898
1	Round_1_Replicate_9	-10371.53	20759.06	5237807484300815.0	412.12	2.0852,2.0974,7.515,6.4986,5.9105,0.1333,0.3756,0.3457
1	Round_1_Replicate_5	-8469.14	16954.28	19772.45	668.44	0.3325,0.096,3.1189,15.3672,2.8908,0.0969,0.1744,0.5211
1	Round_1_Replicate_12	-6922.88	13861.76	780207718639.8	270.63	0.165,5.5631,0.0624,2.4986,2.2694,1.1885,13.9662,0.1013
1	Round_1_Replicate_13	-11914.37	23844.74	28914.35	630.16	0.1349,5.3104,13.3536,1.088,0.8118,0.2335,0.2732,0.805
1	Round_1_Replicate_9	-29202.1	58420.2	4.30328181984291e+17	451.44	0.5136,11.1133,11.864,1.2064,8.4262,0.3738,9.7816,0.9898
1	Round_1_Replicate_13	-8664.74	17345.48	17165.99	262.26	16.063,8.4264,0.8115,2.9244,0.1342,0.0964,1.1558,0.2593
1	Round_1_Replicate_14	-11157.88	22331.76	4.5761216060105286e+17	634.64	2.8174,1.381,0.9074,7.5477,8.013,2.2935,0.1771,0.3842
1	Round_1_Replicate_10	-26178.96	52373.92	204284894592.23	877.68	2.9926,1.2913,0.1882,0.5208,7.5824,5.9627,3.1263,0.9898
1	Round_1_Replicate_15	-26668.6	53353.2	1727710259248.73	803.17	5.0451,3.8564,12.8466,0.3828,3.597,0.1836,0.1034,0.9895
1	Round_1_Replicate_14	-4978.1	9972.2	91172.54	502.62	0.5012,0.4452,1.2161,8.4737,3.9158,0.8237,0.5324,0.2255
1	Round_1_Replicate_7	-32176.02	64368.04	1.1307438258452295e+25	173.09	1.5886,8.8168,1.6383,5.9172,7.4766,1.1015,15.2803,0.9897
1	Round_1_Replicate_10	-20576.64	41169.28	221328.35	722.38	0.0843,0.4006,5.9183,0.9992,0.5987,0.5688,9.0001,0.9896
1	Round_1_Replicate_11	-31052.79	62121.58	1.78973570036343e+18	328.72	1.503,7.9176,8.7072,1.1315,3.2032,8.2304,1.3101,0.9898
1	Round_1_Replicate_11	-18377.36	36770.72	208662.68	274.87	4.0676,0.0835,11.8221,10.436,8.4049,2.663,7.6284,0.9898
1	Round_2_Replicate_1	-13333.48	26682.96	2.394563046476481e+27	1010.26	3.2542,18.722,0.786,4.2033,0.0522,9.1789,0.0195,0.0433
1	Round_1_Replicate_6	-21134.49	42284.98	242608.9	3209.7	0.3607,0.0764,0.163,0.2494,2.8734,1.9973,9.2669,0.9897
1	Round_1_Replicate_15	-5404.94	10825.88	10074.96	943.04	0.1652,0.6594,0.1798,4.6989,0.3945,0.289,0.172,0.1586
1	Round_1_Replicate_8	-18770.26	37556.52	171625.79	1680.42	0.1446,0.1051,1.0261,0.5349,4.2163,2.7056,1.5332,0.9898
1	Round_1_Replicate_12	-30816.99	61649.98	5.824275181201338e+21	730.69	9.0942,15.7993,4.3996,1.0652,11.9962,0.4546,0.113,0.9898
1	Round_1_Replicate_12	-29123.4	58262.8	72582200604968.98	498.61	0.2201,4.3943,0.1563,1.62,4.1121,1.7038,2.564,0.9898
1	Round_2_Replicate_2	-25469.82	50955.64	1263607.37	404.87	16.7062,2.2405,0.3803,19.8,0.0437,0.6369,0.3653,0.9895
1	Round_1_Replicate_7	-32033.86	64083.72	1506412.01	1126.73	1.6865,0.6491,0.1476,0.2573,0.3943,0.1636,1.121,0.9898
1	Round_2_Replicate_1	-12720.04	25456.08	1403424748282693.8	841.7	1.5971,2.7882,0.3029,1.6773,6.2008,5.5804,0.1116,0.6252
1	Round_1_Replicate_9	-9742.68	19501.36	62963.29	466.67	3.7103,0.1532,0.445,3.1279,0.1608,0.1304,4.1795,0.0896
1	Round_1_Replicate_11	-23421.95	46859.9	483958.52	808.77	0.236,0.1359,0.4768,4.13,0.3431,2.9968,6.6222,0.9898
1	Round_1_Replicate_13	-9194.59	18405.18	36998627992.04	959.04	0.2868,5.4344,0.3552,0.4117,8.7994,1.7424,7.7873,0.131
1	Round_2_Replicate_3	-12489.69	24995.38	1.4557227875048976e+25	456.77	6.632,4.8795,0.1353,18.722,1.2926,9.2058,0.2577,0.0605
1	Round_1_Replicate_8	-19213.7	38443.4	184883.01	1460.26	1.0136,0.0711,0.7094,0.4657,10.7356,0.804,0.1516,0.9896
1	Round_2_Replicate_2	-8013.5	16043.0	1110232874426.38	841.54	1.3718,1.7515,0.3505,2.9527,6.5349,0.9249,0.1184,0.2456
1	Round_1_Replicate_13	-18970.59	37957.18	160512.68	570.69	0.3244,6.1983,1.4669,0.1722,0.1599,10.6485,1.5894,0.8934
1	Round_1_Replicate_10	-24952.4	49920.8	728325.84	1204.38	0.4463,1.2663,0.8617,0.1331,0.2231,1.7677,0.2067,0.9898
1	Round_1_Replicate_13	-10606.75	21229.5	41154.64	405.04	1.568,5.9578,0.8971,0.4545,1.7125,1.0565,9.6452,0.2973
1	Round_1_Replicate_12	-6920.67	13857.34	19269.01	310.19	1.893,4.8172,0.1405,15.0109,0.0673,0.2245,0.9096,0.112
1	Round_2_Replicate_4	-28567.97	57151.94	1.5781773920206464e+16	587.13	11.1345,18.722,0.5745,5.3588,1.108,2.738,0.133,0.9898
1	Round_1_Replicate_9	-11614.75	23245.5	5780556502.55	608.76	0.7161,5.8955,0.1182,9.2971,3.563,0.101,0.2645,0.5513
1	Round_2_Replicate_3	-7166.46	14348.92	694723089488.77	396.52	1.1126,1.1668,0.5468,11.1314,0.5933,3.3882,1.3442,0.3434
1	Round_1_Replicate_11	-24505.35	49026.7	1486399.5	790.81	1.7671,1.6426,5.4392,0.3048,0.0843,9.0535,0.7877,0.9898
1	Round_1_Replicate_13	-10670.76	21357.52	27551.14	1020.59	0.3936,1.011,4.5279,0.1794,1.4214,0.4697,5.0805,0.0822
1	Round_2_Replicate_5	-17635.88	35287.76	3.7707629982018726e+17	823.39	1.1216,6.5916,0.5464,18.722,0.2004,2.6393,0.0559,0.8438
1	Round_1_Replicate_14	-22280.93	44577.86	390824.49	511.02	0.5933,0.3093,0.596,7.6551,0.24,2.4624,7.1702,0.9898
1	Round_1_Replicate_10	-35462.13	70940.26	2791204.09	1382.09	0.5552,0.5132,1.7965,0.1034,0.7123,0.0837,1.9466,0.9898
1	Round_2_Replicate_4	-6870.85	13757.7	643483803880.83	450.5	1.2056,1.5432,1.8288,17.7027,4.1576,0.4717,0.3123,0.0339
1	Round_1_Replicate_14	-6929.47	13874.94	15199.98	1223.01	2.7449,0.3595,0.6725,0.7804,0.2685,4.6024,4.3505,0.4898
1	Round_1_Replicate_12	-5109.02	10234.04	5927.93	580.6	1.4358,0.907,5.7404,0.9889,2.3489,0.1487,2.704,0.1155
1	Round_1_Replicate_14	-25819.93	51655.86	895123077392.85	1129.45	0.0956,0.6968,0.1317,0.6861,9.0676,8.2134,2.5397,0.9898
1	Round_1_Replicate_14	-4785.28	9586.56	6194.77	1407.91	1.0264,0.1686,0.0939,0.6074,0.5523,6.7915,0.1642,0.1748
1	Round_1_Replicate_15	-28878.68	57773.36	1006464.41	913.57	0.1657,12.521,0.0879,0.4432,0.2342,0.068,0.225,0.9898
1	Round_2_Replicate_5	-3987.69	7991.38	10478.54	539.54	1.8184,1.1656,0.4624,4.5671,0.826,0.8577,0.5379,0.0902
1	Round_1_Replicate_15	-30841.05	61698.1	584764981.07	698.27	0.0732,12.4967,4.7958,0.2055,6.8193,3.0125,0.9219,0.9898
1	Round_2_Replicate_6	-8359.68	16735.36	17677.55	676.66	19.8,19.8,0.0533,1.6221,0.4689,0.7003,0.1415,0.1028
1	Round_1_Replicate_15	-9959.62	19935.24	60916061.44	546.36	1.2394,13.9555,1.7535,0.4703,4.3066,0.3603,0.9392,0.1032
1	Round_2_Replicate_1	-4644.77	9305.54	9031.92	843.21	1.859,0.0683,3.8139,19.8,0.115,0.9422,0.081,0.0301
1	Round_2_Replicate_6	-9632.58	19281.16	18311942171022.02	538.05	1.7301,2.871,6.6329,18.722,0.5632,0.5949,0.1531,0.3774
1	Round_1_Replicate_10	-26369.09	52754.18	382220131048868.06	825.17	0.063,0.9283,0.1175,0.8041,11.8555,7.2739,10.4848,0.9898
1	Round_2_Replicate_1	-9755.7	19527.4	8226193783791.28	419.96	7.1869,0.8663,1.4752,15.3681,6.9741,0.2636,0.4483,0.4004
1	Round_2_Replicate_1	-5637.72	11291.44	332073.39	1471.41	4.2963,0.0952,0.4412,0.2582,0.3358,19.8,0.1287,0.283
1	Round_2_Replicate_7	-13540.08	27096.16	2.562081323534451e+24	974.54	19.8,18.8584,0.2981,19.8,0.0982,3.7735,0.0241,0.269
1	Round_1_Replicate_11	-28853.88	57723.76	1503555.23	598.75	0.2355,2.9836,0.3229,0.2657,1.7986,2.2096,12.9068,0.9898
1	Round_2_Replicate_2	-3915.12	7846.24	116117.55	1030.45	0.1788,0.1313,11.04,3.2255,0.8397,2.0072,0.0379,0.0367
1	Round_2_Replicate_7	-13610.97	27237.94	3185670245255.25	535.2	1.3472,0.5811,0.7948,6.4288,10.5906,2.2057,0.5293,0.7665
1	Round_1_Replicate_11	-25734.85	51485.7	668213.9	1361.29	0.0627,2.2348,2.1746,0.1163,0.242,4.0047,0.7641,0.9898
1	Round_2_Replicate_2	-15985.98	31987.96	95970.66	1688.52	1.6014,0.04,0.8485,0.1114,0.1807,19.8,0.0553,0.9409
1	Round_2_Replicate_8	-4579.07	9174.14	1095869.27	374.82	0.9936,4.7974,0.6665,6.8094,0.7104,0.6815,0.6857,0.0356
1	Round_1_Replicate_12	-15928.54	31873.08	223028.7	2125.01	0.0993,0.0875,0.084,0.298,0.2792,0.0741,0.971,0.3917
1	Round_2_Replicate_3	-6077.87	12171.74	16874.34	816.34	0.415,0.236,3.2483,1.342,0.175,1.0877,0.8093,0.0089
1	Round_2_Replicate_8	-4925.88	9867.76	49793481.98	980.44	0.0678,0.5304,0.5917,1.8294,9.2229,2.1896,0.2013,0.1617
1	Round_2_Replicate_3	-6346.41	12708.82	12333.71	1443.53	13.449,0.2593,0.5663,0.0956,0.0845,18.722,0.4237,0.0813
1	Round_1_Replicate_15	-6593.46	13202.92	301262.29	2620.2	0.0601,0.3662,5.7324,0.1084,12.5768,14.3831,2.7149,0.096
1	Round_2_Replicate_9	-6187.28	12390.56	23621.27	391.46	12.6696,9.8575,1.0683,1.0509,0.0709,1.8158,0.4992,0.0214
1	Round_2_Replicate_9	-5747.76	11511.52	3433492909932.37	249.69	3.7381,1.2098,0.8011,14.0822,2.782,1.8592,2.1546,0.0359
1	Round_2_Replicate_4	-10176.78	20369.56	33660.63	1387.32	7.7856,0.2831,4.0948,0.0505,0.7452,2.1556,0.189,0.0375
1	Round_2_Replicate_1	-7898.5	15813.0	29006.74	1366.21	1.6469,0.252,0.0233,0.2975,1.7808,15.9407,0.0387,0.3378
1	Round_2_Replicate_4	-7881.06	15778.12	3.37783273632521e+19	1053.86	0.1517,1.3705,1.0689,19.9856,0.0279,19.0747,0.0307,0.0252
1	Round_2_Replicate_10	-13348.23	26712.46	939184132.53	837.7	18.722,2.3468,0.1961,3.2439,0.4115,1.2412,0.0718,0.7561
1	Round_2_Replicate_10	-6199.02	12414.04	144436469.92	646.75	3.5936,1.2855,0.3375,18.722,2.1313,0.1914,0.1645,0.1308
1	Round_2_Replicate_5	-7059.89	14135.78	14498.85	2193.26	5.6541,0.066,11.2617,0.0556,1.0008,18.722,0.2194,0.1164
1	Round_2_Replicate_5	-8522.61	17061.22	3.1060709579635866e+17	829.62	2.8051,0.9075,1.766,18.722,0.0774,2.4103,0.0563,0.0974
1	Round_2_Replicate_2	-7433.29	14882.58	16883.55	2050.32	1.9921,0.0751,0.0459,0.2288,0.2542,3.2259,0.2363,0.0986
1	Round_2_Replicate_11	-9775.26	19566.52	33174.68	508.68	0.7728,4.6968,0.0206,13.2454,0.1025,0.9907,0.4261,0.4721
1	Round_1_Replicate_13	-5303.31	10622.62	53942164.51	1549.69	0.0606,0.3078,0.1006,1.3368,0.2766,7.9734,2.9633,0.1796
1	Round_2_Replicate_2	-3557.44	7130.88	139184.78	921.47	19.9856,0.107,0.6471,1.5125,19.0747,1.8159,1.6329,0.0607
1	Round_2_Replicate_11	-7157.17	14330.34	23958.14	534.22	1.2501,0.0955,7.8441,9.2335,1.8948,3.6364,1.7002,0.1048
1	Round_2_Replicate_6	-5471.93	10959.86	11205.75	1261.78	7.12,0.0257,5.4238,0.398,0.8007,4.5988,0.0836,0.1612
1	Round_2_Replicate_6	-4359.86	8735.72	16135301.83	916.88	2.3036,0.0807,10.5053,17.6363,0.0682,5.1102,0.0569,0.0101
1	Round_2_Replicate_3	-6035.29	12086.58	11198.47	2173.81	0.9671,0.0423,0.0872,0.2014,0.5154,14.2701,0.1527,0.0463
1	Round_1_Replicate_14	-26858.69	53733.38	947759599.13	364.33	0.424,6.394,6.32,1.1775,0.6398,3.0405,2.1494,0.9898
1	Round_2_Replicate_12	-24132.23	48280.46	292507.37	404.58	0.3457,1.6735,0.1911,4.9336,0.9588,0.5132,2.046,0.9895
1	Round_2_Replicate_12	-28751.15	57518.3	7.936566142655984e+19	1114.09	7.767,19.8,0.0736,19.8,0.1017,0.4483,0.0123,0.99
1	Round_2_Replicate_7	-5881.45	11778.9	9097376.18	813.54	15.2699,0.3566,6.9975,0.8088,1.6239,3.4375,0.2051,0.346
1	Round_2_Replicate_4	-5666.28	11348.56	7261002.13	1392.36	1.0493,0.317,0.0224,0.3682,1.779,18.722,0.106,0.1686
1	Round_1_Replicate_10	-27961.6	55939.2	1549937.91	245.24	2.0651,6.4851,0.1817,0.2128,0.1225,10.7398,14.4728,0.9898
1	Round_2_Replicate_13	-5708.89	11433.78	3750539186.52	647.88	1.4046,0.4643,3.3397,18.722,5.8862,0.1122,0.1332,0.039
1	Round_2_Replicate_7	-11091.15	22198.3	8.037169470953452e+20	934.48	0.3284,0.8543,19.9856,19.9856,0.0342,19.0747,0.322,0.2439
1	Round_1_Replicate_13	-27269.47	54554.94	5329508739328569.0	303.12	15.1498,1.3397,1.2009,4.3162,9.4884,0.5183,7.8887,0.9898
1	Round_2_Replicate_8	-9290.99	18597.98	4.701004006481218e+20	852.84	16.0351,0.7357,7.6232,1.0609,0.0729,17.7027,0.0681,0.0422
1	Round_2_Replicate_5	-8486.84	16989.68	59400.42	1433.5	0.1992,0.2679,0.4287,0.1646,0.1907,9.1256,0.0333,0.5476
1	Round_2_Replicate_13	-10978.31	21972.62	2.3459990956179323e+23	363.77	3.3316,19.9856,0.1588,1.4061,0.0705,19.0747,0.4741,0.0893
1	Round_2_Replicate_14	-3426.8	6869.6	2038.22	876.98	0.1239,0.328,0.8973,1.0666,2.707,0.7133,3.1788,0.0367
1	Round_2_Replicate_8	-5368.76	10753.52	33776.41	978.91	1.4285,0.3418,1.3397,1.1335,0.1766,1.4503,0.1083,0.3016
1	Round_2_Replicate_9	-4665.32	9346.64	5617534.38	1103.76	2.9662,0.0442,4.9162,1.7769,0.0732,18.722,0.082,0.0439
1	Round_1_Replicate_12	-24679.88	49375.76	786579.28	1486.97	0.8962,0.1241,0.1937,1.4977,0.0874,4.4251,16.7402,0.9898
1	Round_2_Replicate_6	-16670.42	33356.84	131908.52	2872.43	0.2126,0.0601,0.0152,0.157,0.0666,19.5248,0.1352,0.9898
1	Round_1_Replicate_11	-16516.52	33049.04	82131.81	232.75	0.9764,7.2304,0.1393,0.9204,0.2705,0.1083,11.9711,0.6914
1	Round_2_Replicate_14	-9946.88	19909.76	3.5994600335468843e+19	959.27	4.0754,18.2402,0.2361,14.2161,0.2622,1.2439,0.0295,0.0548
1	Round_2_Replicate_15	-5055.76	10127.52	8048.47	485.22	0.2541,0.0906,2.8706,3.6652,2.4818,0.7314,2.216,0.0675
1	Round_2_Replicate_9	-7829.74	15675.48	3320639959.91	1198.52	0.7757,0.117,2.7939,17.7916,0.2145,12.7072,0.8121,0.0104
1	Round_2_Replicate_10	-4883.67	9783.34	173586151.8	1201.15	9.4676,0.1846,2.7394,0.1983,0.4123,18.722,0.0777,0.068
1	Round_1_Replicate_13	-21671.5	43359.0	313826.07	1249.77	14.2998,0.1271,0.8114,0.319,0.8589,0.7249,0.0823,0.99
1	Round_2_Replicate_7	-9909.02	19834.04	25203.02	1374.49	0.7888,0.7063,0.1457,0.152,2.0147,1.9424,0.3911,0.2848
1	Round_1_Replicate_15	-28031.26	56078.52	1.200506542731088e+20	568.72	0.3209,1.9243,0.095,5.8808,0.1014,10.7465,2.9704,0.9898
1	Round_2_Replicate_15	-11865.76	23747.52	3.1413214773535004e+23	903.87	19.8,19.8,1.2239,0.9981,0.0643,17.9047,0.0378,0.143
1	Round_2_Replicate_10	-6941.3	13898.6	73587959191.22	1189.84	0.3356,0.2215,1.3552,7.6632,0.2155,11.3788,0.8748,0.0563
1	Round_1_Replicate_14	-9865.98	19747.96	1779410.21	680.22	6.4432,4.1143,4.9292,0.3844,4.2091,0.843,7.7116,0.1945
1	Round_1_Replicate_12	-30087.82	60191.64	7.811617012576353e+17	213.93	6.0219,1.9188,0.3249,14.7897,4.7714,2.7644,3.2079,0.9898
1	Round_2_Replicate_8	-5807.17	11630.34	19013485879058.08	1099.3	1.1343,0.2206,0.5263,1.9146,1.102,17.7027,0.0492,0.1123
1	Round_2_Replicate_11	-6264.15	12544.3	12842.27	1522.06	19.8,0.0559,0.4107,0.1128,0.0608,19.8,0.0629,0.2725
1	Round_3_Replicate_1	-3475.76	6967.52	4836.29	841.2	0.1943,0.1831,2.4933,1.1335,7.261,1.7804,2.4739,0.0661
1	Round_3_Replicate_1	-4300.21	8616.42	174331.2	541.15	0.5083,3.831,1.0896,5.3171,1.039,0.3138,0.2912,0.0117
1	Round_2_Replicate_11	-3818.0	7652.0	7568.07	1058.46	3.2586,0.1094,1.8712,1.0646,0.0326,1.0655,0.0845,0.0544
1	Round_1_Replicate_15	-7221.44	14458.88	1512430580.95	888.7	0.9527,0.3663,0.483,2.7328,0.1633,7.6652,0.6217,0.4808
1	Round_1_Replicate_13	-24830.41	49676.82	36656011547.95	540.09	1.2183,4.5397,0.9207,8.5465,0.7563,1.5091,0.2171,0.9898
1	Round_2_Replicate_9	-9508.38	19032.76	24338.72	1600.45	0.8948,0.084,0.1066,0.1862,0.3979,0.9282,0.0385,0.5165
1	Round_2_Replicate_12	-9405.77	18827.54	26591.71	2646.34	1.7319,0.1179,0.4141,0.0531,0.1227,14.3499,0.3597,0.3014
1	Round_1_Replicate_14	-6506.55	13029.1	12631017.82	1840.83	13.3424,0.111,0.0762,0.9541,0.7125,15.5106,1.6571,0.3711
1	Round_3_Replicate_2	-4054.31	8124.62	3789.65	1233.16	0.2527,0.3374,0.2517,0.6239,1.13,1.6438,5.3869,0.0255
1	Round_3_Replicate_2	-4859.98	9735.96	17019713.46	512.96	0.4869,8.9095,0.7848,2.1156,0.7901,1.8331,0.4299,0.0201
1	Round_2_Replicate_12	-6968.53	13953.06	26255833445.27	1332.13	0.6831,0.1315,2.6296,5.5189,0.0838,18.722,0.3885,0.2477
1	Round_2_Replicate_1	-3957.13	7930.26	3379.27	281.76	2.9806,1.272,18.4618,2.6132,0.4073,0.1057,4.2883,0.031
1	Round_2_Replicate_10	-10684.08	21384.16	32108.84	1052.26	5.7605,0.7364,0.1147,0.1217,0.5596,2.0331,0.9459,0.1424
1	Round_2_Replicate_13	-20994.14	42004.28	274885.15	2130.65	18.722,0.0355,2.3409,0.0866,0.1248,2.2289,0.2488,0.9898
1	Round_1_Replicate_15	-10481.51	20979.02	24343924419084.2	434.53	0.3712,1.8297,0.1506,9.3975,5.5895,0.1262,1.2364,0.4338
1	Round_3_Replicate_3	-5096.72	10209.44	6523.71	499.07	0.6722,7.0058,0.2805,2.5791,0.2299,1.1536,0.5086,0.088
1	Round_2_Replicate_13	-4520.76	9057.52	461615522.97	978.66	1.7986,0.1368,1.1757,2.6135,0.3076,10.7695,0.2658,0.0115
1	Round_2_Replicate_11	-10193.57	20403.14	13663071.39	1387.46	0.3924,0.3943,0.6682,0.0936,4.076,19.8,0.0347,0.5781
1	Round_2_Replicate_2	-4348.4	8712.8	6642.3	204.75	0.5865,0.4072,19.8,7.4159,3.9414,0.2451,4.0005,0.2455
1	Round_2_Replicate_14	-8076.73	16169.46	2.2951950105969496e+16	749.14	9.7451,0.8709,4.9251,2.0029,0.1241,6.7519,0.1045,0.1648
1	Round_1_Replicate_14	-8678.0	17372.0	22031.74	1495.07	0.1522,0.9949,0.0773,0.0884,1.0747,9.0493,2.8868,0.1766
1	Round_2_Replicate_1	-4855.29	9726.58	898563.51	561.61	0.3608,1.75,0.1207,1.053,0.1325,3.659,12.7021,0.1815
1	Round_3_Replicate_4	-4521.58	9059.16	6360.93	528.58	0.329,1.498,0.4197,8.9295,0.4178,0.2506,0.4631,0.0255
1	Round_3_Replicate_3	-4310.68	8637.36	3935.41	1738.09	0.067,0.2809,0.2735,0.3942,3.0981,0.8948,6.0476,0.011
1	Round_2_Replicate_3	-6514.79	13045.58	37622.62	368.84	1.6865,5.048,2.648,3.8988,0.3517,0.3903,0.6473,0.3353
1	Round_2_Replicate_12	-9189.57	18395.14	68161.48	1266.69	1.0067,0.0393,0.0804,2.2943,0.0841,1.3986,0.3236,0.0403
1	Round_2_Replicate_14	-8663.56	17343.12	6.04474419596389e+19	965.69	0.5922,0.5554,14.9481,19.9856,0.1676,19.0747,0.0445,0.0529
1	Round_2_Replicate_15	-8096.91	16209.82	19167.38	2684.73	1.1456,0.098,1.7677,0.0515,0.9308,11.2478,0.3081,0.0633
1	Round_1_Replicate_15	-8233.91	16483.82	16963.87	865.77	0.2458,0.2827,0.4155,1.1893,0.9501,0.2157,3.254,0.4864
1	Round_3_Replicate_5	-5252.0	10520.0	163613103587.25	215.45	1.5746,8.3671,0.2261,10.9072,0.2993,1.1791,1.8905,0.0107
1	Round_2_Replicate_13	-6209.24	12434.48	10447.03	1723.84	0.9474,0.0341,0.0378,0.3452,0.5639,1.2845,0.027,0.0962
1	Round_2_Replicate_15	-7391.73	14799.46	2.5084103837583766e+17	714.01	0.9837,0.7087,7.6761,13.9496,0.0334,10.953,0.196,0.0325
1	Round_3_Replicate_1	-4923.93	9863.86	252322704.08	1042.91	0.9501,0.0745,16.0066,4.2846,0.0252,14.6892,0.0466,0.1207
1	Round_3_Replicate_4	-5539.01	11094.02	6401.34	1409.82	0.3004,0.5752,0.4167,0.3898,3.339,0.5454,4.3906,0.0624
1	Round_2_Replicate_2	-23666.41	47348.82	573018.89	4278.84	0.1321,0.0774,0.0258,0.3369,0.0511,10.161,1.6797,0.9898
1	Round_2_Replicate_1	-7329.88	14675.76	20327.28	1981.91	1.0652,0.0348,0.059,0.3176,0.6075,0.5435,0.073,0.0241
1	Round_3_Replicate_6	-6762.34	13540.68	55137306.72	511.6	3.5166,5.5162,0.3527,2.2448,2.1069,0.4017,0.4564,0.0907
1	Round_2_Replicate_14	-6975.15	13966.3	537856.01	1051.23	4.2539,0.1791,0.3638,1.698,3.082,3.4308,0.1,0.4883
1	Round_3_Replicate_1	-3973.0	7962.0	87427.3	776.4	3.0481,0.3221,0.8332,2.8386,0.0669,2.6541,0.2397,0.087
1	Round_3_Replicate_2	-8565.74	17147.48	59762.58	842.69	4.3509,0.0289,5.0979,3.1669,0.2315,5.9118,0.2735,0.0613
1	Round_2_Replicate_2	-5555.81	11127.62	8180.03	1531.4	0.3045,0.0998,1.0734,0.1904,1.3981,2.0648,0.0706,0.1822
1	Round_3_Replicate_7	-4517.04	9050.08	424178834.52	422.98	3.5413,2.124,0.1987,2.9857,0.8394,2.2406,1.213,0.104
1	Round_2_Replicate_4	-10390.01	20796.02	5.154742240048287e+21	290.33	1.0325,3.66,13.7619,3.9496,10.3783,0.0515,2.1174,0.0302
1	Round_2_Replicate_15	-6108.49	12232.98	9107.39	3178.81	0.9797,0.0487,0.0573,0.1504,3.8148,19.1192,0.3296,0.2155
1	Round_3_Replicate_2	-5161.67	10339.34	51349175805.64	864.91	8.9101,0.4102,6.5659,1.2167,0.0082,0.9288,0.082,0.0144
1	Round_3_Replicate_3	-4771.89	9559.78	459817698.75	1091.2	3.5979,0.1338,5.4886,1.2884,0.1971,14.6892,0.2961,0.1101
1	Round_2_Replicate_3	-8518.39	17052.78	22429.47	1650.83	0.0249,0.5699,0.1837,0.4846,3.5686,3.8447,0.7335,0.6162
1	Round_2_Replicate_1	-11101.61	22219.22	65046.08	1252.86	18.722,0.042,0.015,5.7666,2.1625,7.0736,5.8393,0.3309
1	Round_3_Replicate_8	-5079.44	10174.88	117889098373.75	217.14	0.765,4.8235,1.7791,12.6215,0.359,0.998,1.9704,0.0196
1	Round_3_Replicate_5	-3421.17	6858.34	4359.25	1022.6	0.1587,0.1206,0.3565,1.3829,8.1315,2.5726,3.5126,0.0904
1	Round_3_Replicate_1	-9221.1	18458.2	22893.06	1484.07	1.2683,0.361,0.2364,0.1944,0.1486,3.5502,0.5191,0.4354
1	Round_3_Replicate_4	-4566.03	9148.06	3230384863.36	1047.84	0.7448,0.0966,4.0319,4.8929,0.0352,14.6892,0.0507,0.0388
1	Round_3_Replicate_3	-6890.44	13796.88	1512287275442101.0	983.23	3.7237,0.4069,5.2791,1.1841,0.0356,0.9902,0.0387,0.0206
1	Round_2_Replicate_4	-3783.34	7582.68	67477.79	1177.33	0.0544,0.1035,1.4673,3.7578,0.2861,1.8126,0.0172,0.018
1	Round_3_Replicate_9	-5430.58	10877.16	10501837.39	637.41	0.2796,5.5066,0.389,17.2141,2.1057,0.1732,0.1658,0.0779
1	Round_3_Replicate_2	-9330.89	18677.78	19887.61	1135.14	1.5119,0.4123,0.2954,0.5373,0.209,4.7216,0.5823,0.6695
1	Round_2_Replicate_2	-8200.86	16417.72	26864.15	1421.11	18.722,0.0507,0.0889,1.878,1.608,6.8823,2.55,0.2874
1	Round_3_Replicate_5	-5109.88	10235.76	10106.99	1250.63	3.3305,0.0341,1.7714,0.6026,0.0265,6.2522,0.0891,0.1102
1	Round_3_Replicate_4	-3858.55	7733.1	1950317.44	774.1	1.6201,0.4011,5.0901,1.8611,0.0154,3.0447,0.1987,0.0406
1	Round_2_Replicate_5	-3369.93	6755.86	1891.93	905.39	0.042,0.5258,1.4415,1.0674,1.9484,0.7337,0.7062,0.0321
1	Round_3_Replicate_6	-3715.68	7447.36	1022485.78	589.5	0.4247,0.7894,0.8395,1.6874,3.9712,0.9012,3.0741,0.0109
1	Round_3_Replicate_10	-6800.15	13616.3	10677.2	437.69	1.4574,13.9784,0.2993,1.9795,0.2197,0.238,0.5156,0.0103
1	Round_2_Replicate_5	-10624.23	21264.46	7.513743598718116e+21	326.65	0.2668,2.9215,1.0326,5.9082,10.6862,0.1255,2.5162,0.0606
1	Round_3_Replicate_3	-4955.53	9927.06	44584669603.21	1060.83	3.165,0.3397,0.0874,2.2114,0.4653,11.8548,0.0635,0.0559
1	Round_3_Replicate_6	-4287.26	8590.52	2707427.99	1178.44	1.5664,0.0625,1.2477,1.2173,0.0343,14.6892,0.0908,0.0401
1	Round_3_Replicate_5	-6245.12	12506.24	25334.79	807.66	2.9626,0.1005,5.3993,1.5695,0.0129,0.7879,0.3147,0.0929
1	Round_3_Replicate_11	-5954.7	11925.4	1941307864.16	395.83	0.9718,5.5348,1.373,6.9338,1.5201,0.5407,0.4862,0.0908
1	Round_2_Replicate_6	-8239.64	16495.28	13558.98	728.95	0.0172,0.153,2.1579,2.651,3.149,1.5562,0.98,0.6226
1	Round_3_Replicate_7	-4247.88	8511.76	99216.53	1203.66	4.7441,0.0189,5.8361,0.7643,0.0173,18.722,0.0325,0.0277
1	Round_3_Replicate_4	-6231.18	12478.36	10222.23	1726.33	3.463,0.0551,0.0542,0.4491,1.4612,2.6888,0.106,0.1728
1	Round_3_Replicate_6	-5997.34	12010.68	292925783318.84	1098.06	2.3815,0.2763,4.0844,0.4323,0.0334,0.5767,0.0336,0.1038
1	Round_3_Replicate_7	-3241.93	6499.86	2033.25	470.86	0.0842,0.5422,0.9312,2.5861,1.0168,0.7335,7.4325,0.0138
1	Round_3_Replicate_12	-5218.06	10452.12	59585893.38	329.43	1.3876,5.6112,0.6662,4.6394,1.1715,0.5591,1.1223,0.0433
1	Round_2_Replicate_7	-9268.56	18553.12	33155.7	1229.92	0.5112,0.046,0.2068,2.1399,1.3559,5.5598,0.2756,0.5128
1	Round_3_Replicate_8	-4064.18	8144.36	1580220.89	1031.3	5.9827,0.0625,1.4432,2.674,0.0341,7.5291,0.0619,0.06
1	Round_3_Replicate_5	-6133.99	12283.98	10077.66	1653.93	1.6391,0.0644,0.1102,0.269,0.2975,3.3117,0.067,0.1535
1	Round_3_Replicate_7	-3768.93	7553.86	19697.04	1135.82	3.5868,0.151,1.7713,0.5195,0.108,4.0397,0.1016,0.0434
1	Round_3_Replicate_13	-5597.78	11211.56	318179556.24	412.97	2.0326,4.3209,0.462,2.5048,1.7802,0.8987,1.0358,0.0414
1	Round_2_Replicate_8	-4829.02	9674.04	2223436587160.59	1243.27	0.0593,0.5442,0.2244,3.8623,0.684,18.722,0.0266,0.0486
1	Round_3_Replicate_9	-8559.26	17134.52	361124.25	1249.67	2.3951,0.0232,2.4927,3.4268,0.1392,18.722,0.2086,0.0139
1	Round_3_Replicate_6	-4329.16	8674.32	7323709.85	1266.19	3.071,0.12,0.0249,1.9745,1.0938,12.5496,0.0698,0.0897
1	Round_3_Replicate_8	-3854.04	7724.08	195697.28	989.24	2.6818,0.2183,3.3854,0.9301,0.0289,0.5435,0.0859,0.0371
1	Round_3_Replicate_14	-4570.08	9156.16	5618.54	749.31	0.3155,6.3435,0.2155,2.5734,0.1949,1.1787,0.1886,0.0096
1	Round_2_Replicate_9	-7405.0	14826.0	13999.17	1748.02	0.2577,0.2203,0.0503,0.4828,0.2757,5.3875,0.2701,0.4444
1	Round_3_Replicate_10	-4403.28	8822.56	4174657434.81	940.94	5.7139,0.1157,9.6677,1.9819,0.0677,14.6892,0.1483,0.0139
1	Round_3_Replicate_7	-4153.02	8322.04	4016.92	1173.04	0.7195,0.4347,0.0531,0.9157,0.8917,2.3192,0.4573,0.0529
1	Round_3_Replicate_9	-5502.63	11021.26	846625322337.67	981.67	1.3564,0.3525,2.5658,2.5954,0.0297,0.5532,0.0414,0.0155
1	Round_3_Replicate_11	-6990.23	13996.46	4175945.29	1191.92	0.7844,0.0382,2.2237,5.3786,0.0907,18.722,0.1553,0.0317
1	Round_2_Replicate_10	-8497.83	17011.66	14889.73	796.64	0.0289,0.3249,0.4825,8.5434,5.3526,1.1352,0.219,0.6515
1	Round_3_Replicate_15	-5380.61	10777.22	8203.5	308.11	0.3089,10.2502,0.3967,9.1048,0.2143,0.2665,0.9899,0.054
1	Round_3_Replicate_8	-10097.06	20210.12	24385.37	1607.71	0.5301,0.0989,0.0359,1.0494,1.8443,2.6286,0.0854,0.6769
1	Round_2_Replicate_6	-6171.84	12359.68	1394860.67	1997.85	2.3319,0.457,3.0661,0.3193,12.4644,0.0733,4.6018,0.0901
1	Round_3_Replicate_10	-3849.7	7715.4	22227.1	1229.55	1.1641,0.0332,6.3376,0.3977,0.0957,0.8316,0.0261,0.0329
1	Round_3_Replicate_12	-5489.98	10995.96	229667.43	1412.59	5.2956,0.0402,6.6386,0.5306,0.0729,18.722,0.1884,0.0335
1	Round_2_Replicate_11	-4926.73	9869.46	391501518971.39	1065.33	0.0951,0.2247,2.8165,8.6781,3.3584,14.6892,0.0513,0.0792
1	Round_2_Replicate_3	-4931.26	9878.52	5697.49	263.75	19.8,0.0608,5.8474,4.7406,15.5333,0.0829,17.4619,0.2621
1	Round_3_Replicate_9	-6790.6	13597.2	11380.32	1544.81	2.7909,0.0954,0.0504,0.355,1.605,2.9496,0.0569,0.2132
1	Round_4_Replicate_1	-4803.42	9622.84	41156635.65	471.91	0.3167,3.2448,2.1871,7.1845,1.987,0.4886,0.3512,0.0206
1	Round_3_Replicate_11	-4136.59	8289.18	4947.84	1232.48	2.416,0.1378,1.2247,0.4267,0.0733,4.2892,0.1194,0.0735
1	Round_3_Replicate_13	-4095.16	8206.32	156319766.01	1115.48	0.8848,0.0956,6.5127,0.9174,0.0492,6.8406,0.035,0.015
1	Round_2_Replicate_12	-4754.24	9524.48	291794823.65	772.06	0.9843,1.2119,1.4099,0.6331,2.8328,5.8948,0.7565,0.0126
1	Round_3_Replicate_10	-5182.51	10381.02	20138.16	1034.85	2.5736,0.4212,0.1552,2.0142,0.3265,1.7433,0.0835,0.1812
1	Round_3_Replicate_14	-4624.91	9265.82	9766078237.69	1073.0	1.0019,0.079,10.1787,3.3137,0.0558,18.722,0.0469,0.0234
1	Round_3_Replicate_12	-4905.12	9826.24	2618241.56	1208.79	3.226,0.201,1.1369,0.272,0.0763,0.3034,0.0412,0.0489
1	Round_2_Replicate_13	-6467.92	12951.84	87606597820108.77	1008.49	0.5827,1.0398,1.0735,2.8472,0.2445,0.6226,0.0335,0.0276
1	Round_3_Replicate_8	-4868.22	9752.44	89099.24	1402.43	0.0612,0.5523,0.4933,0.5315,7.1003,0.3799,8.5212,0.0353
1	Round_4_Replicate_2	-4712.84	9441.68	548573.37	562.89	0.8254,4.4592,0.8397,4.2268,1.1995,0.1529,0.2691,0.012
1	Round_3_Replicate_11	-7320.83	14657.66	13881.22	1171.75	2.6962,0.6084,0.0264,0.2359,0.2878,9.449,0.1845,0.2766
1	Round_2_Replicate_3	-17852.96	35721.92	3196168.19	3157.11	19.8,0.1214,0.0098,0.4258,0.1085,19.8,2.8989,0.9895
1	Round_3_Replicate_15	-6230.84	12477.68	45137.8	1106.97	2.4003,0.0214,1.6364,4.3159,0.0587,17.8815,0.0761,0.0966
1	Round_3_Replicate_13	-4624.99	9265.98	9360.41	889.07	2.0601,0.0678,7.6625,2.693,0.0566,0.348,0.096,0.0431
1	Round_2_Replicate_14	-3674.01	7364.02	3246.57	1120.05	0.6834,0.149,0.2423,1.4663,2.1755,2.0599,0.4037,0.0293
1	Round_3_Replicate_9	-2968.04	5952.08	1392.3	502.24	0.0778,0.3295,1.4397,3.5952,2.9238,0.2132,1.6576,0.009
1	Round_3_Replicate_12	-6124.67	12265.34	8470.16	1417.61	0.6383,0.5186,0.0324,0.3895,1.443,2.021,0.528,0.1444
1	Round_4_Replicate_3	-4840.31	9696.62	82318741.5	653.08	0.3192,4.3531,0.9792,8.0367,1.8584,0.3857,0.1523,0.0133
1	Round_2_Replicate_4	-16375.06	32766.12	1387962.85	1497.53	4.2815,0.0479,0.3921,5.061,2.4486,19.8,0.6399,0.99
1	Round_3_Replicate_14	-3964.71	7945.42	7242.33	1093.81	1.8387,0.1004,4.4638,0.6946,0.0076,0.3046,0.0685,0.0752
1	Round_2_Replicate_15	-4231.91	8479.82	6228.38	1238.3	0.5735,0.0522,0.162,4.2584,0.3365,4.0864,0.0588,0.0344
1	Round_4_Replicate_1	-4065.42	8146.84	6942532.75	918.51	8.7389,0.0986,1.3148,3.3088,0.0287,7.2681,0.1036,0.0497
1	Round_3_Replicate_10	-3988.8	7993.6	66048573.32	399.11	0.3281,0.77,1.2541,4.3262,4.8631,0.524,2.2143,0.021
1	Round_2_Replicate_7	-16096.82	32209.64	1189663.34	1625.61	0.5001,2.5014,5.6986,0.1643,8.5916,0.1714,5.7257,0.6715
1	Round_3_Replicate_13	-4175.93	8367.86	4358.5	1192.24	1.637,0.1458,0.0659,1.5326,1.9282,3.4694,0.3748,0.1357
1	Round_3_Replicate_15	-4491.24	8998.48	8060.18	856.76	2.0684,0.2028,7.6354,1.2076,0.0149,0.3183,0.1725,0.0977
1	Round_2_Replicate_4	-6755.35	13526.7	10074508270.76	862.24	18.722,1.2907,1.7048,0.7879,8.4825,0.4147,5.2489,0.0543
1	Round_2_Replicate_3	-3995.21	8006.42	2514839.41	1821.96	0.0501,0.3473,0.1197,0.5306,1.0852,9.1805,14.4986,0.1209
1	Round_4_Replicate_4	-4426.8	8869.6	164058.38	481.69	0.6721,3.1724,1.0684,6.7158,1.2502,0.1606,0.3788,0.0102
1	Round_4_Replicate_2	-4333.83	8683.66	1686169331.68	1012.1	6.8335,0.1013,2.6383,1.7599,0.0442,9.7524,0.0609,0.0302
1	Round_3_Replicate_14	-5051.96	10119.92	6345.26	1330.06	1.3159,0.1161,0.07,1.5779,0.4271,3.4188,0.0553,0.1877
1	Round_3_Replicate_11	-4204.34	8424.68	3565.75	641.62	0.0341,1.1328,0.4782,1.3159,1.8175,0.216,4.4242,0.0491
1	Round_2_Replicate_5	-8192.77	16401.54	4331131.73	391.12	5.849,1.4313,1.825,1.2623,1.8796,2.2973,6.8393,0.5083
1	Round_4_Replicate_1	-3577.31	7170.62	15303.36	1062.36	2.1971,0.1791,2.5614,0.6834,0.0996,3.859,0.1348,0.0202
1	Round_4_Replicate_5	-4211.71	8439.42	533470.27	585.15	0.9008,2.4836,1.3285,3.1818,1.3613,0.3586,0.2915,0.0061
1	Round_3_Replicate_15	-10100.49	20216.98	1019361.17	1347.56	1.3774,0.197,0.3633,0.2216,0.4738,14.525,0.0578,0.6717
1	Round_4_Replicate_3	-3998.87	8013.74	148078.56	1059.88	4.3171,0.0568,0.9328,2.9915,0.0548,5.8126,0.0591,0.0622
1	Round_3_Replicate_1	-4443.32	8902.64	4645.89	1672.97	0.022,0.1759,1.9905,0.4111,2.6552,1.2668,2.8232,0.0206
1	Round_2_Replicate_6	-5759.5	11535.0	6974.66	779.01	2.8997,0.0377,1.2485,3.7356,19.8,0.7629,0.3455,0.3798
1	Round_3_Replicate_2	-4215.82	8447.64	3569.36	1244.05	0.0301,0.6205,0.5073,0.6025,3.8413,0.2253,0.3859,0.0156
1	Round_4_Replicate_2	-3807.19	7630.38	6803.61	1136.6	5.713,0.1772,1.0801,0.4897,0.1207,5.4351,0.1858,0.0354
1	Round_4_Replicate_4	-3855.53	7727.06	660033.99	1031.13	7.7528,0.0647,1.112,2.5748,0.0327,5.9815,0.0662,0.0345
1	Round_2_Replicate_5	-9450.23	18916.46	373665.51	852.81	18.722,0.1399,0.2946,3.7331,3.9966,6.2498,8.8107,0.7175
1	Round_4_Replicate_1	-3837.12	7690.24	7768.05	1018.53	0.67,0.7501,0.1365,0.7869,1.1257,3.7631,0.4527,0.0391
1	Round_4_Replicate_6	-4499.77	9015.54	1430037.34	524.93	0.928,3.2331,1.6372,4.6173,1.0761,0.2604,0.296,0.011
1	Round_2_Replicate_7	-3692.18	7400.36	89109729.28	122.09	18.392,2.0741,0.3089,15.9539,0.9361,0.537,14.6934,0.0386
1	Round_3_Replicate_12	-3414.08	6844.16	192604.23	390.2	0.1897,0.4079,2.0289,3.6631,3.3262,1.4726,8.1633,0.0717
1	Round_3_Replicate_3	-5814.43	11644.86	7708.3	1303.55	0.0509,0.8441,1.0153,0.3155,1.1946,0.6507,0.342,0.074
1	Round_2_Replicate_8	-3940.84	7897.68	2033218.83	968.84	12.6452,0.156,0.4869,2.3724,14.6892,0.1768,0.2919,0.0159
1	Round_2_Replicate_8	-6037.74	12091.48	7380.76	1037.17	1.7305,0.1565,4.403,0.8881,4.2517,0.3224,12.7582,0.3819
1	Round_4_Replicate_5	-4265.2	8546.4	19359.4	957.72	6.0839,0.0614,1.994,3.3227,0.0189,4.0721,0.0827,0.0837
1	Round_4_Replicate_3	-3814.91	7645.82	9195.88	1227.02	2.3045,0.1057,3.3708,0.3332,0.1358,3.6184,0.0735,0.0317
1	Round_2_Replicate_6	-22506.92	45029.84	158570097.04	1255.76	19.9856,0.3624,0.0103,0.2496,5.1153,19.0747,0.2779,0.99
1	Round_4_Replicate_2	-3686.38	7388.76	2872.05	990.72	0.9976,0.5469,0.064,1.3224,1.3448,1.8927,0.5158,0.0253
1	Round_4_Replicate_7	-5332.12	10680.24	442554120.39	536.76	0.9295,6.1974,2.0868,4.9292,0.8486,0.3831,0.2177,0.0169
1	Round_3_Replicate_4	-4039.09	8094.18	9549.02	863.74	0.0855,1.1325,3.8091,0.6589,3.2694,0.7274,0.4101,0.0556
1	Round_2_Replicate_9	-4771.9	9559.8	756301.99	437.56	2.1556,2.9689,15.2705,2.3965,0.6846,0.0534,0.4253,0.0389
1	Round_2_Replicate_7	-7970.3	15956.6	15601.67	1155.63	6.1104,0.1583,0.0971,1.048,0.528,2.0241,0.3433,0.5263
1	Round_3_Replicate_13	-5833.98	11683.96	8718.63	1092.97	0.072,0.254,1.4479,0.6762,1.3746,0.2609,6.0948,0.1318
1	Round_4_Replicate_6	-3982.59	7981.18	292120.06	1084.74	8.9852,0.0497,0.9948,1.832,0.0187,8.9136,0.0641,0.0589
1	Round_3_Replicate_5	-3375.74	6767.48	36215.62	902.22	0.1598,0.4417,1.1479,1.7012,6.1058,0.5248,0.2154,0.0236
1	Round_4_Replicate_4	-3689.89	7395.78	24022.24	998.39	6.5727,0.1612,1.7486,0.9552,0.1312,2.859,0.1284,0.0494
1	Round_2_Replicate_10	-9707.15	19430.3	22412.39	506.32	2.1121,0.8703,3.312,0.9598,0.5082,0.3156,7.1594,0.5619
1	Round_4_Replicate_8	-4108.13	8232.26	15468.11	621.74	0.2443,4.7957,0.8417,4.8188,0.8837,0.3058,0.2237,0.0202
1	Round_4_Replicate_3	-4682.0	9380.0	6110.97	1283.38	0.5283,0.3585,0.0389,0.8442,0.5509,1.9046,0.5648,0.0503
1	Round_4_Replicate_7	-4054.23	8124.46	527631.77	971.72	8.3855,0.0651,1.6253,2.8789,0.0331,7.6715,0.0869,0.0444
1	Round_4_Replicate_5	-4429.32	8874.64	244073.9	1118.57	6.2331,0.2718,1.2635,0.338,0.1042,4.6245,0.0866,0.0368
1	Round_3_Replicate_6	-3850.5	7717.0	14845282.76	434.29	0.0098,1.4857,5.6502,3.5059,2.9599,0.7411,1.0837,0.0348
1	Round_4_Replicate_9	-4535.34	9086.68	474200.51	433.08	0.4879,4.5054,2.1846,7.1468,1.0138,0.2363,0.3924,0.0098
1	Round_4_Replicate_4	-3795.37	7606.74	3075.59	1369.71	0.616,0.3554,0.0556,0.629,1.798,3.5878,0.4715,0.0233
1	Round_4_Replicate_8	-4179.55	8375.1	345762.92	1090.62	9.0198,0.0451,2.1554,1.4654,0.0214,7.6948,0.0514,0.0947
1	Round_2_Replicate_11	-6647.25	13310.5	8848.94	605.45	0.852,0.8043,2.9951,1.1625,1.9851,0.1991,11.9545,0.3815
1	Round_3_Replicate_7	-4089.11	8194.220000000001	5243.2	1177.28	0.1367,0.281,2.808,0.4795,7.8614,0.6536,0.5889,0.0339
1	Round_4_Replicate_6	-3727.01	7470.02	142346.28	1181.35	2.9223,0.1805,2.2379,0.3995,0.0694,8.3132,0.1413,0.0224
1	Round_4_Replicate_10	-3963.8	7943.6	201417.35	519.91	0.5427,1.8884,1.4794,4.4908,1.7876,0.3108,0.4197,0.0128
1	Round_4_Replicate_5	-5326.22	10668.44	6804.21	1201.22	0.6481,0.6034,0.0778,0.5342,0.7193,1.5244,0.4767,0.0298
1	Round_2_Replicate_9	-12110.81	24237.62	5.063096056032614e+21	269.9	6.6057,1.0448,0.2869,19.9856,19.0747,0.1472,1.9241,0.1972
1	Round_2_Replicate_12	-5735.91	11487.82	9217.31	826.77	0.7857,0.2594,18.722,0.605,1.0731,0.0269,1.533,0.0343
1	Round_4_Replicate_9	-4407.47	8830.94	104806041.34	963.8	6.9674,0.0767,1.4127,4.3984,0.0199,12.7593,0.0838,0.057
1	Round_3_Replicate_8	-3148.49	6312.98	4717.7	798.29	0.0148,0.5284,0.5214,1.746,4.0292,0.5092,1.326,0.022
1	Round_2_Replicate_10	-8938.95	17893.9	17597.13	1578.43	5.4868,0.19,0.59,0.5791,10.2093,0.1342,0.9952,0.6446
1	Round_4_Replicate_7	-3624.48	7264.96	62609.89	1071.23	3.3548,0.1201,1.8499,0.8834,0.1175,4.4724,0.0978,0.0341
1	Round_2_Replicate_13	-6462.14	12940.28	8958.07	411.5	5.5427,2.8573,19.8,0.7728,0.4253,0.1015,1.1963,0.0662
1	Round_2_Replicate_8	-13443.82	26903.64	46000.55	2544.88	6.3561,0.1524,0.0746,0.2754,4.463,3.7022,12.0345,0.8754
1	Round_4_Replicate_6	-3509.45	7034.9	16269.93	785.22	1.1662,0.715,0.0899,1.6917,1.178,2.276,0.8385,0.0669
1	Round_4_Replicate_11	-4545.88	9107.76	6905672.21	559.77	0.6625,3.1841,1.5113,5.5916,1.2294,0.3794,0.2406,0.0067
1	Round_4_Replicate_10	-4357.06	8730.12	3349443.77	975.26	3.2114,0.0761,2.7793,4.291,0.043,6.695,0.0625,0.0846
1	Round_2_Replicate_14	-3735.75	7487.5	379674.66	446.47	6.0326,0.404,6.0125,4.0717,4.7539,0.4089,0.766,0.0446
1	Round_3_Replicate_9	-4596.28	9208.56	6709.02	1036.26	0.0433,0.1717,3.8335,1.4806,1.2761,2.2964,2.3358,0.0469
1	Round_3_Replicate_14	-2983.82	5983.64	1489.15	647.89	0.0319,0.2931,0.3,1.9561,4.2706,0.4379,8.4734,0.0229
1	Round_4_Replicate_8	-3657.59	7331.18	503482.46	1108.57	3.2387,0.1919,2.0934,0.5285,0.1094,7.5368,0.1399,0.0281
1	Round_4_Replicate_7	-4447.06	8910.12	4877.51	942.04	0.7883,0.6335,0.0883,1.0932,0.5046,1.3773,0.746,0.0715
1	Round_4_Replicate_12	-4016.68	8049.36	10511.81	605.63	0.7451,2.4489,0.8068,3.6746,0.6765,0.4215,0.2841,0.0089
1	Round_4_Replicate_11	-3902.84	7821.68	63777509.86	1000.35	11.661,0.1048,1.6483,1.4522,0.0227,8.5495,0.0847,0.0248
1	Round_3_Replicate_10	-3226.54	6469.08	3258.22	662.83	0.0224,0.2039,2.058,3.4152,5.1651,0.8255,0.5517,0.0158
1	Round_4_Replicate_9	-3624.59	7265.18	101629.76	1025.03	5.4961,0.2306,3.1683,0.5387,0.1545,4.693,0.152,0.02
1	Round_4_Replicate_8	-4996.3	10008.6	6788.33	1308.68	0.563,0.3766,0.0705,0.6035,0.4849,1.8619,0.7351,0.0572
1	Round_4_Replicate_13	-4182.96	8381.92	20440.2	484.9	0.5585,2.5627,0.7902,7.0927,1.2485,0.1683,0.4323,0.0063
1	Round_4_Replicate_12	-3937.36	7890.72	2959778.66	1004.83	9.6284,0.0761,0.8696,2.2668,0.0515,9.2705,0.0935,0.0452
1	Round_4_Replicate_10	-3984.9	7985.8	5173.81	1238.01	6.8301,0.0965,0.9466,0.4371,0.0589,4.4445,0.0958,0.0531
1	Round_4_Replicate_9	-4411.23	8838.46	5198.07	1354.45	0.4124,0.3184,0.0578,0.7629,0.7216,2.1208,0.6276,0.043
1	Round_4_Replicate_14	-4231.88	8479.76	31392.64	636.55	0.4337,4.6059,0.7847,3.0564,0.9357,0.3188,0.2346,0.0058
1	Round_3_Replicate_11	-6111.35	12238.7	9901.75	1383.09	0.0105,0.4187,0.3939,0.437,0.8345,0.4633,2.0573,0.0098
1	Round_4_Replicate_13	-4019.64	8055.28	31906764.88	1051.47	9.1012,0.063,2.6442,1.5781,0.0679,10.2241,0.0571,0.0279
1	Round_3_Replicate_12	-4602.22	9220.44	5039.12	1365.15	0.1243,0.3023,1.1407,0.3379,2.1929,0.2267,0.1727,0.0279
1	Round_4_Replicate_11	-3784.87	7585.74	154895.75	1218.44	2.7603,0.1397,2.8801,0.3591,0.1963,8.9764,0.1109,0.0342
1	Round_4_Replicate_10	-3739.89	7495.78	3343.07	1220.14	0.8209,0.2284,0.0753,1.3179,1.3458,2.9029,0.2842,0.0357
1	Round_4_Replicate_14	-3927.25	7870.5	417871.68	1056.29	6.8574,0.0492,1.9411,2.0831,0.0278,7.3576,0.0571,0.0337
1	Round_4_Replicate_15	-3995.52	8007.04	5853.18	635.54	0.2371,3.4009,0.6394,6.7655,0.6688,0.3309,0.2161,0.0069
1	Round_2_Replicate_4	-8016.06	16048.12	4.2299846419943176e+16	553.81	0.0225,1.1723,0.0216,10.1617,0.0356,7.2277,18.4693,0.1334
1	Round_3_Replicate_15	-3648.11	7312.22	4286.7	1430.58	0.1098,0.2784,0.4465,0.6304,7.4264,0.6558,6.7055,0.0254
1	Round_3_Replicate_13	-5323.22	10662.44	8880.93	1062.9	0.0437,0.239,0.3599,1.3515,1.0528,0.2882,0.7504,0.0776
1	Round_4_Replicate_12	-3705.62	7427.24	7997.26	1107.94	2.4691,0.1797,2.5496,0.5187,0.1033,2.1246,0.1023,0.0196
1	Round_4_Replicate_15	-4924.07	9864.14	21687786611.24	962.19	8.7756,0.1058,2.4132,3.8922,0.0444,10.2327,0.0593,0.0606
1	Round_4_Replicate_11	-5271.66	10559.32	6372.76	1197.37	0.9092,0.5462,0.0814,0.5664,1.0624,1.5953,0.3662,0.0538
1	Round_4_Replicate_16	-3958.3	7932.6	151563.67	616.33	0.5655,2.0887,1.8455,3.6429,1.0795,0.3365,0.2351,0.006
1	Round_2_Replicate_5	-3475.82	6967.64	6590.13	820.02	0.0601,0.8862,0.1779,1.57,0.6631,1.8204,1.7949,0.0269
1	Round_3_Replicate_14	-4385.59	8787.18	4749.81	1157.6	0.059,0.2971,1.3555,0.7655,1.0603,1.3141,0.7015,0.0474
1	Round_2_Replicate_9	-5375.08	10766.16	65621485.26	1472.16	10.3391,0.1128,0.2793,2.7835,4.21,11.4735,6.282,0.0714
1	Round_4_Replicate_1	-3222.43	6460.86	3676.53	501.19	0.0423,0.3217,1.8661,5.2668,4.1207,0.333,0.8259,0.0094
1	Round_2_Replicate_11	-3956.24	7928.48	3429.52	166.18	17.7652,0.1409,0.3385,13.5445,6.5536,0.1345,16.7387,0.1472
1	Round_3_Replicate_15	-4394.61	8805.22	9826.44	900.74	0.0936,0.8361,5.9126,0.5388,4.2131,0.4285,0.4246,0.084
1	Round_4_Replicate_13	-3761.87	7539.74	32783.16	1114.46	2.4052,0.1102,1.9642,0.7599,0.0676,3.7781,0.0794,0.0564
1	Round_4_Replicate_16	-4103.05	8222.1	414529.95	1091.47	5.2199,0.0469,1.6009,1.7316,0.0233,10.4045,0.0587,0.0639
1	Round_4_Replicate_12	-5121.07	10258.14	6223.08	1144.14	0.5428,0.749,0.0623,0.5918,0.6256,1.8999,0.4691,0.042
1	Round_4_Replicate_17	-4688.46	9392.92	4000877.36	551.09	0.8522,3.9505,0.9007,7.2481,0.7934,0.456,0.2358,0.0059
1	Round_2_Replicate_15	-7811.71	15639.42	136545482.34	825.4	1.2731,2.6959,1.4293,0.6496,5.3347,0.029,16.7052,0.0783
1	Round_2_Replicate_12	-6340.47	12696.94	11432.19	1380.66	18.722,0.0652,0.4589,0.6049,2.2484,1.2961,0.6337,0.243
1	Round_2_Replicate_6	-4006.63	8029.26	51756.44	613.73	0.0114,1.0027,0.1796,4.2452,0.8952,1.2577,1.335,0.0762
1	Round_4_Replicate_2	-3293.6	6603.2	2258.19	413.57	0.0644,0.3687,1.9237,4.6998,1.725,0.2495,1.9415,0.0067
1	Round_2_Replicate_13	-4216.86	8449.72	4588.2	844.8	4.1572,0.3742,0.4674,1.6127,4.45,0.2011,1.3757,0.1819
1	Round_4_Replicate_17	-4165.18	8346.36	351372.92	1028.54	12.9595,0.0514,1.4024,2.8048,0.0618,6.0892,0.0603,0.0854
1	Round_4_Replicate_14	-3564.32	7144.64	100942.0	1029.07	2.905,0.2005,3.3402,0.6751,0.062,4.0914,0.1259,0.02
1	Round_4_Replicate_13	-4560.14	9136.28	5414.39	1264.06	0.4429,0.3775,0.059,0.7826,0.8391,1.2357,0.8227,0.0281
1	Round_4_Replicate_18	-5152.07	10320.14	341962402.36	671.23	0.5616,3.884,0.77,6.9751,2.0026,0.16,0.1458,0.0056
1	Round_4_Replicate_3	-3112.76	6241.52	2927.46	491.47	0.0657,0.34,0.8485,4.9708,4.1902,0.1462,1.4073,0.0077
1	Round_4_Replicate_1	-3144.76	6305.52	1610.2	1004.67	0.0089,0.452,0.5159,1.134,3.4233,0.7162,1.1798,0.0141
1	Round_4_Replicate_18	-3923.91	7863.82	307213.32	1027.74	5.8718,0.0536,2.0443,2.7452,0.0219,5.4947,0.0578,0.0295
1	Round_4_Replicate_15	-3616.59	7249.18	242935.13	931.73	3.4711,0.2744,3.3774,0.8867,0.1072,3.3397,0.1518,0.0292
1	Round_4_Replicate_14	-4498.2	9012.4	4905.25	1332.15	1.3081,0.2815,0.1,0.5631,1.1754,1.7964,0.7681,0.0412
1	Round_3_Replicate_1	-10041.48	20098.96	3.508002355790618e+20	217.83	13.3561,1.3938,5.4885,11.945,12.5103,0.2943,1.8834,0.0488
1	Round_2_Replicate_14	-9423.16	18862.32	6.083162270747382e+17	339.38	2.3338,0.8883,8.1449,4.7617,14.6892,1.4947,1.2022,0.2194
1	Round_4_Replicate_19	-4184.67	8385.34	61534.76	501.22	0.9233,3.1123,0.8854,5.0721,0.6945,0.5424,0.3846,0.0142
1	Round_4_Replicate_4	-2989.85	5995.7	8349.21	355.15	0.1278,0.5084,1.4521,5.3936,2.9345,0.3328,2.7893,0.0151
1	Round_4_Replicate_19	-3930.39	7876.78	438670.89	998.94	8.0555,0.0586,2.7281,2.6773,0.0567,4.6053,0.0618,0.0293
1	Round_3_Replicate_2	-4299.47	8614.94	112599.07	569.24	1.9798,0.5736,1.6945,11.1783,1.6372,0.1596,0.2446,0.0219
1	Round_4_Replicate_16	-3612.01	7240.02	16845.22	1038.0	3.7277,0.2177,1.97,0.6402,0.168,4.4242,0.1844,0.0299
1	Round_2_Replicate_15	-5320.55	10657.1	69847155.09	325.34	14.4965,0.215,2.2771,18.722,13.0362,0.7416,0.8374,0.0203
1	Round_4_Replicate_2	-3001.45	6018.9	3777.95	840.48	0.0197,0.436,0.6136,1.4755,3.6178,1.0127,1.687,0.0162
1	Round_4_Replicate_15	-3626.64	7269.28	3622.69	874.08	1.0771,0.6067,0.0957,1.635,0.504,2.3791,0.5138,0.0379
1	Round_4_Replicate_5	-3161.04	6338.08	1838.56	450.82	0.0829,0.4898,1.6262,4.8483,1.9456,0.1429,1.2657,0.0078
1	Round_4_Replicate_20	-4509.54	9035.08	3444462.14	521.32	0.7421,2.8756,2.1927,4.6662,1.4706,0.1929,0.299,0.0095
1	Round_3_Replicate_3	-5462.58	10941.16	631876644.91	619.42	17.8135,0.2214,5.1599,3.7317,11.9288,1.3474,0.2733,0.1533
1	Round_4_Replicate_20	-3892.7	7801.4	3552802.99	1104.73	4.657,0.0799,0.78,1.7486,0.0358,4.7351,0.05,0.0384
1	Round_3_Replicate_1	-5418.26	10852.52	8852.25	328.51	3.1196,0.1441,1.5315,12.8643,2.2467,0.1696,1.3853,0.1231
1	Round_4_Replicate_17	-3721.51	7459.02	13048.5	1121.8	3.0757,0.1474,3.7672,0.4594,0.055,2.4886,0.0928,0.0274
1	Round_4_Replicate_6	-2856.9	5729.8	1429.3	590.73	0.1087,0.3845,0.9425,2.5239,3.3239,0.3463,2.0016,0.0041
1	Round_4_Replicate_16	-4054.12	8124.24	4678.21	1262.96	0.8436,0.3975,0.0743,0.5907,1.0106,4.9147,0.5591,0.0848
1	Round_3_Replicate_4	-3546.46	7108.92	3203.74	441.17	2.5522,0.9774,3.0108,2.6753,1.5926,0.1352,1.3652,0.0669
1	Round_3_Replicate_2	-6050.95	12117.9	7945.72	446.3	5.6703,0.1764,0.755,4.7501,2.3371,0.7135,2.2558,0.3964
1	Round_4_Replicate_3	-4160.25	8336.5	72118.75	1023.57	0.012,0.8746,0.316,0.9234,4.5545,0.4697,1.5677,0.0096
1	Round_3_Replicate_5	-5470.7	10957.4	1960124944.5	812.05	5.8108,0.4676,2.0845,1.3956,7.2593,1.113,0.1965,0.1442
1	Round_3_Replicate_3	-3327.26	6670.52	25226.95	203.62	11.4495,0.7231,4.293,9.8493,1.4248,0.4737,3.6362,0.0385
1	Round_4_Replicate_18	-3920.07	7856.14	5420.75	1098.59	6.8684,0.1976,3.4444,0.3802,0.1264,3.0106,0.1463,0.0254
1	Round_4_Replicate_7	-3210.58	6437.16	1919.6	554.24	0.078,0.3203,0.8417,4.5839,3.0462,0.1278,1.0012,0.008
1	Round_4_Replicate_17	-4176.36	8368.72	4116.43	844.14	1.4218,0.648,0.1015,1.551,0.6447,1.1953,0.5962,0.0594
1	Round_3_Replicate_4	-3739.06	7494.12	2521.17	503.2	2.8936,0.2804,0.8711,4.0779,3.0884,0.1739,1.687,0.1401
1	Round_4_Replicate_19	-3682.5	7381.0	11629.08	1177.71	3.4932,0.0954,1.6138,0.5594,0.0548,2.3504,0.0693,0.0199
1	Round_4_Replicate_8	-4003.11	8022.22	4347.3	447.62	0.0491,0.2419,0.9241,6.6157,1.9341,0.1179,1.3653,0.0041
1	Round_4_Replicate_18	-3928.47	7872.94	3815.26	1194.35	1.2667,0.3037,0.0529,0.8693,0.7109,2.9029,0.5298,0.0302
1	Round_4_Replicate_4	-2953.78	5923.56	1352.29	722.49	0.0197,0.4491,0.6149,1.9126,3.13,0.3749,1.8405,0.0112
1	Round_3_Replicate_6	-8891.58	17799.16	1.9130110171688927e+19	371.79	2.9065,1.6283,5.6691,3.3805,12.8056,0.3706,1.8309,0.0172
1	Round_4_Replicate_9	-3537.06	7090.12	2962.87	407.93	0.1461,0.3049,1.3699,5.729,1.7986,0.2586,1.7965,0.0068
1	Round_4_Replicate_20	-4053.57	8123.14	10936830.42	984.92	4.8131,0.2501,1.7131,1.014,0.0512,2.6758,0.0862,0.036
1	Round_4_Replicate_19	-3753.38	7522.76	3269.08	1346.15	0.9791,0.3036,0.068,0.5889,1.288,4.3245,0.7742,0.0354
1	Round_3_Replicate_7	-4143.66	8303.32	62528.39	545.89	7.8989,0.1981,3.0284,5.6553,7.6509,0.2513,0.4276,0.0887
1	Round_3_Replicate_5	-4055.54	8127.08	3300.63	374.36	7.3866,0.1268,0.9719,5.2415,8.9494,0.3126,4.277,0.1989
1	Round_4_Replicate_10	-3052.77	6121.54	1486.65	543.92	0.0846,0.4126,1.3028,2.6139,1.8428,0.2677,2.1163,0.004
1	Round_4_Replicate_20	-5331.57	10679.14	6208.54	1124.42	1.0888,0.6981,0.0797,0.5028,1.5421,1.574,0.6755,0.0699
1	Round_2_Replicate_10	-8721.56	17459.12	458108.53	1772.41	15.5013,0.056,0.2222,5.957,3.6115,12.7027,11.9678,0.1243
1	Round_3_Replicate_8	-5118.56	10253.12	569765.31	356.49	6.1027,0.1839,8.0817,11.8922,9.5841,1.3158,0.6623,0.0882
1	Round_4_Replicate_5	-2915.65	5847.3	1825.65	770.73	0.0131,0.3551,0.8345,1.9641,3.6427,0.768,1.1507,0.0118
1	Round_3_Replicate_6	-7526.17	15068.34	10722.81	559.52	3.0855,0.8388,1.0038,1.5857,1.6902,0.1494,3.8213,0.5128
1	Round_2_Replicate_7	-5594.68	11205.36	8918.84	659.97	0.0303,2.0814,0.0145,0.3994,0.493,4.6155,12.3227,0.0632
1	Round_4_Replicate_11	-3401.34	6818.68	2336.16	640.43	0.1497,0.2475,2.2255,1.8698,2.1418,0.2277,1.7702,0.0062
1	Round_3_Replicate_9	-5451.36	10918.72	2797352965.9	371.28	15.274,1.3414,3.5103,7.4708,2.2678,0.2713,0.569,0.0149
1	Round_3_Replicate_7	-5715.67	11447.34	78858.58	213.75	2.9545,0.6717,2.4321,8.389,1.7823,0.9148,6.8656,0.4204
1	Round_3_Replicate_10	-6385.63	12787.26	2326773681923.36	637.62	4.1289,0.4648,1.7718,6.6378,11.2079,0.3428,0.2143,0.0333
1	Round_5_Replicate_1	-3095.81	6207.62	1533.43	473.65	0.3561,0.9684,3.2408,2.0966,0.9202,0.4511,1.9665,0.0003
1	Round_5_Replicate_1	-3463.82	6943.64	49454.78	998.94	2.3523,0.2,0.8012,1.3196,0.0081,4.0556,0.1521,0.0001
1	Round_4_Replicate_12	-3115.46	6246.92	1671.08	460.21	0.0645,0.4291,0.9074,3.4642,1.6272,0.2213,3.1261,0.0062
1	Round_4_Replicate_6	-3209.81	6435.62	5264.99	915.59	0.0202,0.4579,0.3622,1.3302,4.7101,0.385,2.2932,0.0086
1	Round_3_Replicate_11	-6602.77	13221.54	69212224743.65	304.92	4.1861,0.9197,4.1798,14.3277,4.4651,0.7734,0.7626,0.0852
1	Round_4_Replicate_13	-3230.33	6476.66	1953.4	529.64	0.0959,0.5493,0.7331,4.6168,1.9116,0.1993,1.037,0.0115
1	Round_3_Replicate_12	-5171.15	10358.3	85560207.6	341.3	4.5346,0.3639,5.7635,12.1462,7.7142,0.4077,0.6968,0.0111
1	Round_4_Replicate_14	-3107.97	6231.94	2749.72	544.77	0.0429,0.6146,0.8449,4.0671,3.0248,0.1527,1.0235,0.0058
1	Round_3_Replicate_13	-3209.11	6434.22	2596.09	741.55	10.2088,0.1116,7.2904,1.1552,10.4292,1.1722,1.5446,0.0283
1	Round_2_Replicate_8	-9708.23	19432.46	80185.6	1472.08	0.0283,0.0662,0.0368,1.2052,0.1867,2.012,4.2225,0.0321
1	Round_4_Replicate_7	-3051.81	6119.62	9146.33	591.03	0.0156,0.3658,0.8821,2.5409,5.0188,0.4893,2.4304,0.0301
1	Round_4_Replicate_15	-3080.3	6176.6	1572.85	611.01	0.0558,0.3224,1.7195,2.6325,2.4039,0.3522,1.1132,0.0095
1	Round_3_Replicate_14	-4078.26	8172.52	7234011.05	511.74	5.6488,0.383,4.5807,4.5121,4.2433,1.1911,0.4482,0.0345
1	Round_5_Replicate_1	-3083.97	6183.94	257020.43	784.76	19.9159,0.2178,2.3574,1.0697,2.8649,4.4833,0.781,0.0002
1	Round_3_Replicate_15	-4101.01	8218.02	5773.86	637.69	4.3063,0.1925,10.9189,3.3264,2.3234,0.1792,0.241,0.0677
1	Round_4_Replicate_16	-2908.72	5833.44	1328.73	615.4	0.0769,0.3656,0.7662,2.8074,3.3795,0.2132,1.5452,0.003
1	Round_4_Replicate_8	-2951.94	5919.88	2563.28	830.36	0.0137,0.3194,0.8307,1.7135,5.1471,0.6391,1.0387,0.0136
1	Round_4_Replicate_17	-2846.76	5709.52	1224.04	445.1	0.1105,0.4872,2.7894,2.8663,2.5454,0.2131,2.6933,0.0073
1	Round_4_Replicate_1	-3091.17	6198.34	11886.23	624.12	11.9074,0.1351,4.7326,1.7425,10.1734,1.3527,1.5274,0.0267
1	Round_3_Replicate_8	-7968.17	15952.34	699589722.62	285.14	2.4753,0.5592,0.7225,5.7403,8.9386,0.2834,9.1814,0.4799
1	Round_5_Replicate_1	-2829.25	5674.5	1734.26	521.87	0.5139,0.4554,0.3339,2.7387,2.6122,0.4776,4.8104,0.0001
1	Round_4_Replicate_9	-3410.3	6836.6	8292.26	905.48	0.0061,0.8645,0.5586,1.3214,3.7167,0.7169,0.7486,0.013
1	Round_2_Replicate_11	-20494.77	41005.54	154235210.94	2290.96	19.8,0.0927,0.1121,3.6566,1.1303,19.8,4.1735,0.9895
1	Round_3_Replicate_9	-5687.96	11391.92	10893.86	352.41	16.9916,0.1135,6.4732,4.7529,1.4369,0.2924,2.1522,0.119
1	Round_4_Replicate_18	-2973.4	5962.8	12351.96	382.84	0.0353,0.6092,1.3857,4.6669,3.0392,0.2511,2.6737,0.0069
1	Round_4_Replicate_2	-2948.15	5912.3	2274.23	710.05	8.404,0.161,5.2833,1.4798,6.9701,0.6053,0.7838,0.0204
1	Round_3_Replicate_10	-5092.57	10201.14	5595.59	334.09	9.1304,0.195,0.8428,8.1591,2.9261,0.574,2.577,0.2773
1	Round_5_Replicate_2	-3433.81	6883.62	240353.72	898.45	6.7203,0.2601,1.6154,1.0303,0.0071,4.4695,0.2241,0.0023
1	Round_5_Replicate_2	-2828.92	5673.84	3413.52	217.24	0.1307,1.3154,3.111,6.9037,1.099,0.1738,5.7373,0.0003
1	Round_4_Replicate_10	-3057.84	6131.68	1786.16	786.89	0.0096,0.2692,0.595,2.7828,4.6035,0.5978,0.6905,0.0126
1	Round_4_Replicate_19	-3293.16	6602.32	2181.33	450.91	0.118,0.3394,0.8445,5.2658,2.157,0.1883,1.734,0.0079
1	Round_3_Replicate_11	-4757.17	9530.34	87201.02	467.23	2.6252,0.1673,0.8208,10.1481,10.5123,1.0543,0.7698,0.1582
1	Round_4_Replicate_3	-2998.45	6012.9	4464.29	574.71	10.7069,0.1964,6.9911,2.0837,5.0389,0.9972,0.858,0.0246
1	Round_3_Replicate_12	-5503.07	11022.14	2249289427.57	683.31	7.6235,0.705,1.1961,1.9203,7.5539,0.2424,0.6916,0.1123
1	Round_4_Replicate_20	-2945.16	5906.32	1284.51	539.56	0.0753,0.539,2.1138,2.9052,2.0831,0.2198,1.1234,0.0059
1	Round_4_Replicate_4	-3572.08	7160.16	2588.57	922.56	9.7661,0.1903,6.411,0.6982,6.7247,0.6227,1.0333,0.04
1	Round_3_Replicate_13	-3397.32	6810.64	2964.39	544.42	9.2042,0.4997,0.9203,2.7946,2.8482,0.1351,1.7155,0.0661
1	Round_2_Replicate_9	-5351.48	10718.96	8086.41	3419.08	0.0161,0.208,0.051,0.2027,0.192,8.4146,9.0785,0.1751
1	Round_5_Replicate_2	-3421.08	6858.16	143608.45	990.58	2.3778,0.2579,2.8188,0.7525,0.2469,4.7728,0.1881,0.0001
1	Round_4_Replicate_11	-3415.54	6847.08	65137.5	782.85	0.0094,0.6095,0.5242,1.4683,4.6351,0.6421,2.4294,0.0122
1	Round_4_Replicate_5	-3125.52	6267.04	46034.79	520.57	10.3257,0.1144,14.3262,1.9912,10.9496,2.1356,1.7559,0.0105
1	Round_3_Replicate_14	-3573.53	7163.06	217679.96	544.42	3.2611,0.1963,0.4871,4.1208,11.9318,0.0908,2.2278,0.0383
1	Round_2_Replicate_12	-11257.59	22531.18	37752.68	1541.29	9.4888,0.5587,0.0098,0.1523,3.3685,9.2901,4.6049,0.6378
1	Round_3_Replicate_15	-4073.92	8163.84	2489519.21	655.08	18.722,0.3499,3.5248,1.4832,7.7309,1.0208,1.0336,0.1048
1	Round_4_Replicate_12	-3427.39	6870.78	2300.04	1126.65	0.0132,0.4916,0.4138,0.9307,4.0367,0.6486,0.9498,0.0208
1	Round_4_Replicate_6	-3226.19	6468.38	1816.78	831.55	13.9687,0.1537,11.5243,0.7968,6.526,0.6605,1.0481,0.0149
1	Round_5_Replicate_2	-3032.69	6081.38	13853.92	499.93	1.0021,0.8514,19.3435,1.5338,0.9748,1.3981,1.9607,0.0031
1	Round_4_Replicate_1	-3225.36	6466.72	154134.55	318.38	16.2046,0.5874,5.6375,4.4979,2.5267,0.7216,2.1053,0.0402
1	Round_2_Replicate_10	-10866.64	21749.28	5081009542.58	1269.63	0.029,0.3788,0.0925,2.2748,0.6903,8.8882,3.5637,0.7271
1	Round_4_Replicate_2	-3632.81	7281.62	3191699.1	262.11	17.836,0.9006,3.3734,7.3368,2.0473,0.5706,2.1296,0.0226
1	Round_5_Replicate_3	-3399.93	6815.86	388591.01	816.31	14.8134,0.3043,0.8918,1.1359,0.0209,4.752,0.3573,0.0021
1	Round_4_Replicate_13	-3050.32	6116.64	1646.95	783.46	0.0151,0.3186,0.5082,2.0144,2.5794,0.885,1.6802,0.0121
1	Round_4_Replicate_3	-3305.22	6626.44	6149.6	240.25	17.0957,0.4813,2.5595,8.8398,2.1211,0.4212,3.3436,0.0499
1	Round_4_Replicate_7	-3299.22	6614.44	8070.35	729.13	17.4168,0.0783,3.4301,1.4565,14.8131,2.3589,1.7382,0.0285
1	Round_4_Replicate_4	-2978.54	5973.08	4094.33	221.81	9.4722,1.34,3.1372,5.424,0.7234,0.3947,5.303,0.0439
1	Round_2_Replicate_11	-6819.56	13655.12	319250050.7	3344.73	0.0148,0.181,0.0604,0.5224,0.0652,19.8,2.3124,0.4202
1	Round_5_Replicate_3	-2837.63	5691.26	2254.24	431.58	0.0618,0.708,1.6629,3.1638,1.6828,0.499,3.0019,0.0011
1	Round_4_Replicate_8	-3171.44	6358.88	1721.43	785.07	5.6729,0.2002,16.1758,0.7857,4.8102,0.8021,0.9376,0.0167
1	Round_4_Replicate_14	-3001.76	6019.52	3360.1	598.53	0.0136,0.3212,0.913,2.8573,4.6937,0.4947,1.7523,0.0325
1	Round_4_Replicate_5	-3257.9	6531.8	12513.61	224.55	9.5363,0.4317,3.3976,7.3572,1.615,0.7609,6.5013,0.0224
1	Round_5_Replicate_3	-3446.38	6908.76	140064.62	940.41	1.9923,0.2622,1.3568,1.3028,0.0794,3.7431,0.167,0.0001
1	Round_2_Replicate_13	-18681.06	37378.12	397045.43	3116.0	19.8,0.0202,0.0236,4.3751,0.5157,19.5475,2.9741,0.7987
1	Round_4_Replicate_6	-2915.91	5847.82	41369.62	265.77	10.3019,0.8002,3.8975,4.9637,1.774,0.4798,4.0386,0.0144
1	Round_4_Replicate_15	-2907.35	5830.7	1695.31	922.97	0.0283,0.2624,0.4266,1.6339,4.7473,0.8646,1.326,0.0087
1	Round_5_Replicate_1	-2791.78	5599.56	2339.91	359.02	0.1245,0.6955,4.6933,3.4909,1.7973,0.3544,3.1054,0.0016
1	Round_2_Replicate_14	-10472.57	20961.14	3590650.56	921.32	19.8,0.764,0.0531,0.1879,1.1193,19.8,0.2531,0.5974
1	Round_4_Replicate_7	-3247.91	6511.82	8003.73	317.77	7.3241,0.5861,5.1859,4.2011,0.7613,0.9,3.1316,0.02
1	Round_4_Replicate_9	-3532.55	7081.1	9052.48	930.05	18.1669,0.109,6.7604,0.7505,14.0693,1.9835,1.5216,0.0109
1	Round_4_Replicate_8	-3087.6	6191.2	1820.1	238.26	15.6551,0.4216,4.9583,6.3405,1.8576,0.3185,4.9313,0.0409
1	Round_4_Replicate_16	-2916.36	5848.72	1840.95	648.69	0.0303,0.3878,0.3475,2.7298,2.9505,0.583,2.176,0.0094
1	Round_4_Replicate_10	-2998.74	6013.48	1751.47	618.64	8.3589,0.2093,13.2091,1.3239,5.0515,0.7305,1.2847,0.0304
1	Round_5_Replicate_3	-2917.8	5851.6	5415.83	621.27	0.9571,0.512,2.4469,1.8445,1.8122,1.2144,0.9628,0.0124
1	Round_4_Replicate_9	-3578.59	7173.18	16539983.0	173.38	7.6524,1.1503,2.9699,10.5665,1.8425,0.5922,5.6323,0.0319
1	Round_5_Replicate_4	-3478.45	6972.9	67936.8	844.92	8.9792,0.2699,1.6056,1.3341,0.0197,2.8435,0.209,0.0027
1	Round_4_Replicate_10	-3373.25	6762.5	7563.4	233.45	6.3738,0.5252,5.6055,8.1943,1.3972,0.574,3.2484,0.0348
1	Round_4_Replicate_17	-2972.96	5961.92	3761.68	770.53	0.008,0.4019,0.7533,2.1568,3.3218,0.9862,1.0489,0.0131
1	Round_4_Replicate_11	-3191.84	6399.68	25723.89	666.66	5.8543,0.1846,5.2829,1.3229,8.3321,1.6077,1.9389,0.0118
1	Round_4_Replicate_11	-3139.34	6294.68	2973.79	169.78	17.9658,0.3977,5.063,10.3568,2.2298,0.3016,7.3546,0.0258
1	Round_5_Replicate_4	-3240.42	6496.84	4884.57	589.43	0.3283,1.2009,1.6199,2.5852,0.8253,0.9541,0.5941,0.0002
1	Round_4_Replicate_12	-3121.11	6258.22	2864.42	755.72	8.3817,0.0777,14.8559,1.076,13.395,1.6955,0.97,0.0183
1	Round_2_Replicate_12	-6314.55	12645.1	12136.95	1708.85	0.0114,0.3384,0.3614,0.3499,0.2627,1.622,9.2856,0.055
1	Round_4_Replicate_12	-3487.16	6990.32	2631.64	176.4	6.5003,0.3962,8.0571,9.1604,1.3869,0.2363,6.8227,0.0506
1	Round_4_Replicate_18	-3061.98	6139.96	1496.68	564.01	0.0112,0.4458,0.4683,3.3068,2.3528,0.313,2.1798,0.0285
1	Round_5_Replicate_2	-2787.1	5590.2	2233.73	484.89	0.2624,0.4425,4.8223,2.5014,2.7784,0.4575,1.6946,0.001
1	Round_5_Replicate_4	-3506.74	7029.48	20100.06	952.38	3.9202,0.1887,2.344,1.1416,0.0102,2.0055,0.1305,0.0001
1	Round_2_Replicate_15	-18001.48	36018.96	10104391500.49	1767.94	19.9856,0.1446,0.1035,3.1066,0.9718,19.0747,3.4088,0.9896
1	Round_4_Replicate_13	-3717.3	7450.6	15496285.08	161.55	8.2029,1.2307,7.0192,9.917,2.4042,0.2382,5.9011,0.0266
1	Round_4_Replicate_19	-2972.63	5961.26	2535.38	963.35	0.0197,0.3038,0.3292,1.4394,5.2146,0.699,1.8923,0.0187
1	Round_3_Replicate_1	-6460.33	12936.66	16088.19	1469.68	6.58,0.0407,0.0905,2.4442,5.607,7.9201,3.527,0.1177
1	Round_5_Replicate_4	-3168.67	6353.34	15442.93	875.35	1.1006,0.4907,0.6031,1.1315,0.9151,3.0163,0.6053,0.0005
1	Round_4_Replicate_14	-3274.15	6564.3	1995809.4	188.64	6.0079,0.9093,7.8985,6.4832,2.1845,0.6259,7.7544,0.026
1	Round_5_Replicate_5	-3410.69	6837.38	224721.29	748.64	18.3678,0.3451,1.9934,1.1117,0.037,4.0884,0.4484,0.0016
1	Round_4_Replicate_13	-3729.24	7474.48	2690.94	1126.79	5.8399,0.0762,4.2979,0.7062,15.8224,0.9245,2.6311,0.0131
1	Round_4_Replicate_20	-3439.06	6894.12	34295.97	790.08	0.0132,0.8181,0.7318,1.7697,4.462,0.412,0.691,0.0105
1	Round_4_Replicate_15	-3560.25	7136.5	2453730.98	246.52	16.4052,1.4119,2.2467,5.5402,1.989,0.2739,4.5924,0.0192
1	Round_4_Replicate_16	-4010.79	8037.58	443492156.87	201.05	7.1129,1.0659,5.3754,7.7926,2.6183,0.8957,4.4201,0.043
1	Round_4_Replicate_14	-3405.22	6826.44	2126.42	762.51	10.4584,0.1827,4.8785,1.0529,6.5845,0.6008,2.7117,0.0107
1	Round_4_Replicate_17	-4233.41	8482.82	40666333.65	215.67	16.8116,1.1619,2.446,10.8696,1.7993,0.6648,2.5323,0.0581
1	Round_5_Replicate_5	-3043.92	6103.84	40762.51	163.84	0.9097,1.2269,1.0888,9.6702,1.6601,0.1041,15.7525,0.0007
1	Round_4_Replicate_18	-3004.4	6024.8	53989.06	272.99	7.7039,0.5699,4.225,5.2239,2.344,0.6561,3.9367,0.0283
1	Round_4_Replicate_15	-2975.1	5966.2	2445.04	516.45	7.5897,0.1674,5.129,2.2665,6.0284,0.8327,2.0075,0.019
1	Round_5_Replicate_5	-3471.27	6958.54	83901.58	1051.39	1.2441,0.1979,1.8884,0.9087,0.1151,3.8979,0.1072,0.002
1	Round_5_Replicate_3	-2804.36	5624.72	1919.64	404.39	0.1693,0.5792,2.0778,3.4379,2.1068,0.3658,2.9962,0.0002
1	Round_4_Replicate_19	-2923.64	5863.28	1851.55	289.03	14.9708,0.42,2.7133,5.1229,2.6622,0.2206,5.1002,0.0227
1	Round_4_Replicate_16	-3895.99	7807.98	2939.8	1049.26	7.0922,0.1361,4.3595,0.6872,6.9702,0.6411,2.8075,0.029
1	Round_2_Replicate_13	-7406.8	14829.6	25935.37	1060.74	0.0231,0.3169,0.1237,0.85,0.0652,1.004,18.6563,0.0579
1	Round_4_Replicate_20	-3678.22	7372.44	3639.68	177.59	17.9862,0.556,3.47,10.3014,0.7147,0.3785,6.4941,0.0344
1	Round_5_Replicate_5	-2801.41	5618.82	2044.55	479.81	0.9093,0.4121,7.4911,2.2516,2.5563,0.5644,1.6623,0.0019
1	Round_5_Replicate_6	-3507.19	7030.38	49368.44	848.73	19.2966,0.1845,0.9292,1.9855,0.001,2.7077,0.1818,0.0002
1	Round_4_Replicate_17	-3111.82	6239.64	51711.36	586.87	16.396,0.1336,9.3944,1.9901,10.1487,1.6889,0.8408,0.0155
1	Round_3_Replicate_2	-4986.87	9989.74	6702.55	2073.75	3.5824,0.0403,0.3802,0.9986,8.9633,7.4456,12.9014,0.1682
1	Round_5_Replicate_6	-3103.54	6223.08	13625.59	520.19	0.5266,0.9024,1.8471,2.9089,0.8991,1.0378,0.978,0.0001
1	Round_4_Replicate_18	-3318.01	6652.02	13806.65	660.62	5.5321,0.0806,3.8692,1.6401,15.612,2.1892,2.4064,0.015
1	Round_5_Replicate_6	-3464.35	6944.7	163078.73	1021.36	2.2599,0.2017,1.9881,0.8802,0.0086,4.5105,0.1301,0.0001
1	Round_5_Replicate_4	-2842.49	5700.98	1694.14	428.17	0.079,0.7736,3.1844,2.9603,1.6843,0.3694,2.2436,0.007
1	Round_5_Replicate_6	-3144.95	6305.9	4894.05	565.34	2.0964,0.7276,17.1157,1.1663,0.8508,1.6539,1.7055,0.0007
1	Round_5_Replicate_7	-3594.73	7205.46	32745.32	1108.66	5.0695,0.0727,0.6606,1.9989,0.0162,1.1455,0.0567,0.0015
1	Round_3_Replicate_3	-5873.34	11762.68	229988267.46	1766.57	14.0492,0.0881,0.1146,3.2874,4.9662,14.6892,5.8281,0.0264
1	Round_5_Replicate_1	-2803.86	5623.72	3510.85	286.85	6.436,0.825,2.8937,4.4111,1.2638,0.4116,4.1295,0.0014
1	Round_4_Replicate_19	-3309.76	6635.52	23707.82	576.37	14.6168,0.139,15.5003,1.3999,8.6919,2.2751,2.627,0.0113
1	Round_2_Replicate_14	-11341.29	22698.58	135734.94	620.88	0.0099,0.122,0.0222,5.3827,0.1295,1.6532,6.5069,0.2144
1	Round_5_Replicate_1	-2846.56	5709.12	1561.88	1321.65	0.0061,0.1894,0.1821,1.1421,6.5929,1.07,1.4758,0.0007
1	Round_2_Replicate_15	-22220.38	44456.76	330197.69	1716.71	0.1425,0.4747,0.0585,0.3749,2.1192,2.7829,0.7681,0.9898
1	Round_4_Replicate_20	-3650.4	7316.8	2674.42	826.01	12.2144,0.0965,7.9782,0.8839,7.979,1.5935,2.3042,0.0154
1	Round_3_Replicate_4	-4365.88	8747.76	1310848300.45	420.36	6.1134,0.1863,0.9753,7.4167,9.7296,5.7653,5.0576,0.0297
1	Round_5_Replicate_7	-2901.51	5819.02	9749.97	139.38	0.7483,1.2201,1.0005,12.1263,1.2477,0.1249,17.8526,0.0001
1	Round_3_Replicate_1	-3660.68	7337.36	312125996.9	1002.55	0.1053,0.603,0.5571,1.2376,1.1657,5.6794,4.7362,0.0171
1	Round_3_Replicate_2	-3748.87	7513.74	9860143.25	767.73	0.1261,0.8879,0.1663,1.6374,0.396,3.4432,4.3843,0.0457
1	Round_5_Replicate_7	-3459.17	6934.34	127742.29	954.7	2.3098,0.2679,6.4518,0.7188,0.1583,3.9151,0.1715,0.0019
1	Round_3_Replicate_3	-3663.29	7342.58	9638.13	851.6	0.0788,1.1901,0.2216,1.1547,1.801,1.5715,1.199,0.0264
1	Round_3_Replicate_5	-4412.21	8840.42	3621857890.31	1300.11	7.6675,0.1947,0.2197,1.6808,2.3666,11.4462,3.7423,0.018
1	Round_5_Replicate_8	-3533.27	7082.54	14870.16	1037.0	13.6398,0.0948,1.0133,1.3591,0.0274,2.2323,0.0962,0.0039
1	Round_5_Replicate_7	-2973.81	5963.62	6960.78	705.8	0.5247,0.5593,4.3328,1.2057,1.7682,1.6394,1.0041,0.0007
1	Round_5_Replicate_2	-2801.68	5619.36	2750.05	271.25	3.7746,0.8206,4.5854,4.5945,1.2652,0.3458,4.2592,0.003
1	Round_5_Replicate_5	-2796.43	5608.86	2023.19	316.88	0.1148,0.7857,3.2269,4.3306,1.6249,0.2624,3.8391,0.0005
1	Round_3_Replicate_4	-4130.86	8277.72	702181.09	1147.24	0.0681,0.7111,0.0398,0.5785,1.7987,5.7811,5.7262,0.0947
1	Round_5_Replicate_1	-2825.39	5666.78	2661.63	676.53	0.6225,0.3302,2.3374,1.8083,3.3779,0.8888,0.8947,0.0003
1	Round_3_Replicate_5	-3988.97	7993.94	7542.99	915.79	0.1691,1.3979,0.3415,0.8076,0.4662,3.1079,0.9989,0.0386
1	Round_5_Replicate_8	-3015.97	6047.94	4467.99	542.25	0.39,1.0166,2.1239,2.2008,1.0895,0.8812,1.0847,0.0002
1	Round_5_Replicate_2	-2912.7	5841.4	2581.39	1126.02	0.0178,0.226,0.3303,1.3172,5.666,1.3682,1.0756,0.0021
1	Round_3_Replicate_6	-3910.28	7836.56	4144.28	635.83	0.2323,0.6067,0.3258,5.1397,0.9072,0.9262,0.623,0.0625
1	Round_3_Replicate_7	-5936.75	11889.5	7750.65	1062.03	0.0809,1.311,0.1304,0.5155,0.848,0.6899,1.0562,0.0155
1	Round_3_Replicate_8	-6792.67	13601.34	16208.61	1471.74	0.034,0.2533,0.079,0.5504,0.4914,0.5212,2.1592,0.007
1	Round_5_Replicate_8	-3347.58	6711.16	267367.72	857.31	5.2391,0.3606,1.9798,0.9295,0.3414,4.3289,0.3125,0.0001
1	Round_3_Replicate_9	-5358.59	10733.18	9125.82	1188.6	0.1376,0.3752,0.11,1.0124,0.5122,0.8295,0.897,0.0568
1	Round_5_Replicate_8	-2841.4	5698.8	7025.26	440.28	2.4343,0.6777,1.6012,2.9776,1.7193,0.6945,1.9862,0.0001
1	Round_5_Replicate_9	-3420.43	6856.86	354153.06	859.22	5.8582,0.3082,0.8059,1.2956,0.0031,4.4519,0.2818,0.0006
1	Round_5_Replicate_3	-2819.85	5655.7	4637.15	275.47	4.4124,0.9055,2.6628,4.6731,1.0553,0.4648,4.3907,0.0012
1	Round_3_Replicate_10	-4880.44	9776.88	425093867.49	602.08	0.2049,2.3766,0.0755,0.9184,1.1436,5.0342,3.163,0.0377
1	Round_5_Replicate_6	-2800.64	5617.28	1969.35	414.37	0.0495,0.6719,9.9017,2.6492,1.8915,0.3835,2.1575,0.0007
1	Round_3_Replicate_11	-3809.57	7635.14	1699063.06	1126.28	0.0821,0.8251,0.2161,0.8742,0.1756,4.9599,2.5276,0.0089
1	Round_3_Replicate_12	-3614.35	7244.7	54011.41	662.75	0.2219,0.8115,0.282,3.9766,0.9029,1.5986,0.6688,0.0513
1	Round_5_Replicate_2	-2831.89	5679.78	2344.05	492.37	12.8266,0.2876,15.3761,1.8485,3.5982,0.5722,1.5161,0.0001
1	Round_3_Replicate_13	-4795.29	9606.58	5312.45	733.41	0.1476,1.2263,0.6018,0.585,0.9754,1.5598,6.9645,0.0094
1	Round_5_Replicate_9	-3144.32	6304.64	7730.23	464.52	0.2962,1.5128,2.4851,2.887,1.0181,0.636,1.0543,0.0001
1	Round_3_Replicate_14	-5024.59	10065.18	41458642.54	1022.56	0.0466,0.4803,0.0695,2.8318,0.461,4.1341,1.1504,0.0401
1	Round_5_Replicate_3	-2841.47	5698.94	1950.25	632.78	0.2007,0.3881,0.8431,2.2796,3.0811,0.6617,1.7482,0.0002
1	Round_3_Replicate_15	-3735.01	7486.02	4143630.9	844.3	0.0969,1.0679,0.5159,1.0681,0.6849,3.9538,3.2423,0.0521
1	Round_3_Replicate_6	-6317.83	12651.66	57257476.83	2981.31	2.7547,0.0979,0.0922,1.0286,2.1474,18.722,11.4449,0.2737
1	Round_5_Replicate_9	-3433.01	6882.02	295272.88	885.84	13.167,0.2542,1.1339,0.9406,0.1141,5.3467,0.3011,0.0135
1	Round_5_Replicate_10	-3483.1	6982.2	82576.82	986.11	19.8941,0.1167,1.1888,1.2011,0.019,4.0964,0.1252,0.0055
1	Round_5_Replicate_9	-3203.04	6422.08	13591.49	633.51	1.0171,1.076,1.1854,1.6785,0.9483,1.4668,0.6664,0.0001
1	Round_4_Replicate_1	-4027.66	8071.32	3219.73	857.79	0.0625,1.4243,0.2222,0.8289,0.652,1.6563,1.8035,0.0124
1	Round_5_Replicate_4	-2789.98	5595.96	2288.03	199.67	1.144,1.0377,7.1511,6.3518,1.1527,0.1759,6.6881,0.0001
1	Round_4_Replicate_2	-4394.27	8804.54	5340.43	1208.72	0.0581,0.4949,0.0923,0.9155,0.4683,1.6106,1.4438,0.0365
1	Round_4_Replicate_3	-3728.75	7473.5	4874.36	637.32	0.0872,0.8237,0.1613,2.7146,0.4752,1.1724,1.9512,0.0251
1	Round_5_Replicate_7	-2790.61	5597.22	1919.89	429.55	0.4703,0.4067,5.661,2.8384,3.0387,0.2931,2.1692,0.0013
1	Round_4_Replicate_4	-3338.73	6693.46	2539.45	764.42	0.0582,1.0296,0.1347,1.2986,1.1318,1.3429,2.6325,0.0144
1	Round_5_Replicate_3	-2856.32	5728.64	3598.47	719.89	3.2036,0.2143,4.2957,1.4468,4.608,1.1929,0.6815,0.0001
1	Round_5_Replicate_10	-3266.31	6548.62	2396.86	1028.31	0.1262,0.6066,1.0353,1.3272,1.6057,0.4581,0.097,0.0001
1	Round_4_Replicate_5	-3879.88	7775.76	13239955.56	747.68	0.0428,1.1925,0.2427,2.6203,0.8597,2.4559,1.0053,0.025
1	Round_4_Replicate_6	-3418.14	6852.28	2120.7	956.74	0.0485,0.8037,0.2025,1.1928,1.2958,1.2962,1.141,0.0174
1	Round_5_Replicate_10	-3491.09	6998.18	24701.47	1064.26	1.6335,0.1468,3.9137,0.7234,0.2771,2.0669,0.0852,0.0001
1	Round_4_Replicate_7	-3796.53	7609.06	11593.65	799.89	0.0541,0.5751,0.2135,2.0051,0.5805,1.793,2.195,0.0271
1	Round_5_Replicate_5	-2826.55	5669.1	5916.13	324.57	4.1053,0.8703,2.1955,3.9059,1.1726,0.557,3.2959,0.0027
1	Round_5_Replicate_10	-2824.57	5665.14	2645.89	596.85	1.7828,0.3244,6.7403,1.7239,3.4722,0.6589,0.9454,0.0006
1	Round_5_Replicate_4	-2892.11	5800.22	1872.75	1368.02	0.0441,0.1334,0.2952,0.9892,9.6911,1.1887,1.4854,0.0001
1	Round_4_Replicate_8	-3827.84	7671.68	12710.63	880.87	0.0552,0.7223,0.1067,2.1494,0.554,1.9402,1.0786,0.0132
1	Round_4_Replicate_9	-3776.62	7569.24	2251921.46	813.23	0.0567,1.0425,0.2739,1.8083,0.5856,2.7126,1.5046,0.0262
1	Round_5_Replicate_8	-2783.6	5583.2	2117.17	357.2	0.2147,0.5657,6.1961,3.4459,2.2182,0.2845,2.9486,0.0013
1	Round_4_Replicate_10	-3617.32	7250.64	2936.42	1063.82	0.0634,0.6141,0.2261,1.0459,0.7369,1.8231,1.2828,0.0101
1	Round_4_Replicate_11	-3407.14	6830.28	318104.13	703.83	0.0822,1.239,0.1147,1.5344,1.1291,2.1686,2.5795,0.0187
1	Round_5_Replicate_4	-2836.4	5688.8	1402.53	710.33	0.2231,0.2147,9.8023,1.3036,5.6747,0.3454,0.7167,0.0002
1	Round_4_Replicate_12	-4565.96	9147.92	8637866.29	840.6	0.0371,0.861,0.1458,2.5986,0.3545,2.8358,1.2074,0.0368
1	Round_4_Replicate_13	-3613.46	7242.92	9202.21	753.54	0.1236,1.4358,0.1753,1.7488,0.4934,1.9375,1.0131,0.0094
1	Round_4_Replicate_14	-3629.97	7275.94	11514.97	1062.89	0.0621,0.6196,0.2196,1.0672,0.5944,2.8053,2.3019,0.0427
1	Round_5_Replicate_5	-2869.44	5754.88	3988.66	773.78	0.6061,0.2118,1.8452,1.5694,5.2935,1.2769,0.8952,0.0003
1	Round_4_Replicate_15	-3479.93	6975.86	3985607.67	640.67	0.0436,1.063,0.0908,2.3473,1.0524,2.1154,3.0316,0.0359
1	Round_5_Replicate_6	-2806.71	5629.42	2291.58	428.96	14.1679,0.406,3.0882,2.9268,2.5756,0.4652,2.239,0.0009
1	Round_4_Replicate_16	-4670.93	9357.86	5641.26	984.07	0.075,0.6655,0.1527,0.8082,0.4382,0.9585,2.6024,0.0148
1	Round_5_Replicate_9	-2814.7	5645.4	2468.58	395.44	0.3388,0.7156,2.086,3.4998,1.6971,0.4169,2.6589,0.0004
1	Round_4_Replicate_17	-3420.9	6857.8	1211208.12	766.32	0.0522,0.9049,0.2056,1.6836,0.7461,2.634,3.0593,0.0163
1	Round_5_Replicate_5	-2837.47	5690.94	1786.54	501.37	15.4593,0.3291,3.9175,2.4647,3.0803,0.3661,1.4551,0.0009
1	Round_4_Replicate_18	-3538.31	7092.62	3670.74	1212.91	0.0602,0.528,0.3038,0.9189,0.8344,2.6188,1.1358,0.0109
1	Round_4_Replicate_19	-4109.76	8235.52	3446.43	844.46	0.0544,1.2522,0.2832,0.8938,0.6275,1.2252,1.8401,0.0228
1	Round_4_Replicate_20	-4045.83	8107.66	3533.68	947.99	0.0987,0.9469,0.2404,0.8366,0.5393,1.4807,1.6066,0.0157
1	Round_3_Replicate_7	-5190.31	10396.62	21909650.28	2964.75	19.9856,0.0582,0.0886,1.2227,7.6707,19.0747,12.0658,0.0308
1	Round_5_Replicate_7	-2795.63	5607.26	2466.77	322.14	6.447,0.5885,4.5758,3.8672,1.8666,0.3342,3.3728,0.0012
1	Round_5_Replicate_6	-2872.81	5761.62	1635.41	839.45	0.0033,0.27,0.8715,1.8183,5.3547,0.6064,0.9423,0.0001
1	Round_5_Replicate_6	-2877.76	5771.52	1874.99	649.98	5.6055,0.15,12.7618,1.4279,7.6717,0.2745,1.0035,0.0001
1	Round_5_Replicate_10	-2785.31	5586.62	2101.67	310.03	0.0739,0.738,6.8225,4.0063,1.7884,0.238,3.6438,0.0031
1	Round_3_Replicate_8	-5253.17	10522.34	64908072032.0	914.4	13.1906,0.117,0.0689,5.3564,17.2578,14.5521,6.5777,0.0472
1	Round_5_Replicate_8	-2790.28	5596.56	2553.18	249.9	1.1079,0.8336,7.5558,4.8994,1.4234,0.237,4.7457,0.0017
1	Round_5_Replicate_7	-2842.05	5700.1	2005.04	648.12	3.207,0.2078,5.4782,1.7281,5.2528,0.4847,0.8403,0.0001
1	Round_5_Replicate_7	-2995.94	6007.88	2232.17	1171.2	0.0061,0.2193,0.8804,0.9784,6.0277,1.6078,0.817,0.0001
1	Round_5_Replicate_1	-3238.48	6492.96	24675.9	826.12	0.015,0.9039,6.0058,1.0028,1.6462,1.9931,1.9293,0.0001
1	Round_5_Replicate_9	-2813.26	5642.52	5240.13	216.27	7.2893,1.1269,4.2546,5.4536,1.0207,0.3331,6.4469,0.0002
1	Round_5_Replicate_8	-3005.42	6026.84	1817.56	745.48	3.1882,0.1342,19.8814,0.9657,8.7367,0.5211,1.0521,0.0008
1	Round_5_Replicate_8	-2838.9	5693.8	2862.23	766.52	0.0821,0.3174,0.3271,1.9184,3.8568,0.9025,2.549,0.0001
1	Round_5_Replicate_10	-2859.48	5734.96	1796.2	223.99	18.5051,0.9799,11.6289,4.7528,0.936,0.2503,4.7863,0.0097
1	Round_5_Replicate_9	-2821.68	5659.36	5350.19	582.33	3.1147,0.3112,4.5809,1.8654,3.409,1.0118,1.1424,0.0006
1	Round_5_Replicate_9	-2837.42	5690.84	2100.99	1049.16	0.0594,0.2369,0.2051,1.3708,5.2623,1.0533,2.1122,0.0006
1	Round_5_Replicate_2	-2978.28	5972.56	30077.78	419.54	0.2048,0.9124,0.0239,2.7476,0.9921,1.1591,18.4963,0.0001
1	Round_5_Replicate_10	-2837.67	5691.34	2228.35	660.6	1.7471,0.2327,4.1835,1.7905,4.7881,0.5839,0.7843,0.0001
1	Round_5_Replicate_3	-2843.6	5703.2	3992.74	564.42	16.7588,0.4472,0.1458,2.5056,2.2185,0.9653,3.617,0.0001
1	Round_3_Replicate_9	-6151.36	12318.72	1757904.39	2722.7	19.8,0.0432,0.7618,1.8449,12.8968,19.8,17.5499,0.1756
1	Round_5_Replicate_10	-2856.44	5728.88	1319.85	1369.69	0.0554,0.1376,0.2025,0.9956,8.5467,0.9036,2.2272,0.0001
1	Round_3_Replicate_10	-5405.8	10827.6	508421099088.69	599.67	12.9136,0.4301,1.031,4.0152,2.4989,7.6257,7.5397,0.1209
1	Round_5_Replicate_4	-2950.39	5916.78	68196.89	317.97	0.2718,1.2702,1.9268,3.8652,0.8896,0.8077,5.7184,0.0006
1	Round_3_Replicate_11	-5844.46	11704.92	68507146.19	2001.51	16.0617,0.0992,0.4448,2.0425,4.1731,14.6892,8.4627,0.1476
1	Round_3_Replicate_12	-4705.93	9427.86	3470400231.55	780.99	17.6749,0.1623,0.3236,4.5265,3.3329,10.1907,1.8471,0.0253
1	Round_3_Replicate_13	-6789.32	13594.64	33252.68	1452.61	17.4018,0.0621,0.4487,2.834,5.8161,8.4013,18.593,0.2617
1	Round_3_Replicate_14	-8293.19	16602.38	667646.77	1033.72	6.6578,0.0985,0.4133,7.4042,1.1956,7.0887,4.7646,0.0501
1	Round_3_Replicate_15	-6450.5	12917.0	5884617516.64	1649.47	18.8041,0.0933,0.3406,8.0015,7.7855,18.1421,7.2597,0.0524
1	Round_4_Replicate_1	-5124.2	10264.4	498512414549.98	389.04	4.7342,0.2274,1.0425,8.041,13.1209,7.1093,6.3603,0.0168
1	Round_4_Replicate_2	-4075.45	8166.9	938472980.75	448.15	7.5507,0.2448,0.4873,5.1395,9.15,3.8924,2.8332,0.0303
1	Round_5_Replicate_5	-2922.07	5860.14	5903.88	498.27	0.0014,0.906,0.5469,2.9301,1.7958,0.5864,3.5188,0.0003
1	Round_4_Replicate_3	-3990.33	7996.66	21121131.08	282.2	10.0768,0.1648,0.6713,13.1433,9.8575,3.4131,6.1673,0.0274
1	Round_4_Replicate_4	-3982.71	7981.42	222470824.52	506.16	4.387,0.2452,1.4041,3.9823,5.3934,4.8765,4.306,0.0343
1	Round_4_Replicate_5	-3483.3	6982.6	1220353.61	444.55	4.7397,0.1375,0.7044,4.8054,9.4385,3.0986,4.4188,0.0148
1	Round_4_Replicate_6	-4450.84	8917.68	3442937411.69	375.22	4.8149,0.233,1.6003,10.6948,7.0965,5.1518,3.7743,0.0225
1	Round_4_Replicate_7	-4486.86	8989.72	252203002.44	356.9	3.2408,0.1224,1.3012,13.743,15.6939,6.0714,8.3501,0.02
1	Round_4_Replicate_8	-4239.77	8495.54	174911788.01	392.3	4.5712,0.1921,1.2789,8.6144,8.203,4.751,3.4578,0.0536
1	Round_4_Replicate_9	-3845.29	7706.58	4341371.45	476.98	11.2706,0.1419,1.7637,3.9872,8.5923,4.543,6.6259,0.0276
1	Round_4_Replicate_10	-3768.19	7552.38	4869281.06	365.01	6.6541,0.1037,0.8718,8.2775,15.8657,4.0241,4.0376,0.0273
1	Round_4_Replicate_11	-3890.96	7797.92	5323394.5	378.89	4.0513,0.1196,1.0424,9.5798,12.2627,4.0359,2.8155,0.0315
1	Round_4_Replicate_12	-4168.06	8352.12	1070369779.78	430.85	10.2069,0.1878,0.7502,8.2832,8.211,5.45,2.6295,0.016
1	Round_4_Replicate_13	-4755.4	9526.8	25205646037.31	476.23	4.7578,0.192,0.6437,6.0242,12.5333,7.2027,5.5038,0.0349
1	Round_4_Replicate_14	-3587.99	7191.98	2469107.62	349.8	4.9998,0.1302,1.7165,5.276,12.7184,2.9431,6.72,0.0162
1	Round_4_Replicate_15	-3556.33	7128.66	1338100.77	423.13	9.1368,0.2208,0.5897,3.9556,5.8701,2.6806,9.736,0.0356
1	Round_4_Replicate_16	-4784.46	9584.92	37350332584.79	425.38	6.3107,0.2598,1.3865,7.8505,7.1973,6.2485,7.4365,0.0152
1	Round_4_Replicate_17	-3947.6	7911.2	6412134.88	446.51	6.202,0.1533,0.6485,7.1845,6.6765,4.2088,3.3777,0.0247
1	Round_4_Replicate_18	-4060.63	8137.26	88333004.05	383.55	11.9199,0.1921,0.6583,8.553,7.9062,4.2489,3.2459,0.0423
1	Round_5_Replicate_6	-3060.47	6136.94	66122.5	478.91	0.001,1.215,0.0682,2.3059,0.9655,1.2562,13.368,0.0005
1	Round_4_Replicate_19	-4247.2	8510.4	3677281.87	415.58	12.4464,0.0755,0.7882,12.3818,16.4196,6.2862,6.7149,0.0125
1	Round_5_Replicate_7	-2848.53	5713.06	11628.8	388.81	0.056,0.661,3.5735,3.3366,1.8694,0.6944,3.798,0.0001
1	Round_4_Replicate_20	-4288.09	8592.18	195322953.34	555.11	11.429,0.1482,0.9326,5.3865,8.288,7.0791,3.5161,0.0426
1	Round_5_Replicate_8	-3463.06	6942.12	2172.73	801.98	0.0397,0.9197,0.9657,1.0211,1.0537,1.1539,2.0215,0.0001
1	Round_5_Replicate_1	-2893.63	5803.26	1597.12	1332.16	1.7078,0.0913,0.2206,1.1089,11.9905,0.983,2.046,0.002
1	Round_5_Replicate_2	-2832.59	5681.18	1851.45	583.18	7.4553,0.3884,0.2958,2.4306,2.8558,0.6173,3.7116,0.0002
1	Round_5_Replicate_3	-2895.97	5807.94	4703.54	550.38	4.3858,0.261,0.4605,2.5066,4.6898,0.7972,5.6471,0.0001
1	Round_5_Replicate_4	-2943.71	5903.42	12973.51	675.46	5.1594,0.2248,0.7269,1.9123,4.8856,1.5928,2.2341,0.0001
1	Round_5_Replicate_5	-2866.67	5749.34	7830.0	639.87	10.8089,0.3375,0.415,2.1166,3.0683,1.3026,1.9321,0.0001
1	Round_5_Replicate_9	-2954.23	5924.46	23775.32	391.09	0.0014,1.1177,0.0363,3.0633,0.9508,0.913,19.9891,0.0008
1	Round_5_Replicate_6	-2854.39	5724.78	1495.81	1187.41	5.756,0.1328,0.1933,1.275,8.5154,0.6906,2.1136,0.0006
1	Round_5_Replicate_10	-3069.56	6155.12	68282.72	936.53	0.0461,0.5261,0.8959,1.0542,1.7078,2.9904,5.9684,0.0004
1	Round_5_Replicate_7	-3033.52	6083.04	3346.28	651.7	18.8192,0.083,0.8389,2.6074,13.9431,0.5197,2.3307,0.0005
1	Round_5_Replicate_8	-2910.56	5837.12	2475.13	585.62	17.3381,0.1792,0.5574,2.5716,7.1845,0.3081,5.075,0.0006
1	Round_5_Replicate_9	-2988.73	5993.46	3140.33	586.92	9.9106,0.1263,0.8657,2.5098,9.5107,0.5856,4.1533,0.0001
