Model	Replicate	log-likelihood	AIC	chi-squared	theta	optimized_params(nu1,nu2,T,m12,m21,m12i,m21i,P,p_misid)
Model	Replicate	log-likelihood	AIC	chi-squared	theta	optimized_params(nu1,nu2,T,m12,m21,m12i,m21i,P,p_misid)
Model	Replicate	log-likelihood	AIC	chi-squared	theta	optimized_params(nu1,nu2,T,m12,m21,m12i,m21i,P,p_misid)
Model	Replicate	log-likelihood	AIC	chi-squared	theta	optimized_params(nu1,nu2,T,m12,m21,m12i,m21i,P,p_misid)
Model	Replicate	log-likelihood	AIC	chi-squared	theta	optimized_params(nu1,nu2,T,m12,m21,m12i,m21i,P,p_misid)
Model	Replicate	log-likelihood	AIC	chi-squared	theta	optimized_params(nu1,nu2,T,m12,m21,m12i,m21i,P,p_misid)
Model	Replicate	log-likelihood	AIC	chi-squared	theta	optimized_params(nu1,nu2,T,m12,m21,m12i,m21i,P,p_misid)
Model	Replicate	log-likelihood	AIC	chi-squared	theta	optimized_params(nu1,nu2,T,m12,m21,m12i,m21i,P,p_misid)
Model	Replicate	log-likelihood	AIC	chi-squared	theta	optimized_params(nu1,nu2,T,m12,m21,m12i,m21i,P,p_misid)
Model	Replicate	log-likelihood	AIC	chi-squared	theta	optimized_params(nu1,nu2,T,m12,m21,m12i,m21i,P,p_misid)
1	Round_1_Replicate_1	-20107.57	40233.14	277337.03	1094.29	0.1718,2.0647,0.0946,0.9713,0.2663,0.069,10.1394,0.99,0.99
1	Round_1_Replicate_1	-24476.06	48970.12	724550616.32	942.31	1.5728,0.5367,0.116,1.6163,6.915,6.6275,0.4955,0.0967,0.9895
1	Round_1_Replicate_1	-31480.93	62979.86	5.661278731397488e+25	733.17	4.7967,6.8927,0.0667,5.1689,4.837,8.6639,0.5697,0.2268,0.9898
1	Round_1_Replicate_1	-26487.33	52992.66	766542.74	535.67	0.1985,3.7926,0.7566,0.6563,0.0796,0.0647,0.1605,0.5652,0.9898
1	Round_1_Replicate_1	-25533.72	51085.44	245819274518681.4	702.98	2.4363,3.6888,0.1017,0.0778,1.5873,0.2725,4.8383,0.0652,0.9898
1	Round_1_Replicate_1	-7047.06	14112.12	35450.87	605.58	2.4664,0.7333,1.0345,0.5764,4.8695,2.1092,0.5749,0.9898,0.1663
1	Round_1_Replicate_1	-8989.26	17996.52	807322022.85	149.33	5.2069,4.9229,13.7827,3.1005,4.5552,1.2525,0.2919,0.9898,0.5126
1	Round_1_Replicate_1	-25354.27	50726.54	140990947611.5	296.82	0.6565,7.934,4.8733,10.7139,0.2093,0.0693,7.7505,0.4416,0.9898
1	Round_1_Replicate_2	-8090.45	16198.9	2229955.52	998.45	0.3969,1.3384,0.3076,4.4296,2.7552,0.4059,6.563,0.9231,0.6231
1	Round_1_Replicate_2	-28381.06	56780.12	8.223460310094624e+16	600.17	4.4243,2.6625,0.1729,7.2874,1.6188,4.4965,0.9256,0.9898,0.9898
1	Round_1_Replicate_1	-27366.64	54751.28	5150518618008.22	298.75	3.4347,3.2987,13.0117,0.1417,2.6664,7.927,0.0658,0.9898,0.9898
1	Round_1_Replicate_2	-27264.53	54547.06	1159453.31	1102.18	1.8697,0.1988,0.0713,0.3494,0.2742,16.0042,4.9888,0.1133,0.9898
1	Round_1_Replicate_2	-13746.28	27510.56	54966.98	2297.08	0.1549,0.3568,0.4167,0.1629,14.6835,0.496,0.3272,0.3898,0.8653
1	Round_1_Replicate_2	-3698.68	7415.36	2353.53	1233.02	0.1023,0.8794,0.4425,9.7425,1.6183,8.8716,0.9123,0.9898,0.1077
1	Round_1_Replicate_2	-7946.89	15911.78	13367.01	679.71	0.0798,6.4945,1.8503,0.188,1.4244,12.9123,6.0871,0.9898,0.5642
1	Round_1_Replicate_2	-4338.31	8694.62	4036.99	828.45	0.5475,0.8302,13.3314,0.9002,0.9075,0.9418,1.5964,0.753,0.1063
1	Round_1_Replicate_2	-22702.66	45423.32	531928131.68	466.04	0.9302,11.2023,0.4887,0.0639,1.8205,0.213,3.7858,0.9898,0.9898
1	Round_1_Replicate_3	-7189.82	14397.64	125858284.6	642.38	2.8721,1.9293,0.1845,1.052,0.0752,0.9261,5.9968,0.327,0.3184
1	Round_1_Replicate_1	-3423.58	6865.16	6812.99	236.62	0.2383,13.3217,13.4087,6.0573,0.2506,0.0741,11.1212,0.5547,0.0645
1	Round_1_Replicate_3	-26564.34	53146.68	91843667.56	775.72	0.9604,3.0826,0.1335,0.1698,0.5779,11.6761,16.5883,0.9898,0.9898
1	Round_1_Replicate_2	-7269.53	14557.06	13578.91	294.29	5.5795,0.6602,3.2389,0.9897,0.0623,0.3087,1.3599,0.9898,0.0948
1	Round_1_Replicate_3	-20662.69	41343.38	266112.28	516.46	0.1398,13.0098,1.8033,0.2289,4.1511,1.3669,3.1134,0.9898,0.9898
1	Round_1_Replicate_3	-30006.28	60030.56	193054658.64	225.1	11.1172,2.7612,2.6884,0.8037,0.2663,3.7516,0.1454,0.3612,0.9898
1	Round_1_Replicate_3	-25080.55	50179.1	459458.49	275.72	0.1042,9.4099,1.8794,4.9708,0.3852,0.4738,0.2624,0.0925,0.9898
1	Round_1_Replicate_3	-15024.06	30066.12	87377.51	168.49	9.5866,0.2124,10.8847,2.1429,0.0748,0.0751,0.717,0.9898,0.0699
1	Round_1_Replicate_3	-8887.38	17792.76	573489.39	191.79	0.6876,10.9592,3.2326,4.6465,0.1,1.83,1.2229,0.1323,0.6205
1	Round_1_Replicate_3	-25125.98	50269.96	763369.52	744.5	1.622,0.2227,3.1115,0.1098,2.1999,0.1141,6.2432,0.9898,0.9898
1	Round_1_Replicate_4	-28243.26	56504.52	1308438.32	901.81	13.2008,0.1841,0.078,0.616,1.3998,0.2599,7.5565,0.6452,0.9898
1	Round_1_Replicate_4	-5147.17	10312.34	5395.94	1995.76	0.1396,0.3685,0.553,8.8086,0.359,0.1526,0.2447,0.2027,0.1334
1	Round_1_Replicate_3	-9272.43	18562.86	26151.27	3010.45	0.0896,0.2124,2.8714,2.6971,0.0653,0.1206,0.1017,0.12,0.2197
1	Round_1_Replicate_4	-31002.57	62023.14	1427876.98	1088.78	0.834,0.1739,1.5714,4.6169,2.7229,0.1186,0.3994,0.9898,0.9898
1	Round_1_Replicate_4	-29595.8	59209.6	6.680637161617089e+20	614.05	8.0113,4.6438,0.1099,0.1288,4.2716,0.8495,2.065,0.9898,0.9898
1	Round_1_Replicate_4	-33638.44	67294.88	8.183886787455882e+26	600.82	11.1283,13.6763,0.0964,10.0358,0.786,1.1253,0.1422,0.1471,0.9898
1	Round_1_Replicate_4	-28399.24	56816.48	796697.74	3399.64	0.1884,0.1439,14.354,0.1426,0.4709,3.2535,0.1978,0.9898,0.9898
1	Round_1_Replicate_4	-7857.62	15733.24	33428.36	262.97	10.5079,0.7187,4.4391,6.1275,7.8184,0.9339,1.1507,0.6236,0.0969
1	Round_1_Replicate_5	-29733.34	59484.68	1081314.3	2904.26	0.069,0.1695,0.6897,6.5514,0.1892,0.9227,0.0982,0.9898,0.9898
1	Round_1_Replicate_4	-24383.2	48784.4	516950.3	973.26	1.6676,0.4037,0.1064,0.3547,9.4765,0.8026,0.1772,0.2923,0.9898
1	Round_1_Replicate_5	-28230.71	56479.42	846697.28	1356.23	0.151,0.4351,3.2515,0.2508,0.0981,0.5209,3.6639,0.1667,0.9898
1	Round_1_Replicate_5	-25978.45	51974.9	12831550.03	1616.58	0.8102,0.2767,1.5624,3.0228,14.6946,8.6051,2.3933,0.9898,0.9898
1	Round_1_Replicate_5	-28790.31	57598.62	3.3814908362711936e+17	570.68	16.5722,3.638,0.1311,8.9846,6.385,0.0713,0.2619,0.9898,0.9898
1	Round_1_Replicate_2	-10200.13	20418.26	53990.79	661.88	0.1035,2.9196,14.7516,2.3934,0.0828,0.3436,1.2416,0.9898,0.3765
1	Round_1_Replicate_4	-23064.08	46146.16	314005.68	290.67	4.6217,0.0912,7.9164,0.1579,0.2454,0.0922,0.1152,0.9405,0.1352
1	Round_1_Replicate_6	-21409.67	42837.34	334393.19	899.6	0.1038,15.0846,0.0624,0.541,1.6107,10.9091,0.6211,0.0859,0.99
1	Round_1_Replicate_5	-14108.26	28234.52	46770.4	902.75	0.2898,1.2441,0.8263,4.7112,1.7556,0.2199,3.1728,0.1331,0.9093
1	Round_1_Replicate_5	-34091.93	68201.86	2373322.79	266.19	4.9258,0.5764,6.3698,7.5589,12.4484,0.0997,0.1415,0.9898,0.9898
1	Round_1_Replicate_6	-22002.23	44022.46	285162.37	774.48	0.9914,0.6657,2.7128,2.6281,2.1036,0.0769,1.6822,0.9897,0.9897
1	Round_1_Replicate_6	-21257.46	42532.92	214857.58	811.64	0.1979,13.9384,0.0742,0.1336,1.1247,10.068,0.7074,0.9898,0.9898
1	Round_1_Replicate_6	-26057.32	52132.64	1087900.19	1043.85	0.1218,1.2582,0.9543,0.1694,0.5022,0.0938,1.2761,0.9898,0.9898
1	Round_1_Replicate_3	-3745.32	7508.64	3413.31	983.79	0.4119,1.1375,0.1698,2.9475,1.798,2.585,0.6496,0.5795,0.1144
1	Round_1_Replicate_5	-8229.51	16477.02	24562.86	265.07	0.5473,9.5262,15.3913,0.3363,1.1493,0.0597,0.674,0.4324,0.403
1	Round_1_Replicate_5	-23905.97	47829.94	480937.22	2604.07	0.0629,0.1505,0.1616,3.9074,10.7775,0.2692,0.1852,0.99,0.99
1	Round_1_Replicate_7	-25225.74	50469.48	648015.56	886.96	2.1567,0.5939,0.1316,11.2871,9.2121,1.1671,0.1212,0.6241,0.9895
1	Round_1_Replicate_5	-8337.93	16693.86	15412.1	5039.55	0.1424,0.0883,8.8395,3.2211,6.4024,6.2406,2.2492,0.9898,0.3465
1	Round_1_Replicate_6	-5681.21	11380.42	7214.37	1589.14	0.1929,0.4412,0.5778,0.5755,0.7065,2.421,1.6215,0.99,0.2612
1	Round_1_Replicate_7	-24353.32	48724.64	391632.71	775.73	0.3302,1.3963,1.0462,2.6255,0.5746,0.4785,0.0656,0.99,0.9895
1	Round_1_Replicate_7	-27104.05	54226.1	2.5464073144240988e+16	499.88	3.2679,2.9081,0.3531,1.148,3.6475,0.0651,7.1555,0.9898,0.9898
1	Round_1_Replicate_4	-27535.96	55089.92	32347159376.11	313.45	3.7962,6.8796,0.732,5.484,11.2486,0.6554,0.9606,0.3814,0.9898
1	Round_1_Replicate_7	-29831.84	59681.68	1335611.29	282.31	7.3247,0.3303,2.4736,0.5895,1.852,0.0777,12.2647,0.9898,0.9898
1	Round_1_Replicate_6	-5038.15	10094.3	4881.11	215.66	0.5178,5.6627,11.2518,5.5808,0.3007,0.1431,0.1116,0.0787,0.312
1	Round_1_Replicate_6	-4295.47	8608.94	118009.54	293.73	1.1233,5.0338,14.2872,0.3741,1.123,1.1293,2.5496,0.1242,0.193
1	Round_1_Replicate_6	-14645.81	29309.62	57860.57	1029.18	0.3205,1.5107,0.0688,0.9888,2.2587,0.3529,0.7458,0.99,0.9143
1	Round_1_Replicate_8	-13507.96	27033.92	56962.65	760.66	14.8702,0.1023,0.1759,0.1019,0.9776,2.1812,3.6501,0.9898,0.3504
1	Round_1_Replicate_6	-26423.02	52864.04	4230045.23	142.9	9.5963,1.7734,14.3402,0.0978,1.7488,4.1298,0.3663,0.1342,0.9898
1	Round_1_Replicate_7	-19161.88	38341.76	304086.51	492.01	2.6702,1.2668,2.0188,0.1246,1.6048,2.4473,0.1587,0.99,0.9225
1	Round_1_Replicate_8	-29329.51	58677.02	503476200347297.94	413.6	7.6063,3.5605,0.394,2.4293,0.3101,13.123,2.9415,0.336,0.9898
1	Round_1_Replicate_8	-23841.41	47700.82	523156.85	1729.17	0.467,0.3141,0.5206,9.5274,0.1195,0.7497,1.499,0.0807,0.9898
1	Round_1_Replicate_8	-8537.06	17092.12	96504284533933.88	566.97	1.0655,2.1235,1.3995,0.0623,15.1158,11.1572,0.1001,0.9898,0.3021
1	Round_1_Replicate_9	-8984.01	17986.02	21498.82	3547.69	0.1373,0.1368,1.0537,0.3866,2.3867,2.7,0.1492,0.9898,0.1374
1	Round_1_Replicate_7	-18670.66	37359.32	179352.57	411.76	4.0173,1.5381,3.4128,6.6796,1.6665,0.5255,0.1104,0.0701,0.9055
1	Round_1_Replicate_7	-23847.54	47713.08	444903.11	1336.48	0.0955,0.7729,0.417,0.0815,0.1566,2.3578,4.9894,0.1731,0.9898
1	Round_1_Replicate_8	-25350.62	50719.24	475493.25	395.07	0.5749,2.4545,4.9771,13.6636,0.4216,0.1698,0.1244,0.9898,0.9898
1	Round_1_Replicate_9	-3847.85	7713.7	2592.66	2650.92	0.0969,0.3401,2.6545,12.5047,2.0704,0.0617,1.1255,0.0608,0.1021
1	Round_1_Replicate_9	-17036.64	34091.28	69868.9	339.9	1.201,6.6894,1.0478,1.0247,1.3903,0.2413,0.1027,0.0962,0.9374
1	Round_1_Replicate_9	-9877.43	19772.86	21485.02	935.65	1.9974,0.2734,1.833,11.6651,2.8233,2.5256,0.3516,0.9898,0.1064
1	Round_1_Replicate_8	-7331.36	14680.72	15367.91	1973.05	0.2913,0.1949,0.4696,8.4181,0.1533,0.1238,3.6957,0.9898,0.1772
1	Round_1_Replicate_10	-40783.28	81584.56	6661335.01	435.84	11.5344,0.1398,0.616,4.9702,8.3503,0.0786,0.1068,0.9755,0.9898
1	Round_1_Replicate_7	-4748.82	9515.64	5545.89	3136.1	0.1075,0.2982,11.7328,2.4275,5.9453,1.1666,2.8175,0.201,0.1453
1	Round_1_Replicate_7	-8539.49	17096.98	32777.56	211.7	10.7327,0.1607,9.6706,0.1921,13.3534,7.1827,0.4871,0.2911,0.09
1	Round_1_Replicate_8	-5819.77	11657.54	8231.74	635.41	1.5782,0.4604,5.8093,0.2924,0.1242,0.1764,4.5763,0.8511,0.1091
1	Round_1_Replicate_5	-22276.48	44570.96	2183337.91	288.98	0.3868,4.7749,8.2324,16.583,9.0314,8.9497,0.3808,0.7715,0.9898
1	Round_1_Replicate_10	-11469.21	22956.42	33232.47	2873.47	0.1681,0.0992,0.206,0.9193,0.1951,10.179,0.7778,0.9898,0.5056
1	Round_1_Replicate_10	-25714.25	51446.5	635875.49	259.65	4.2201,2.7797,12.0731,0.121,0.1446,2.2193,0.1604,0.9898,0.9898
1	Round_1_Replicate_10	-8748.93	17515.86	777525554358962.9	278.47	4.5402,4.5324,1.4507,2.9306,0.6369,0.0617,15.1787,0.1476,0.2543
1	Round_1_Replicate_9	-27962.09	55942.18	845835.65	1360.65	0.6587,0.3103,1.4561,2.2395,0.166,2.1522,0.9376,0.1068,0.9898
1	Round_1_Replicate_11	-32286.59	64591.18	1585337.42	3050.67	0.1757,0.0844,0.7651,0.0627,0.1008,1.4928,0.195,0.9898,0.9898
1	Round_1_Replicate_8	-25249.38	50516.76	467371.74	1032.81	0.5399,0.5967,0.9019,0.1937,5.4693,0.7202,0.082,0.9898,0.9898
1	Round_1_Replicate_9	-25348.13	50714.26	585436.98	458.04	2.2356,1.7878,9.1821,0.2031,0.3526,7.0772,0.4817,0.9898,0.9898
1	Round_1_Replicate_8	-22352.54	44723.08	304738.78	268.85	1.1277,4.0824,8.4257,0.6598,3.8537,2.5258,0.0704,0.99,0.99
1	Round_1_Replicate_6	-7389.35	14796.7	37564.0	1185.84	0.1687,0.866,0.2086,0.0638,0.0629,0.2525,0.0737,0.3679,0.088
1	Round_1_Replicate_9	-6270.97	12559.94	1122460886753408.4	176.3	3.9896,5.8701,7.029,7.3222,2.1041,0.9007,2.3236,0.9867,0.0891
1	Round_1_Replicate_11	-21753.75	43525.5	18672482185.07	392.14	13.1124,2.7971,0.3823,0.233,0.3179,1.5081,0.2312,0.99,0.9433
1	Round_1_Replicate_11	-21106.51	42231.02	233503.14	6207.08	0.1001,0.1001,0.6509,0.6518,13.4985,0.6128,11.9711,0.9898,0.9898
1	Round_1_Replicate_12	-30714.08	61446.16	6.546837115083172e+20	444.44	11.3296,3.6349,0.225,0.2397,5.4396,0.4391,10.4338,0.3371,0.9898
1	Round_1_Replicate_10	-28295.8	56609.6	1082413.08	951.6	4.519,0.0908,0.3673,6.0141,1.2238,0.0742,6.718,0.1662,0.966
1	Round_1_Replicate_9	-7668.41	15354.82	1929148.39	723.52	5.7664,0.6628,0.1699,2.3253,0.1903,0.5338,8.6943,0.0811,0.2046
1	Round_1_Replicate_10	-29573.54	59165.08	1012550.84	1084.32	0.699,0.3326,1.4494,0.2549,0.5665,0.57,0.1638,0.9898,0.9898
1	Round_1_Replicate_7	-6902.49	13822.98	29151104.23	256.77	7.4505,1.0768,2.594,0.4265,14.3919,1.0711,2.3297,0.6985,0.1673
1	Round_1_Replicate_12	-4937.99	9893.98	4915.39	1389.24	0.1992,0.6944,1.8094,0.0696,0.3224,11.9209,0.8513,0.99,0.2583
1	Round_1_Replicate_13	-27416.04	54850.08	672922.11	314.13	6.2183,1.7821,1.1015,0.3278,0.0671,0.3038,3.2482,0.9898,0.9898
1	Round_1_Replicate_11	-12664.34	25346.68	164781.48	379.0	1.7933,11.3084,12.2344,0.0992,0.4696,1.3549,11.0624,0.9898,0.6939
1	Round_1_Replicate_10	-4602.13	9222.26	7364.92	853.59	0.5573,1.1745,2.1374,0.492,5.4662,0.114,2.0996,0.9898,0.0671
1	Round_1_Replicate_9	-14966.48	29950.96	64140.21	200.52	8.5309,0.6667,14.7473,7.4102,0.1357,0.3185,0.1471,0.9898,0.4554
1	Round_1_Replicate_11	-16407.24	32832.48	107159.68	175.11	11.4742,0.2052,6.2777,0.14,1.9005,0.0609,0.7032,0.9898,0.2578
1	Round_1_Replicate_10	-4780.04	9578.08	4450.34	3550.1	0.0697,0.2721,9.2734,3.1459,0.6615,11.8845,0.694,0.9898,0.2208
1	Round_1_Replicate_8	-5910.42	11838.84	77784.75	484.99	2.8241,2.3741,0.4452,2.6207,5.8656,0.0849,0.5067,0.0921,0.0664
1	Round_1_Replicate_11	-34211.52	68441.04	2897673.21	794.27	1.6337,0.1507,3.8903,3.338,1.1774,0.7437,0.4311,0.9898,0.9898
1	Round_1_Replicate_13	-24412.23	48842.46	273740.58	255.79	0.9645,11.6386,1.2117,1.1171,0.434,0.3733,0.2583,0.081,0.9898
1	Round_1_Replicate_12	-8235.07	16488.14	15265.81	3919.73	0.0937,0.1538,11.2808,8.6515,0.7262,0.3026,0.8471,0.3414,0.3108
1	Round_1_Replicate_14	-29173.7	58365.4	1.0854816290934296e+17	580.88	6.0235,1.3697,0.2664,1.8415,9.0047,7.7164,0.0938,0.53,0.9898
1	Round_1_Replicate_12	-20735.07	41488.14	237914.11	468.5	0.1666,5.358,1.8811,1.0226,0.1258,2.8848,1.8601,0.9898,0.9898
1	Round_1_Replicate_12	-27724.38	55466.76	287197926615.07	866.66	3.1009,0.2316,0.2771,9.8399,2.2718,8.658,14.651,0.99,0.9895
1	Round_1_Replicate_11	-19117.69	38253.38	185099.75	1597.68	0.1034,0.4769,0.2236,0.6978,0.4769,3.914,1.6644,0.9898,0.9898
1	Round_1_Replicate_10	-25138.09	50294.18	477476.97	480.55	0.3084,2.9968,1.9117,11.7712,0.1818,0.4019,0.2692,0.9898,0.9898
1	Round_1_Replicate_11	-5098.22	10214.44	4692.43	388.87	0.1804,3.6139,4.1711,9.7142,1.5605,4.5767,0.134,0.7771,0.3544
1	Round_1_Replicate_12	-24339.36	48696.72	368096.62	131.33	1.8971,9.8528,11.3687,0.0654,0.1471,1.3123,0.0673,0.0991,0.99
1	Round_1_Replicate_9	-30835.5	61689.0	1752118.85	1423.28	0.9846,0.1296,1.0879,1.9126,0.2546,2.6008,0.9347,0.9898,0.9898
1	Round_1_Replicate_14	-11819.06	23656.12	1.5807968109533557e+21	203.58	13.4955,9.0817,0.9035,6.7696,0.0773,0.8843,2.0813,0.8177,0.1059
1	Round_1_Replicate_13	-14756.33	29530.66	131086.05	1584.23	0.1579,0.4482,0.4269,0.0607,0.183,0.5294,2.3823,0.1149,0.6792
1	Round_1_Replicate_13	-26832.04	53682.08	1045176.46	2217.48	0.4889,0.0917,1.258,4.271,4.4258,0.2631,1.5675,0.1039,0.9898
1	Round_1_Replicate_13	-6949.59	13917.18	315412121.26	946.42	1.87,0.4931,0.1313,2.1707,11.8547,6.2996,1.6918,0.8069,0.1332
1	Round_1_Replicate_15	-19935.56	39889.12	1055691.23	833.71	0.273,5.7174,3.2664,1.0843,2.2764,4.0817,8.4524,0.9898,0.9898
1	Round_1_Replicate_11	-11594.6	23207.2	59016.22	1009.55	6.6737,0.4226,0.6206,0.6533,0.3988,11.0898,0.487,0.99,0.4246
1	Round_1_Replicate_12	-31039.76	62097.52	1.9258405858588515e+21	335.67	4.2587,3.8481,1.2308,0.6613,10.2466,0.3311,7.8731,0.1852,0.9898
1	Round_1_Replicate_12	-26752.15	53522.3	185907508.23	224.2	1.4994,8.3723,2.1852,3.2123,0.1659,2.0235,0.9659,0.0889,0.9895
1	Round_1_Replicate_13	-35206.65	70431.3	4.945635706191843e+28	348.2	11.4294,7.9245,0.416,11.5524,6.8994,10.2749,0.3461,0.9898,0.9898
1	Round_1_Replicate_10	-29015.38	58048.76	1304204.21	580.71	3.7037,0.2424,0.6981,0.2545,1.5016,0.2314,6.8408,0.6252,0.9898
1	Round_1_Replicate_14	-12246.84	24511.68	34608.04	1810.01	1.0485,0.1142,0.6958,0.6072,0.4516,5.2461,0.1251,0.9898,0.1415
1	Round_1_Replicate_15	-20295.25	40608.5	250033.81	368.16	5.2722,0.1293,3.0306,0.8117,6.8035,0.3334,1.1498,0.2573,0.8373
1	Round_1_Replicate_14	-10422.05	20862.1	1713379736292.63	278.71	16.1928,6.4772,0.4675,1.8555,13.3437,0.265,0.1227,0.2215,0.0934
1	Round_1_Replicate_14	-7658.33	15334.66	65876423223514.27	269.07	6.6648,3.8272,1.8831,3.4987,0.413,2.8139,0.133,0.9898,0.0666
1	Round_2_Replicate_1	-12005.67	24029.34	9.170112565694203e+20	895.89	4.999,1.5382,0.0412,0.6368,0.0596,0.1819,17.9243,0.9898,0.115
1	Round_1_Replicate_13	-11968.99	23955.98	40878.24	496.12	9.2181,0.1882,0.5559,7.1877,0.6821,1.3682,5.4214,0.9898,0.4618
1	Round_1_Replicate_12	-5284.25	10586.5	981883.97	198.41	1.3433,12.0061,4.2556,0.5879,0.815,1.1437,2.4936,0.2237,0.2831
1	Round_1_Replicate_13	-8304.19	16626.38	16314.91	478.05	2.2329,0.9006,2.1129,0.2101,0.0822,2.0726,0.2537,0.0675,0.117
1	Round_1_Replicate_14	-5216.92	10451.84	141724649.12	336.8	1.0179,8.0707,0.7825,2.4924,0.9329,15.477,3.2122,0.1438,0.0833
1	Round_1_Replicate_11	-11536.21	23090.42	32083.35	1146.43	3.2619,0.3003,0.971,12.4331,0.2039,0.2508,0.2768,0.1857,0.4446
1	Round_2_Replicate_1	-4424.67	8867.34	7367996.5	706.47	0.3392,6.6176,0.138,4.8283,1.7495,18.8388,0.3036,0.1568,0.0506
1	Round_1_Replicate_15	-18568.96	37155.92	46127217.26	1337.07	0.1904,4.8599,0.4406,9.7642,3.3734,0.138,13.9681,0.9897,0.9892
1	Round_1_Replicate_15	-26286.91	52591.82	564378.96	301.31	3.2254,1.7192,3.8154,0.5915,1.1662,0.2617,0.2643,0.1378,0.9898
1	Round_2_Replicate_2	-16780.48	33578.96	2.2806348387704355e+29	782.53	18.8388,9.1413,0.0485,1.3955,0.0352,2.1136,16.081,0.206,0.2713
1	Round_1_Replicate_15	-19276.77	38571.54	144373.14	1253.58	0.2239,1.4167,6.0077,2.0797,0.1456,2.7745,6.4174,0.99,0.9895
1	Round_1_Replicate_13	-10778.57	21575.14	33215.88	910.2	7.9154,0.1495,0.0925,8.7954,0.4211,0.1471,1.5414,0.9898,0.212
1	Round_1_Replicate_14	-22185.52	44389.04	235805.39	591.89	0.8099,5.0023,0.2292,0.8101,0.1265,0.0889,0.0666,0.99,0.9895
1	Round_1_Replicate_12	-5863.1	11744.2	10137.75	2111.23	0.1922,0.3094,1.0657,0.4293,1.5726,0.6091,2.4206,0.9898,0.0675
1	Round_1_Replicate_15	-12132.81	24283.62	113356.71	354.1	0.2003,10.993,4.7218,2.5858,7.6977,0.1463,1.33,0.9898,0.4159
1	Round_2_Replicate_2	-4155.5	8329.0	3948.18	1145.63	0.2985,0.7351,0.4275,1.2627,0.8789,2.1038,0.5055,0.45,0.0489
1	Round_2_Replicate_1	-5249.81	10517.62	7766.73	1544.89	0.54,0.5252,1.5538,14.6892,0.1373,1.4743,0.1789,0.0447,0.0469
1	Round_2_Replicate_3	-3564.48	7146.96	2456.65	595.56	0.5474,3.0187,0.4664,1.5754,0.0954,3.1531,1.3475,0.3314,0.0899
1	Round_1_Replicate_14	-8024.71	16067.42	1782691045269.1	431.81	1.2687,10.1753,0.3025,12.5155,0.1923,2.6488,1.6309,0.3656,0.0978
1	Round_1_Replicate_14	-25123.28	50264.56	460505.42	4963.24	0.0717,0.1132,8.7316,12.4876,2.5304,2.1621,0.5882,0.7896,0.9898
1	Round_1_Replicate_15	-46249.74	92517.48	16190030.31	311.17	12.2467,0.0864,4.1462,7.1989,0.1097,0.5027,0.072,0.8269,0.9898
1	Round_2_Replicate_1	-10130.84	20279.68	1370320681898363.5	335.39	2.1364,12.3513,0.4649,2.9426,1.5796,18.8388,2.1919,0.0385,0.3128
1	Round_2_Replicate_1	-9350.6	18719.2	18119.42	2996.21	0.4279,0.0929,5.2498,18.8388,1.0354,0.3329,0.4093,0.2662,0.0123
1	Round_2_Replicate_3	-3701.18	7420.36	1499946.32	432.38	0.1499,5.2596,1.8019,17.4074,2.7207,5.9121,3.1033,0.2782,0.0206
1	Round_2_Replicate_4	-7372.75	14763.5	1003879172.76	565.35	1.3902,10.4034,0.1584,0.8143,0.0535,0.6195,1.1963,0.0492,0.2971
1	Round_1_Replicate_13	-30270.46	60558.92	1997206.63	770.2	1.385,0.1414,9.2012,0.3427,1.2577,0.3696,1.2557,0.9898,0.9898
1	Round_2_Replicate_1	-8490.84	16999.68	19126.4	974.28	1.0484,0.1702,18.8388,0.2827,4.5437,0.1563,1.0139,0.4538,0.0357
1	Round_2_Replicate_2	-8167.76	16353.52	24227.98	4108.11	0.0483,0.179,1.7452,1.9717,1.796,2.4321,0.2418,0.6614,0.109
1	Round_1_Replicate_15	-11961.17	23940.34	38778.57	1936.96	0.3617,0.1643,5.3098,0.2003,0.2392,1.2116,0.2466,0.9898,0.3473
1	Round_2_Replicate_4	-7258.59	14535.18	11075.37	3605.18	0.2598,0.1543,0.6088,3.2371,2.0885,14.8295,0.134,0.9268,0.2533
1	Round_2_Replicate_5	-5988.93	11995.86	222507.08	341.97	3.8676,5.8576,0.5997,0.2876,0.0673,0.9698,7.7922,0.3188,0.1968
1	Round_1_Replicate_14	-30688.18	61394.36	75475398142.07	401.62	3.8066,4.3921,0.6107,1.4788,0.1901,10.1501,0.3175,0.9898,0.9898
1	Round_2_Replicate_2	-13699.01	27416.02	101997.4	820.27	0.1713,1.0704,4.1094,1.1315,0.5569,0.1637,0.3608,0.9898,0.6178
1	Round_2_Replicate_3	-14430.68	28879.36	81340.83	1405.58	0.5791,0.1051,2.5184,3.7992,0.337,0.0432,0.66,0.9898,0.1219
1	Round_1_Replicate_15	-7044.04	14106.08	14502.5	445.37	2.4321,0.4202,11.7605,3.6415,11.9655,0.2692,0.4789,0.145,0.1232
1	Round_2_Replicate_2	-11332.33	22682.66	9.173395769398155e+22	335.74	2.9311,18.4268,0.9089,0.4396,7.0726,19.5552,17.4537,0.091,0.0358
1	Round_2_Replicate_1	-3590.23	7198.46	777473.38	316.97	1.4593,3.0457,18.3815,0.2272,1.4618,3.0887,0.4427,0.4752,0.0383
1	Round_2_Replicate_6	-21394.48	42806.96	206163.01	856.03	0.7883,1.8195,0.1526,0.81,0.121,0.1503,18.8388,0.3635,0.9898
1	Round_1_Replicate_15	-17377.2	34772.4	141905.66	1614.39	0.2269,1.1813,0.4597,0.7837,0.6754,0.3416,13.0779,0.99,0.99
1	Round_2_Replicate_5	-4615.66	9249.32	7258.32	689.51	0.0214,2.7306,0.8034,16.8555,0.2035,2.877,1.9256,0.1204,0.0191
1	Round_2_Replicate_1	-10347.65	20713.3	23198.12	1014.64	0.3185,1.0302,1.4734,16.5162,0.2757,0.2062,0.3059,0.0745,0.7223
1	Round_2_Replicate_3	-13161.88	26341.76	7.429110583739949e+26	289.52	5.3978,4.8724,0.8533,6.1199,7.6236,18.8388,1.7116,0.1019,0.0114
1	Round_2_Replicate_4	-19833.5	39685.0	209641.67	1643.96	0.0427,0.7016,2.3229,19.8,0.1269,0.3302,0.1959,0.0936,0.9895
1	Round_2_Replicate_7	-12892.7	25803.4	6.917722576311824e+20	761.61	8.1597,2.3844,0.0652,0.1951,0.0223,1.6006,14.6892,0.9898,0.1165
1	Round_2_Replicate_1	-6786.54	13591.08	288249.8	324.15	3.8506,0.3604,9.0818,0.7067,17.4679,0.0198,7.9365,0.2809,0.0628
1	Round_2_Replicate_2	-8094.21	16206.42	302782875798004.94	199.02	8.7592,2.0212,2.7939,0.6788,3.5944,0.9068,7.1108,0.9447,0.0232
1	Round_2_Replicate_2	-8109.44	16236.88	16222.67	6049.08	0.0692,0.0907,18.8388,9.1951,0.6652,0.4745,1.476,0.3509,0.1794
1	Round_2_Replicate_4	-9438.79	18895.58	3630496939485262.5	127.19	5.2684,14.6892,3.2247,2.0477,0.1265,8.1768,1.4582,0.6342,0.0745
1	Round_2_Replicate_3	-10839.04	21696.08	26816.45	2930.28	0.3133,0.1452,18.6605,1.5228,0.4396,5.9278,1.8642,0.9898,0.6011
1	Round_2_Replicate_6	-7947.95	15913.9	44717098.04	1419.16	0.3619,0.6578,2.0749,14.4295,7.3196,14.6892,0.2663,0.9898,0.4566
1	Round_2_Replicate_8	-4800.93	9619.86	4265.41	376.53	0.704,4.5538,1.3904,0.3712,0.0456,2.6344,0.7977,0.7875,0.3095
1	Round_2_Replicate_3	-4206.18	8430.36	3621.57	468.58	0.7202,2.5532,5.3953,1.3414,2.1382,0.9319,0.5202,0.0452,0.222
1	Round_2_Replicate_5	-6759.69	13537.38	10146.99	749.15	0.5564,1.5502,0.5769,3.306,0.4394,9.756,10.4283,0.1514,0.5011
1	Round_2_Replicate_1	-3838.82	7695.64	1705692.0	202.53	0.9266,12.6205,18.8388,3.0537,0.1009,0.0943,6.2091,0.5986,0.0382
1	Round_2_Replicate_2	-11051.32	22120.64	73525.52	1476.02	0.2149,0.384,4.0738,0.5103,18.8388,0.0264,0.6853,0.9898,0.0854
1	Round_2_Replicate_4	-3372.16	6762.32	2409.51	417.94	1.6586,2.5187,1.8378,0.1664,0.4801,2.61,11.1982,0.3537,0.0223
1	Round_2_Replicate_7	-5133.01	10284.02	7541.82	1552.76	0.1104,0.5819,1.7026,7.7989,0.6959,2.0547,0.8724,0.9898,0.0514
1	Round_2_Replicate_9	-16821.26	33660.52	1675948225593.01	881.23	0.7964,6.2994,0.0516,0.1657,0.0188,0.1407,17.8827,0.1961,0.8976
1	Round_2_Replicate_4	-7182.72	14383.44	12318.6	161.13	0.4609,14.0153,19.8,0.6331,0.4175,0.9442,4.0063,0.1617,0.4565
1	Round_2_Replicate_3	-5132.18	10282.36	6408.37	862.7	0.8744,0.5051,4.8644,0.4075,2.3266,0.2073,1.3141,0.3923,0.0423
1	Round_2_Replicate_5	-9627.33	19272.66	47607.31	932.89	0.1067,1.1461,1.9376,3.0538,3.7382,0.3301,0.4154,0.9898,0.227
1	Round_2_Replicate_10	-31354.59	62727.18	1.0176925884778716e+23	518.59	6.8399,12.3513,0.139,3.6551,0.4305,0.3443,1.7136,0.0456,0.9898
1	Round_2_Replicate_2	-3190.71	6399.42	25254.13	226.59	1.2026,4.7095,14.6892,1.4326,0.4128,0.1111,4.624,0.1509,0.0101
1	Round_2_Replicate_8	-3470.29	6958.58	35752.47	842.71	0.1534,1.396,3.1419,17.1738,8.4976,14.6892,0.2721,0.9898,0.0241
1	Round_2_Replicate_5	-4819.25	9656.5	7771.46	199.42	1.3475,13.06,6.5126,0.5506,0.1434,0.5039,1.348,0.9442,0.1765
1	Round_2_Replicate_11	-30899.26	61816.52	1355201.21	480.85	6.1906,0.6378,0.552,0.1893,0.0456,0.4311,0.8904,0.0444,0.9898
1	Round_2_Replicate_6	-5130.27	10278.54	886711918.05	135.5	1.1912,18.4268,4.886,1.4165,0.9942,19.5552,1.4488,0.3609,0.0342
1	Round_2_Replicate_3	-7241.37	14500.74	22588.43	627.88	0.081,1.8962,5.1914,0.9659,0.1209,0.011,5.6514,0.0791,0.0114
1	Round_2_Replicate_9	-4144.6	8307.2	6806.47	522.9	0.3093,2.3379,3.5665,14.6892,4.049,2.825,0.757,0.1253,0.0742
1	Round_2_Replicate_12	-4173.99	8365.98	58824.2	969.68	0.4073,1.7641,0.0757,1.1659,0.0473,0.7048,0.789,0.1151,0.1248
1	Round_2_Replicate_4	-8195.77	16409.54	34302.96	725.81	0.1297,1.4988,8.5727,0.0765,18.8388,0.2898,0.5195,0.9898,0.0088
1	Round_2_Replicate_7	-8087.05	16192.1	1.0726692616080696e+18	388.29	1.6393,14.6892,0.9498,0.3875,5.4163,5.6144,3.1791,0.0344,0.0193
1	Round_2_Replicate_6	-4948.93	9915.86	7885.6	270.77	0.1734,11.7869,18.8388,1.2523,2.4099,2.4546,0.9254,0.5632,0.0393
1	Round_2_Replicate_6	-9963.44	19944.88	23705.86	1037.68	0.098,1.1804,18.8388,3.5129,1.7569,1.2727,0.8986,0.2577,0.7038
1	Round_2_Replicate_10	-11834.69	23687.38	32089.03	1592.37	0.1401,0.5271,0.522,19.8,8.5724,1.7588,2.181,0.823,0.8315
1	Round_2_Replicate_5	-18484.35	36986.7	152090.54	6333.68	0.0359,0.1044,16.6673,2.8252,2.0829,2.3577,0.6882,0.2226,0.9094
1	Round_2_Replicate_13	-3751.53	7521.06	3215.83	695.7	0.4573,3.3958,0.3589,0.9212,0.0508,5.7056,18.8388,0.3219,0.0696
1	Round_2_Replicate_4	-6577.59	13173.18	17231.64	305.53	0.1273,13.2615,4.919,8.2677,0.283,0.0286,1.4542,0.8455,0.0354
1	Round_2_Replicate_2	-25732.91	51483.82	4201000.31	88.81	1.4266,17.0643,19.8,19.8,0.0469,0.2211,0.7913,0.1326,0.9895
1	Round_2_Replicate_7	-5744.28	11506.56	5884.15	600.44	0.2826,2.1162,7.042,1.1487,0.9261,4.5177,3.03,0.4879,0.423
1	Round_2_Replicate_7	-9583.56	19185.12	29881.7	1677.98	0.1406,0.4117,2.0586,4.181,3.4661,0.8396,0.4069,0.99,0.3783
1	Round_2_Replicate_5	-10995.41	22008.82	34707.71	674.12	1.5781,0.2078,9.6779,0.1349,8.2343,0.0211,0.9566,0.9898,0.0661
1	Round_2_Replicate_8	-13961.5	27941.0	1.4245516391985625e+23	257.44	3.4934,19.8,1.0709,2.1244,5.7035,19.8,0.5392,0.0198,0.3272
1	Round_2_Replicate_14	-20850.59	41719.18	31595477.09	1153.33	0.4779,0.6269,0.0593,7.8159,0.0708,7.1461,1.5291,0.8513,0.9792
1	Round_2_Replicate_3	-4519.1	9056.2	5043.93	1568.34	0.0256,0.8205,13.7142,18.8388,3.5792,0.0529,0.24,0.0592,0.0596
1	Round_2_Replicate_11	-8306.87	16631.74	35721.52	595.23	0.0206,4.0762,0.9877,3.7606,1.0502,1.4708,1.5539,0.1872,0.0157
1	Round_2_Replicate_3	-17330.0	34678.0	91076.36	231.38	1.021,4.5571,9.9805,1.5296,0.4878,0.3359,0.357,0.0336,0.9567
1	Round_2_Replicate_6	-7599.71	15217.42	12539.48	2027.62	0.2838,0.2585,18.8388,2.9254,3.3329,0.1021,1.4965,0.0728,0.4655
1	Round_2_Replicate_8	-10077.04	20172.08	27518.04	575.83	0.193,2.033,6.0158,0.9588,0.4975,0.3594,3.0458,0.0678,0.659
1	Round_2_Replicate_8	-14978.52	29975.04	80739.8	471.12	2.7782,0.2746,3.8227,0.4922,0.1668,0.6453,8.2649,0.99,0.7958
1	Round_2_Replicate_6	-7480.29	14978.58	29180.49	1350.91	0.1415,5.0045,0.4419,0.1357,0.967,0.0161,12.2186,0.9898,0.0804
1	Round_2_Replicate_15	-8540.64	17099.28	1175199.36	566.71	8.7648,0.2707,0.6729,4.5607,0.1117,5.6881,19.8,0.5693,0.1302
1	Round_2_Replicate_12	-5401.78	10821.56	12868.73	824.49	0.0903,3.5096,2.8198,3.361,3.5232,3.2834,3.3729,0.1568,0.0472
1	Round_2_Replicate_7	-4892.51	9803.02	8821.25	1416.35	0.3807,0.5717,1.2189,1.3,8.088,0.0366,3.401,0.99,0.0272
1	Round_2_Replicate_9	-5412.39	10842.78	285029.83	472.02	0.1333,18.4268,0.4574,6.9193,3.1693,19.5552,1.0826,0.0189,0.0515
1	Round_2_Replicate_9	-7807.58	15633.16	16714.03	1026.34	1.0174,0.1655,6.6452,0.9673,2.934,0.434,3.5022,0.5808,0.0133
1	Round_3_Replicate_1	-3627.25	7272.5	9388.25	406.3	1.2002,3.9982,0.931,1.4758,0.0859,7.1554,0.3475,0.3422,0.0277
1	Round_2_Replicate_9	-21302.74	42623.48	833954938043.2	255.48	2.2124,7.5481,18.3815,0.1362,2.559,0.9195,3.3109,0.2516,0.9897
1	Round_2_Replicate_13	-3679.85	7377.7	2490.19	1944.11	0.0474,0.4803,0.5086,1.3505,0.3234,18.8388,1.1674,0.9898,0.017
1	Round_2_Replicate_4	-4114.29	8246.58	3342.87	138.54	0.3727,9.5611,18.8388,5.6699,0.0391,0.0965,0.0359,0.0305,0.1798
1	Round_2_Replicate_10	-3790.7	7599.4	13359.24	476.49	0.7824,4.7993,0.4889,1.8813,0.1645,18.8388,5.9804,0.2934,0.0192
1	Round_2_Replicate_7	-16826.98	33671.96	97414.2	3175.46	0.0779,0.0451,5.5889,18.8388,0.4183,0.3397,0.1309,0.6818,0.0479
1	Round_3_Replicate_2	-3910.47	7838.94	7854.97	608.54	0.5831,4.6155,0.2417,1.9017,0.0362,4.5766,0.5657,0.0919,0.0477
1	Round_2_Replicate_14	-3440.45	6898.9	2224.92	548.14	0.2457,3.2584,0.8425,19.8,0.3128,3.5937,0.2469,0.5918,0.1104
1	Round_2_Replicate_5	-9017.59	18053.18	4.551815342298159e+19	841.31	0.9776,2.2163,5.5515,19.9649,1.1191,0.5092,19.0747,0.99,0.1638
1	Round_2_Replicate_8	-6344.35	12706.7	13497.12	1044.56	0.1604,5.0577,8.1551,1.5701,18.8388,0.4422,0.6445,0.1938,0.2071
1	Round_3_Replicate_3	-6846.12	13710.24	9474.1	642.58	1.8509,0.8631,0.8447,0.9967,0.2278,8.6712,0.484,0.1185,0.2445
1	Round_2_Replicate_10	-6163.06	12344.12	73702503.32	269.71	1.5272,3.2061,19.8,2.8538,7.2302,2.7748,0.675,0.8475,0.2783
1	Round_2_Replicate_10	-6677.7	13373.4	10894.78	285.24	0.307,4.6217,18.3815,0.1747,0.3396,6.2763,0.5973,0.1774,0.3402
1	Round_2_Replicate_11	-13295.93	26609.86	6.975646091936783e+21	182.9	3.7251,18.4268,1.1187,5.877,0.1357,19.5552,5.9596,0.4446,0.0805
1	Round_2_Replicate_15	-4062.49	8142.98	4194.94	1332.2	0.045,1.9329,1.2093,19.3134,10.6524,2.753,0.817,0.1474,0.0285
1	Round_2_Replicate_4	-3746.75	7511.5	2815.9	6257.63	0.0396,0.1586,12.6086,19.3134,0.414,0.0863,6.504,0.0339,0.0119
1	Round_2_Replicate_9	-3620.93	7259.86	3637.66	2304.52	0.1745,0.4504,0.5312,3.5895,17.4133,0.0341,4.4259,0.1749,0.011
1	Round_3_Replicate_4	-3691.18	7400.36	10244.16	641.57	0.9906,1.5692,0.7817,2.5383,0.0815,0.8255,3.1072,0.2712,0.0337
1	Round_2_Replicate_11	-5627.2	11272.4	7592.32	601.45	1.6474,0.581,2.5153,2.022,0.9839,0.3613,2.0848,0.9898,0.1337
1	Round_2_Replicate_8	-13869.9	27757.8	62836.39	1059.3	0.7353,0.1229,18.8388,4.1513,0.957,0.2213,0.4379,0.9898,0.0381
1	Round_2_Replicate_12	-11835.05	23688.1	2.977789098974216e+18	214.82	2.7495,14.6892,0.9919,7.1369,0.9903,2.6525,1.9086,0.0882,0.1549
1	Round_2_Replicate_11	-4181.93	8381.86	3566.88	415.01	1.3123,1.7858,18.6317,1.6257,0.2237,0.4143,0.4859,0.0257,0.0462
1	Round_3_Replicate_1	-5268.45	10554.9	7684.3	986.6	0.2113,1.0317,0.9579,6.3464,0.2155,1.2372,0.2664,0.9898,0.1272
1	Round_2_Replicate_5	-11302.28	22622.56	33225.61	189.43	0.8908,6.0131,17.0316,18.8388,0.7533,0.4907,0.0431,0.092,0.7065
1	Round_2_Replicate_10	-6254.51	12527.02	8990.13	1372.96	0.3975,0.8676,0.6695,0.1941,16.6633,0.0286,2.7653,0.2947,0.4292
1	Round_3_Replicate_5	-4498.07	9014.14	4603.14	865.8	1.1603,0.8719,0.1988,0.7401,0.3679,3.614,0.4912,0.1096,0.0474
1	Round_2_Replicate_6	-3842.7	7703.4	2311203.08	352.28	1.7545,3.0402,10.7818,17.8279,0.6739,0.0517,1.6753,0.9898,0.0381
1	Round_2_Replicate_13	-16200.48	32418.96	6.1459127720557e+28	278.65	8.4404,9.3434,0.6887,13.6837,0.5069,18.8388,4.9909,0.1905,0.1244
1	Round_3_Replicate_2	-3742.16	7502.32	16225.91	717.68	0.4243,1.5147,1.4852,5.0959,0.485,6.4336,0.2179,0.2525,0.0986
1	Round_2_Replicate_12	-28093.93	56205.86	766368505470.14	73.28	6.8304,13.9069,19.3134,2.1161,1.809,0.7361,0.5366,0.525,0.9898
1	Round_3_Replicate_6	-4476.52	8971.04	4146.62	450.29	0.2482,4.7986,0.9654,2.6202,0.0383,2.8822,0.5838,0.99,0.2107
1	Round_2_Replicate_12	-11597.85	23213.7	35744.57	385.37	2.6473,0.3147,18.8388,0.1998,0.1786,0.5285,4.8778,0.2222,0.1766
1	Round_2_Replicate_14	-10080.47	20178.94	5.268905118010562e+20	570.54	2.4492,2.3278,0.5488,14.3134,0.4291,18.8388,0.9513,0.0243,0.0249
1	Round_2_Replicate_11	-12970.4	25958.8	68898.59	1067.84	0.5441,0.2155,5.1868,0.1086,7.4388,0.0615,0.3483,0.9898,0.0574
1	Round_2_Replicate_6	-11371.91	22761.82	28669.28	219.2	0.5594,5.7154,10.7977,6.4721,0.1087,0.0379,0.0161,0.0279,0.7847
1	Round_3_Replicate_3	-4134.39	8286.78	4006.04	983.93	0.1819,1.0072,2.1633,18.8388,0.2798,2.2599,0.4425,0.9898,0.0493
1	Round_2_Replicate_9	-12188.66	24395.32	33734.78	2816.55	0.5961,0.0718,7.5278,18.8388,2.0158,0.0391,0.3218,0.1842,0.2266
1	Round_3_Replicate_7	-3924.93	7867.86	6511.89	718.17	0.4351,3.8116,0.169,3.9528,0.0682,0.8951,0.4307,0.2655,0.0849
1	Round_2_Replicate_15	-3617.63	7253.26	165323.53	520.89	0.9706,2.1636,1.2833,0.8723,1.5765,6.7994,1.3986,0.4664,0.0719
1	Round_2_Replicate_12	-10621.23	21260.46	57122.89	1052.09	0.1385,1.1922,1.3001,0.202,1.0395,0.144,1.5134,0.4233,0.4509
1	Round_2_Replicate_13	-4385.69	8789.38	69091664.87	576.55	1.092,1.1592,5.2118,1.6115,4.0136,1.2517,11.9861,0.0205,0.085
1	Round_2_Replicate_5	-7570.5	15159.0	62138.18	601.4	0.5035,1.5065,18.5942,17.7158,6.0656,0.0582,2.4121,0.0674,0.3438
1	Round_2_Replicate_7	-4947.61	9913.22	6854.72	210.23	1.1213,5.1224,19.8,3.0746,0.1007,0.4319,0.1131,0.0108,0.2145
1	Round_2_Replicate_10	-20372.42	40762.84	201236.65	1589.12	0.2407,0.35,1.4919,19.8,0.1275,0.3602,0.6787,0.99,0.9472
1	Round_3_Replicate_8	-4844.17	9706.34	5167.9	771.95	1.6043,0.8502,0.2917,1.1095,0.2474,1.9564,0.6175,0.2805,0.0219
1	Round_3_Replicate_4	-3382.23	6782.46	202934.19	365.54	0.2937,4.4759,2.4891,6.0441,1.0028,14.5984,0.4645,0.1927,0.0491
1	Round_3_Replicate_1	-3320.51	6659.02	1744.48	1010.66	0.3268,0.9353,0.5656,0.3606,0.662,4.9235,1.3197,0.7652,0.0383
1	Round_2_Replicate_13	-8696.21	17410.42	19854.45	1106.28	0.6943,0.2482,8.4663,0.4854,1.5698,0.2582,0.9194,0.8646,0.0936
1	Round_2_Replicate_14	-9891.75	19801.5	31965.09	846.63	0.2693,1.2951,19.8,0.1343,1.0066,1.4312,1.1039,0.1054,0.5708
1	Round_3_Replicate_9	-4975.94	9969.88	9441.15	814.35	1.6253,0.83,0.1969,0.9457,0.1952,1.4669,3.0678,0.6521,0.1113
1	Round_3_Replicate_5	-3965.67	7949.34	2734.91	895.18	0.0767,2.0165,0.2533,19.8,0.2261,3.7099,0.1562,0.1672,0.1831
1	Round_3_Replicate_2	-7142.01	14302.02	24317753818571.56	208.66	2.432,6.9568,2.9269,2.0395,0.791,4.4997,0.7771,0.9898,0.0346
1	Round_2_Replicate_14	-5474.44	10966.88	13001.96	493.8	0.9174,3.6271,0.6569,0.1341,10.9168,0.0323,0.8794,0.99,0.195
1	Round_2_Replicate_13	-5531.59	11081.18	7673.88	1931.58	0.4109,0.2104,18.8388,4.818,0.6077,5.4836,11.1809,0.8641,0.1493
1	Round_2_Replicate_7	-3941.69	7901.38	3139.0	1017.92	0.0823,2.0639,14.4128,9.5282,0.1211,0.0202,18.8388,0.528,0.1186
1	Round_2_Replicate_6	-10572.87	21163.74	28201.18	3943.49	0.1196,0.0806,8.8397,4.6187,0.4846,0.2257,0.149,0.1824,0.0461
1	Round_3_Replicate_10	-3928.09	7874.18	3980.5	866.55	0.3493,2.236,0.1836,0.4361,0.0285,0.8447,3.9407,0.9038,0.0961
1	Round_2_Replicate_8	-3466.76	6951.52	3435.66	118.69	0.1419,14.6892,10.8781,10.2506,0.0755,0.0446,0.5904,0.0267,0.0852
1	Round_2_Replicate_15	-21791.64	43601.28	254290.23	276.15	0.6215,10.1027,3.3007,0.4667,1.0048,0.9287,11.2019,0.0773,0.9898
1	Round_3_Replicate_6	-4292.41	8602.82	4417.76	646.92	0.0857,4.883,0.3002,12.5943,0.5699,5.8858,0.9111,0.6902,0.0917
1	Round_3_Replicate_3	-4941.27	9900.54	38149.56	519.35	0.2804,6.3639,0.3432,1.4314,0.5464,14.1406,0.7972,0.9898,0.0313
1	Round_2_Replicate_15	-4912.56	9843.12	11678.98	503.82	0.5494,4.2863,0.8487,0.1306,2.0799,0.1708,0.787,0.3729,0.0218
1	Round_2_Replicate_7	-11609.32	23236.64	34213.66	1440.49	0.5932,0.1352,2.9854,1.8196,1.718,0.0741,0.2787,0.3738,0.2625
1	Round_3_Replicate_11	-7950.59	15919.18	1034344033.97	564.03	1.4726,8.1609,0.1676,0.7102,0.0338,3.6388,0.9801,0.6557,0.319
1	Round_3_Replicate_7	-4978.24	9974.48	11686.8	509.24	0.2101,3.9232,0.8069,16.3691,0.5175,9.0814,0.3433,0.9898,0.302
1	Round_3_Replicate_4	-4606.24	9230.48	7942.68	348.16	0.3292,6.0367,1.4083,0.518,0.5773,6.0382,0.5694,0.9898,0.2276
1	Round_3_Replicate_1	-4216.2	8450.4	4263.63	734.83	0.8231,0.8394,19.8,0.5655,2.1738,2.4731,0.8884,0.9015,0.0321
1	Round_2_Replicate_8	-3485.28	6988.56	173628.03	247.09	1.4221,5.6834,18.8388,1.5651,0.325,0.1385,4.5499,0.5113,0.0219
1	Round_3_Replicate_1	-4759.3	9536.6	2343931.29	1884.22	0.1034,0.6709,0.2092,3.5296,18.8388,0.0866,11.8598,0.5777,0.0061
1	Round_2_Replicate_14	-7556.48	15130.96	281532.5	306.06	3.0134,1.1025,15.7041,0.3073,1.8226,1.1936,6.6436,0.9898,0.2697
1	Round_2_Replicate_8	-5339.61	10697.22	8821.49	884.74	0.5401,1.1551,0.6028,10.9009,0.5702,0.0241,1.7423,0.0664,0.2202
1	Round_3_Replicate_12	-5816.14	11650.28	9141.37	694.46	1.8763,0.7931,0.5394,1.8439,0.2014,1.7689,0.6378,0.4233,0.0825
1	Round_3_Replicate_8	-4290.18	8598.36	527177.44	573.88	0.9707,1.7913,1.5611,14.7549,0.0867,3.8491,0.0677,0.9898,0.0529
1	Round_3_Replicate_2	-3671.67	7361.34	2810.28	1451.52	0.4547,0.4311,1.0369,1.823,10.2508,0.0128,2.0764,0.1231,0.0059
1	Round_3_Replicate_5	-4501.39	9020.78	194870.17	296.43	1.0179,4.8976,2.5034,1.7208,0.6139,14.3755,2.8078,0.4702,0.1595
1	Round_2_Replicate_11	-12996.84	26011.68	51929.2	5219.32	0.0893,0.0327,10.8227,1.7374,4.3688,0.1311,0.3207,0.201,0.0455
1	Round_3_Replicate_13	-3683.83	7385.66	3007.81	457.3	0.2378,4.9695,1.0267,2.6504,0.0275,4.4601,3.4485,0.28,0.0518
1	Round_3_Replicate_9	-3783.14	7584.28	40714.91	757.11	0.6358,1.3891,0.8052,18.8388,0.1009,3.9683,0.4952,0.7122,0.0257
1	Round_3_Replicate_3	-3779.28	7576.56	3685.84	1228.08	0.0837,1.1306,0.17,8.0218,6.2854,0.0558,2.4543,0.2501,0.0026
1	Round_3_Replicate_6	-6410.17	12838.34	8450.07	543.92	2.9806,0.9819,0.6686,0.6982,0.5304,4.8173,2.5481,0.2071,0.2205
1	Round_3_Replicate_14	-3436.38	6890.76	2877.14	1016.39	0.3375,1.1579,0.1397,3.1598,0.0852,7.2272,0.5171,0.4973,0.0445
1	Round_2_Replicate_9	-5348.2	10714.4	19503.88	1085.47	0.5905,2.6934,11.8067,1.2011,0.6128,0.0403,14.6892,0.9898,0.0576
1	Round_3_Replicate_2	-6727.45	13472.9	6540372192577.85	136.35	0.8243,9.1081,18.8388,0.3102,3.6001,8.3742,1.2789,0.9898,0.1301
1	Round_3_Replicate_10	-5415.69	10849.38	1259057.6	597.85	0.4174,1.9224,2.2814,7.5873,0.5709,10.1442,0.6138,0.3777,0.2796
1	Round_2_Replicate_15	-7118.83	14255.66	375320294161.84	387.67	1.6453,1.6442,18.8388,4.2589,1.1025,3.7685,8.0361,0.9898,0.0284
1	Round_3_Replicate_7	-3385.4	6788.8	3438.1	498.16	0.3082,4.4339,0.6648,0.6382,4.7472,3.6169,0.3991,0.9898,0.0343
1	Round_3_Replicate_4	-3680.38	7378.76	4904.9	2506.93	0.254,0.2817,2.0564,2.0783,8.2513,0.0264,9.48,0.3593,0.0273
1	Round_3_Replicate_15	-5728.7	11475.4	4494701.52	319.13	1.9895,4.3417,1.4822,1.4508,0.2902,3.8704,2.965,0.8343,0.1251
1	Round_2_Replicate_9	-5927.51	11873.02	9160.28	12475.89	0.0201,0.0713,5.9784,19.3134,0.2626,0.284,3.6106,0.0552,0.1395
1	Round_2_Replicate_10	-4406.51	8831.02	4838.15	197.13	0.4142,9.4698,12.3501,1.0256,0.0435,0.1294,1.8345,0.3979,0.1288
1	Round_3_Replicate_11	-5109.02	10236.04	5383.21	348.71	0.123,6.4709,1.4801,11.5985,0.5705,1.5253,0.0712,0.1545,0.311
1	Round_3_Replicate_3	-6234.67	12487.34	9172.71	335.84	2.6431,1.1281,18.8388,0.0813,0.5424,2.673,0.4476,0.2247,0.1065
1	Round_3_Replicate_8	-4628.6	9275.2	531353.93	401.28	2.2389,2.1108,1.7707,1.4043,0.4993,2.3226,0.4906,0.7827,0.0551
1	Round_3_Replicate_1	-4263.09	8544.18	5193.17	803.28	0.5184,1.2901,0.8172,0.3251,0.6845,1.0338,18.7082,0.0853,0.014
1	Round_3_Replicate_5	-3905.34	7828.68	731815.89	1151.58	0.1175,1.646,0.2021,4.2629,6.0508,0.0434,15.6103,0.1897,0.0047
1	Round_2_Replicate_10	-3708.98	7435.96	2629.12	8925.21	0.038,0.0884,1.1352,18.8388,13.8203,0.0384,4.7174,0.0101,0.0509
1	Round_4_Replicate_1	-3266.04	6550.08	1795.82	1102.88	0.2003,1.0557,0.1379,1.6951,0.0407,9.0183,0.4781,0.9278,0.0328
1	Round_3_Replicate_9	-4064.33	8146.66	3249.75	507.8	2.1586,1.4525,0.9252,0.2604,0.6354,10.2745,3.356,0.1951,0.0217
1	Round_3_Replicate_6	-4840.61	9699.22	6646.51	1703.79	0.0633,0.9275,0.2143,8.8962,18.8388,0.0377,2.7293,0.2969,0.0357
1	Round_3_Replicate_2	-6267.15	12552.3	77752.79	318.36	1.0352,9.1511,2.6324,0.1656,0.2294,5.3554,5.8684,0.9898,0.0345
1	Round_2_Replicate_9	-7739.72	15497.44	26911.57	1061.54	2.0807,0.7242,19.9649,19.0747,0.7295,0.4183,0.0148,0.0196,0.1148
1	Round_3_Replicate_4	-4410.01	8838.02	23381826.78	285.94	1.7345,6.54,18.8388,0.0838,2.7277,2.0881,0.1543,0.117,0.0587
1	Round_3_Replicate_12	-5868.83	11755.66	174746130089.57	207.51	0.4556,9.6506,3.0103,14.6892,0.5576,12.8841,0.0785,0.3843,0.0441
1	Round_3_Replicate_10	-3853.76	7725.52	3246.56	1063.27	0.3597,0.8938,0.404,0.497,3.1794,2.6739,0.8818,0.2858,0.0868
1	Round_4_Replicate_2	-3412.89	6843.78	2488.96	884.23	0.4174,1.6488,0.1725,1.743,0.0568,3.818,0.7837,0.5877,0.0563
1	Round_3_Replicate_7	-4496.19	9010.38	159077.73	1138.38	0.1191,1.6979,0.164,3.6315,9.2374,0.009,5.9701,0.4067,0.0401
1	Round_3_Replicate_13	-7813.29	15644.58	16730.91	494.23	0.1181,9.1527,0.3793,6.4214,0.5691,0.9429,0.3735,0.5584,0.4082
1	Round_3_Replicate_3	-5518.88	11055.76	15712.9	714.94	1.2733,0.9293,5.0324,0.0854,0.2689,0.8932,14.6892,0.9898,0.0739
1	Round_3_Replicate_5	-6578.54	13175.08	1000096.89	362.4	3.4594,1.8413,10.9188,0.1843,1.4383,4.3033,0.6654,0.9863,0.0337
1	Round_2_Replicate_12	-10954.85	21927.7	33292.18	13124.66	0.0219,0.0441,13.2021,11.4796,4.8611,0.5022,2.1557,0.2003,0.5327
1	Round_3_Replicate_8	-4576.06	9170.12	6759.87	1274.76	0.1004,1.6726,0.1293,3.0474,16.3253,0.0129,2.6704,0.1998,0.0368
1	Round_3_Replicate_11	-3549.47	7116.94	4294.91	1182.0	0.2816,0.6909,4.7434,1.8373,3.0479,5.4721,2.0837,0.9898,0.0431
1	Round_4_Replicate_3	-4215.74	8449.48	412145.75	1086.88	0.3944,0.9008,0.0909,4.295,0.13,7.8196,0.7837,0.9421,0.0604
1	Round_2_Replicate_11	-4418.52	8855.04	3958.57	1466.17	0.104,1.1099,13.8894,12.3565,8.1849,0.0697,2.4916,0.2861,0.2163
1	Round_3_Replicate_14	-4183.7	8385.4	18463.37	832.1	0.4224,1.5503,0.4038,14.6892,0.1015,4.3739,0.3266,0.2321,0.0569
1	Round_3_Replicate_6	-6218.6	12455.2	9066.87	463.31	1.5724,0.7922,19.8,0.3318,0.4252,1.363,1.4529,0.2322,0.0622
1	Round_3_Replicate_4	-5360.14	10738.28	6216.24	261.33	5.2049,1.695,2.8934,0.0706,0.2719,3.8741,18.8388,0.1543,0.0152
1	Round_3_Replicate_9	-3610.49	7238.98	2553.17	5006.94	0.0783,0.1807,0.778,8.0999,18.8388,0.0499,3.9651,0.1649,0.0288
1	Round_3_Replicate_12	-4810.26	9638.52	6060.52	506.04	0.3219,3.9601,0.8459,0.6638,0.5044,2.3785,1.1311,0.2794,0.1677
1	Round_2_Replicate_10	-20451.49	40920.98	199585.47	482.12	0.2772,2.2201,18.8388,10.8395,0.395,0.4188,0.0209,0.2736,0.9898
1	Round_2_Replicate_12	-4192.14	8402.28	3923.37	2754.34	0.2522,0.1726,1.0636,3.6996,14.158,0.0246,5.9602,0.023,0.0316
1	Round_3_Replicate_15	-5341.71	10701.42	6822.5	517.76	0.1195,7.7283,0.3582,7.7596,0.1727,2.5668,0.421,0.2758,0.2138
1	Round_4_Replicate_4	-3852.79	7723.58	3015.8	988.98	0.5524,0.8576,0.2686,2.6596,0.1256,4.4336,0.3129,0.4053,0.0194
1	Round_3_Replicate_7	-3744.24	7506.48	2793.99	285.15	2.5654,2.5266,5.1796,0.3982,0.4921,4.9572,0.1553,0.2044,0.0438
1	Round_3_Replicate_10	-5886.05	11790.1	12716848.12	2406.56	0.1238,1.5169,1.1693,1.06,17.9574,0.0317,9.2571,0.2054,0.033
1	Round_3_Replicate_5	-4035.31	8088.62	3823.79	878.49	0.6189,0.9605,0.6769,0.3158,0.6084,0.8071,4.9797,0.3333,0.0367
1	Round_3_Replicate_13	-5451.66	10921.32	506868240.54	365.08	0.8447,5.7259,1.3122,0.6083,3.7214,5.0037,0.576,0.6898,0.2058
1	Round_2_Replicate_13	-11876.08	23770.16	52692.69	11435.05	0.021,0.058,2.4297,5.9601,0.3222,0.3947,6.068,0.0414,0.4584
1	Round_2_Replicate_11	-3909.05	7836.1	3124.97	368.08	0.1396,4.1472,6.8692,11.8353,1.87,0.1119,0.6296,0.11,0.142
1	Round_3_Replicate_11	-4855.21	9728.42	5971.66	1520.33	0.3368,0.2713,0.1843,9.1837,15.1802,0.0803,3.3285,0.0606,0.0171
1	Round_3_Replicate_14	-5735.3	11488.6	1422697850.24	347.78	2.8244,3.8595,0.9001,0.9672,1.091,4.8726,3.3953,0.6667,0.0295
1	Round_4_Replicate_1	-3359.56	6737.12	211324.57	434.05	0.4145,3.0444,2.692,4.5649,0.9596,18.8388,0.7247,0.1954,0.0442
1	Round_4_Replicate_5	-3180.36	6378.72	1768.49	1103.21	0.1741,1.1344,0.1174,5.6263,0.1397,6.2189,0.536,0.7147,0.0239
1	Round_3_Replicate_6	-3329.34	6676.68	2021.03	470.67	1.2478,1.8079,3.0688,0.4306,0.3049,3.6504,8.2323,0.5894,0.0048
1	Round_3_Replicate_8	-4544.34	9106.68	5008.15	329.2	2.9127,1.4591,18.8388,0.1911,4.7008,0.806,0.1718,0.4382,0.0102
1	Round_2_Replicate_13	-6132.85	12283.7	42705.93	586.74	0.6877,1.3646,10.7077,14.6892,5.1651,0.14,1.654,0.0263,0.0443
1	Round_3_Replicate_12	-5053.03	10124.06	6393.06	2815.98	0.1117,0.1527,0.1698,1.3386,18.8388,0.0139,12.9935,0.2354,0.027
1	Round_3_Replicate_15	-7251.47	14520.94	3162624616.79	399.44	2.351,4.0823,0.7277,1.9939,0.4643,15.4424,1.9626,0.8227,0.021
1	Round_2_Replicate_14	-28033.88	56085.76	706241.81	4891.0	0.0395,0.0699,5.597,18.8388,2.3234,0.2744,0.5381,0.574,0.9898
1	Round_4_Replicate_6	-3538.29	7094.58	4117.09	771.95	0.549,1.9414,0.2533,2.438,0.0834,9.8879,0.4145,0.3272,0.0542
1	Round_3_Replicate_7	-4978.1	9974.2	5540706405813.99	228.73	3.4886,6.7897,4.6618,0.0923,1.9304,1.9213,18.8388,0.1909,0.0069
1	Round_2_Replicate_12	-8065.31	16148.62	71800.51	100.2	2.5443,17.9243,7.8342,17.0866,0.0366,0.2787,0.0592,0.0272,0.084
1	Round_2_Replicate_14	-8261.49	16540.98	16458.89	3182.95	0.2141,0.1191,3.1797,2.5308,0.6247,0.1727,0.1958,0.0185,0.0251
1	Round_3_Replicate_13	-3870.71	7759.42	36819.46	1093.61	0.1601,1.6999,0.9911,13.862,10.909,0.008,2.2012,0.0924,0.0054
1	Round_4_Replicate_2	-3005.69	6029.38	2770.25	409.4	0.281,3.217,3.9206,3.6696,0.6872,11.1754,0.5123,0.1969,0.0298
1	Round_4_Replicate_1	-3735.98	7489.96	6004.72	789.55	0.5603,1.4839,0.4098,0.6384,0.5034,6.0118,0.832,0.9895,0.0231
1	Round_2_Replicate_15	-5889.33	11796.66	7103.43	1941.28	0.1433,0.4483,1.3477,5.0706,0.3909,0.0132,3.1991,0.0154,0.3238
1	Round_3_Replicate_8	-4341.75	8701.5	9252844.4	410.14	2.4979,2.8055,0.8453,0.5169,1.3579,5.6008,14.7088,0.2526,0.0661
1	Round_4_Replicate_7	-3320.45	6658.9	1810.73	903.25	0.3688,1.3819,0.26,1.6336,0.1269,4.5197,0.3774,0.5119,0.0418
1	Round_3_Replicate_14	-5157.85	10333.7	6421.7	3234.11	0.0646,0.1678,0.284,8.5985,4.6663,0.0958,6.6815,0.2938,0.0138
1	Round_3_Replicate_9	-6650.28	13318.56	5367416553910408.0	259.64	2.9109,3.2175,18.8388,0.8949,4.6329,6.2201,0.2531,0.2118,0.0337
1	Round_2_Replicate_13	-5162.63	10343.26	4996.14	1202.35	0.1889,0.7313,19.8,5.4099,1.3432,0.1733,0.3563,0.1277,0.2802
1	Round_4_Replicate_3	-3260.48	6538.96	19734.14	445.24	0.1865,3.8343,2.2246,5.8277,1.4951,15.1495,0.7884,0.2424,0.0541
1	Round_3_Replicate_1	-4229.62	8477.24	3941.39	8577.88	0.029,0.0998,0.7541,19.3134,3.7051,0.024,1.5947,0.0058,0.0568
1	Round_4_Replicate_2	-3360.21	6738.42	2484.9	841.85	0.5141,1.1297,0.6831,0.303,0.7438,3.6716,2.3114,0.9896,0.0367
1	Round_3_Replicate_9	-3989.93	7997.86	6971.52	460.27	1.1553,4.6348,0.7991,0.0614,0.3473,10.0807,17.6068,0.5106,0.0451
1	Round_3_Replicate_15	-4028.7	8075.4	3175.74	2956.16	0.0596,0.2447,0.2181,12.3623,19.0893,0.0402,5.6559,0.0558,0.0028
1	Round_4_Replicate_8	-3330.98	6679.96	1897.33	1058.28	0.2634,1.0667,0.1712,1.9256,0.0743,9.8834,0.9054,0.269,0.0244
1	Round_3_Replicate_10	-3465.73	6949.46	2761.61	807.7	0.6382,1.2062,18.3815,0.18,3.3689,0.9788,0.9837,0.202,0.0159
1	Round_3_Replicate_2	-5874.46	11766.92	8151.29	7685.1	0.0811,0.0516,0.5246,10.9561,17.5902,0.0405,8.6199,0.0232,0.1618
1	Round_3_Replicate_10	-4456.4	8930.8	9838.47	271.3	2.6424,6.5443,2.0867,0.0735,0.1704,3.6713,8.2572,0.7543,0.0224
1	Round_4_Replicate_1	-3324.63	6667.26	6572.6	3318.83	0.0944,0.3329,0.715,8.5757,15.1273,0.0782,7.4626,0.0956,0.0209
1	Round_4_Replicate_3	-3344.66	6707.32	1807.66	1004.84	0.2684,0.9857,0.9515,0.2574,1.2568,7.1718,1.2608,0.8996,0.0567
1	Round_4_Replicate_9	-3143.34	6304.68	1572.98	897.04	0.2975,1.6254,0.2144,1.8461,0.0443,5.8113,0.4252,0.5183,0.0209
1	Round_4_Replicate_4	-3659.95	7337.9	1798022.96	470.11	0.5005,2.4717,3.4331,3.9346,1.6184,16.4255,0.7378,0.195,0.06
1	Round_2_Replicate_11	-3982.5	7983.0	5062.58	132.44	0.036,19.8,19.8,19.8,0.2846,0.1045,5.1034,0.3992,0.0802
1	Round_3_Replicate_11	-4815.82	9649.64	5069.35	567.68	2.418,0.7671,0.857,0.0968,0.4427,0.6827,7.7635,0.5613,0.0475
1	Round_3_Replicate_3	-6416.56	12851.12	11517.97	21035.83	0.0156,0.035,1.1909,10.3388,18.8388,0.0092,1.6837,0.0091,0.1943
1	Round_4_Replicate_2	-3702.88	7423.76	2429.62	3816.76	0.0837,0.2177,1.2659,15.1615,13.3367,0.0317,2.2034,0.2056,0.038
1	Round_4_Replicate_4	-3767.79	7553.58	3143.3	860.72	0.2292,1.4083,0.8483,0.4973,0.6653,3.3677,1.4291,0.502,0.0338
1	Round_3_Replicate_12	-3951.2	7920.4	4114.1	669.71	0.7157,1.2613,2.628,0.0424,1.0785,7.7691,6.1789,0.2559,0.0146
1	Round_3_Replicate_11	-7820.18	15658.36	1.2463128286697004e+16	174.56	1.8736,6.3544,18.8388,0.0734,3.7059,7.2484,0.2033,0.9898,0.026
1	Round_4_Replicate_10	-3298.19	6614.38	2362.63	867.7	0.421,1.4481,0.2769,2.1738,0.0531,5.2349,0.5594,0.8594,0.0305
1	Round_4_Replicate_5	-3178.55	6375.1	80081.74	494.89	0.276,3.2171,2.5807,3.4558,1.8333,10.1525,0.5327,0.1344,0.0321
1	Round_3_Replicate_4	-5600.91	11219.82	7556.98	4536.99	0.0819,0.0819,0.3045,8.5515,10.8567,0.0849,2.1815,0.0028,0.0415
1	Round_4_Replicate_3	-3236.71	6491.42	2068.23	4532.1	0.0762,0.2236,0.9277,12.0409,18.8388,0.046,4.2609,0.0883,0.0196
1	Round_3_Replicate_12	-3469.67	6957.34	14557.9	415.18	1.2016,2.5845,8.7711,0.0717,1.6156,1.8073,0.2186,0.2028,0.0249
1	Round_4_Replicate_5	-3882.96	7783.92	2908.44	1270.56	0.2533,0.6296,0.6341,0.5085,1.0257,5.0071,1.8244,0.6261,0.0572
1	Round_3_Replicate_13	-3244.94	6507.88	1793.53	248.67	1.165,6.1307,2.9922,0.594,0.1838,10.9906,4.1104,0.1362,0.0783
1	Round_4_Replicate_11	-3692.45	7402.9	2434.25	1238.46	0.236,0.6998,0.2605,3.059,0.1661,12.7431,0.3117,0.3511,0.0381
1	Round_4_Replicate_6	-4337.11	8692.22	22501423.71	255.68	0.3377,7.5978,3.2531,9.1545,1.6863,9.6689,0.292,0.2866,0.082
1	Round_4_Replicate_4	-3735.31	7488.62	2662.43	5133.0	0.0851,0.1629,1.328,8.3573,18.8388,0.0287,3.395,0.1801,0.0497
1	Round_3_Replicate_14	-5587.74	11193.48	7597.56	282.54	4.2982,1.0619,4.6511,0.1693,0.5583,1.8298,5.714,0.2947,0.0535
1	Round_4_Replicate_6	-3096.98	6211.96	1406.83	1029.09	0.2745,0.9498,0.9241,0.6576,0.5829,3.7223,2.3282,0.9893,0.0173
1	Round_4_Replicate_12	-3517.99	7053.98	2378.83	998.68	0.4555,1.0099,0.19,2.3175,0.1115,12.2719,0.564,0.3459,0.0243
1	Round_3_Replicate_13	-4824.03	9666.06	5703.54	361.54	2.8448,1.6906,13.5064,0.5119,0.5676,9.4414,0.1471,0.5606,0.0418
1	Round_3_Replicate_15	-5215.39	10448.78	10790.04	443.09	0.437,7.1554,0.5809,0.342,0.1282,3.3105,7.8308,0.1283,0.016
1	Round_4_Replicate_5	-4188.79	8395.58	3590.62	3596.33	0.1141,0.1906,0.5178,5.6418,18.2357,0.0321,3.332,0.2767,0.0136
1	Round_4_Replicate_7	-3170.73	6359.46	18665.68	454.91	0.2008,4.0971,1.5757,5.8511,1.3505,7.2847,0.2625,0.1108,0.0177
1	Round_3_Replicate_5	-6999.33	14016.66	11973.64	11778.03	0.0857,0.023,3.5747,19.8,19.8,0.0915,5.9647,0.0029,0.0399
1	Round_2_Replicate_14	-4530.11	9078.22	5869.24	129.33	0.1956,10.4914,19.9649,19.0747,0.6801,0.6994,0.1411,0.0472,0.146
1	Round_4_Replicate_7	-3149.86	6317.72	1539.51	928.74	0.3299,1.1806,0.4586,0.2634,0.8609,5.5742,1.2659,0.628,0.0169
1	Round_2_Replicate_15	-14125.05	28268.1	121454.33	6687.42	0.0624,0.0427,19.8,19.8,0.2285,0.0424,2.2414,0.99,0.063
1	Round_4_Replicate_13	-3688.22	7394.44	125491.58	895.91	0.3838,1.8908,0.1251,5.1597,0.0574,8.337,0.2851,0.2962,0.0391
1	Round_3_Replicate_14	-3262.51	6543.02	1771.17	293.43	0.734,3.3154,18.3815,0.9046,0.4157,2.2384,0.1705,0.1749,0.0122
1	Round_3_Replicate_6	-5920.77	11859.54	8298.65	14821.27	0.0318,0.0358,0.4642,16.5527,6.1405,0.0721,1.6515,0.0217,0.0167
1	Round_4_Replicate_6	-3282.87	6583.74	2750.14	3417.88	0.1039,0.2976,1.1584,10.5858,14.7253,0.0279,6.8687,0.1954,0.0309
1	Round_4_Replicate_1	-3456.93	6931.86	2288.78	226.65	1.0114,7.5659,3.0788,0.6086,0.1033,11.9508,4.9557,0.1159,0.0856
1	Round_4_Replicate_8	-3914.43	7846.86	11569802.76	452.58	0.5695,2.8372,2.2801,4.3932,1.3477,18.8388,0.3453,0.2894,0.0485
1	Round_3_Replicate_1	-3837.04	7692.08	2894.74	3252.86	0.1271,0.2906,2.1698,19.8,0.169,0.9056,0.4587,0.0122,0.0278
1	Round_4_Replicate_8	-3928.12	7874.24	3152.37	1384.86	0.2167,0.5804,0.965,0.3925,0.7273,3.4873,0.7428,0.9899,0.0298
1	Round_4_Replicate_14	-3785.39	7588.78	717666.36	898.56	0.3901,2.1728,0.1003,5.0951,0.0716,5.109,0.4124,0.556,0.0374
1	Round_3_Replicate_15	-4744.46	9506.92	242247763.22	258.96	1.9224,4.7603,5.9693,0.0965,1.5421,10.4186,0.8265,0.5984,0.0249
1	Round_3_Replicate_7	-4528.61	9075.22	4675.47	6701.29	0.0842,0.0851,1.3336,17.7549,18.8388,0.0111,16.2914,0.0123,0.1213
1	Round_2_Replicate_15	-6624.84	13267.68	19300.21	109.07	0.0894,17.9243,10.9127,1.6239,0.1104,0.0374,0.1588,0.0878,0.0521
1	Round_3_Replicate_2	-3129.45	6276.9	1409.43	881.9	0.1544,1.5798,0.5064,9.173,0.312,3.4204,0.1036,0.1099,0.0518
1	Round_4_Replicate_7	-3717.2	7452.4	2744.47	3535.09	0.1282,0.2233,0.7235,6.536,17.8498,0.0782,4.9408,0.2867,0.0319
1	Round_3_Replicate_8	-5454.98	10927.96	6898.33	5201.83	0.0795,0.0814,0.3373,14.452,6.8027,0.0635,13.552,0.0144,0.0285
1	Round_4_Replicate_9	-3956.53	7931.06	2975.37	1351.93	0.2013,0.6196,0.4402,0.1833,1.0576,11.842,1.5251,0.517,0.0388
1	Round_4_Replicate_15	-3544.76	7107.52	2201.69	1153.28	0.2257,0.8704,0.1611,2.0467,0.1266,16.2217,0.3945,0.2722,0.0494
1	Round_4_Replicate_2	-3268.9	6555.8	11316.08	203.21	2.1363,6.0087,4.4274,0.6947,0.2463,13.3911,6.2715,0.248,0.0459
1	Round_4_Replicate_9	-3147.91	6313.82	6462.83	589.06	0.1782,2.3801,3.4118,4.5313,1.7277,18.8388,0.2898,0.1317,0.0233
1	Round_4_Replicate_1	-3405.23	6828.46	4043.38	301.77	0.5946,4.7825,9.2988,0.5013,0.8107,2.7499,0.0921,0.1986,0.0169
1	Round_3_Replicate_3	-6437.59	12893.18	10956.17	1058.98	2.1276,0.5465,1.4828,14.329,0.1782,1.0948,0.6877,0.1629,0.034
1	Round_4_Replicate_8	-4133.33	8284.66	5209.08	4640.8	0.0543,0.2964,1.497,8.3878,18.7583,0.0523,3.8734,0.2634,0.0173
1	Round_3_Replicate_9	-4295.64	8609.28	4563.19	4449.54	0.0617,0.1852,1.8143,5.7956,3.9423,0.0758,7.4449,0.0359,0.0236
1	Round_4_Replicate_10	-3428.86	6875.72	1987.62	1108.75	0.3382,0.7476,0.6023,0.5618,0.9275,5.7231,1.7326,0.8243,0.0306
1	Round_4_Replicate_16	-3416.82	6851.64	2483.18	1060.99	0.2811,1.1003,0.1218,3.8286,0.0717,4.0781,0.6072,0.3155,0.0486
1	Round_3_Replicate_4	-4620.17	9258.34	4492.88	645.51	1.541,1.2375,0.9539,4.688,0.0447,0.4118,0.2979,0.1974,0.0221
1	Round_3_Replicate_1	-5388.32	10794.64	51181.46	174.97	0.4445,7.4011,14.801,10.9568,0.1093,0.0484,0.7127,0.01,0.1534
1	Round_3_Replicate_10	-5054.01	10126.02	6033.98	4517.35	0.1272,0.0975,0.5951,18.8388,16.4765,0.0672,1.9335,0.0264,0.0569
1	Round_4_Replicate_2	-3593.91	7205.82	2632.89	343.92	0.527,2.8693,16.8332,0.8967,0.3517,1.5492,0.145,0.1807,0.0101
1	Round_4_Replicate_9	-4206.77	8431.54	3590.25	3752.0	0.1177,0.1605,0.5112,7.5725,18.8388,0.0374,4.8456,0.3082,0.0242
1	Round_4_Replicate_3	-3067.87	6153.74	1507.31	265.3	0.7457,5.3709,3.8113,0.5523,0.1397,16.4232,2.8873,0.1772,0.0303
1	Round_4_Replicate_10	-3195.04	6408.08	150050.25	359.71	0.3246,4.52,3.5588,3.1548,1.3985,14.1204,0.4514,0.3049,0.0216
1	Round_3_Replicate_5	-6688.58	13395.16	19480.0	2007.42	0.7202,0.3428,1.2354,18.8388,0.1315,3.9238,0.2757,0.0666,0.0964
1	Round_2_Replicate_12	-9682.18	19382.36	1.0727314914867671e+21	564.65	1.5341,3.917,19.8,19.8,0.103,0.0199,14.2984,0.99,0.1376
1	Round_4_Replicate_11	-3687.98	7393.96	2919.38	938.66	0.4464,0.9364,1.0083,0.1861,0.7084,5.6628,0.9252,0.9904,0.0338
1	Round_4_Replicate_17	-3263.72	6545.44	2890.43	864.31	0.2077,2.0342,0.2054,2.7073,0.0653,9.7353,0.4423,0.9652,0.027
1	Round_4_Replicate_10	-3594.4	7206.8	2338.09	5543.08	0.0683,0.1488,1.0407,10.7979,13.7375,0.0374,6.723,0.094,0.0591
1	Round_4_Replicate_3	-3661.71	7341.42	2841.95	384.48	0.4407,2.7265,11.783,0.5909,0.4412,2.1746,0.267,0.3411,0.005
1	Round_4_Replicate_11	-3601.67	7221.34	294610.24	376.66	0.5086,4.7092,1.5284,3.5333,0.8528,7.9475,0.3986,0.2268,0.07
1	Round_3_Replicate_6	-7318.89	14655.78	31017.22	1882.39	1.2983,0.3466,2.5026,18.8388,0.1157,2.5233,0.4435,0.0208,0.0326
1	Round_4_Replicate_4	-3486.67	6991.34	2350.76	281.99	1.1522,5.6032,2.3758,0.433,0.176,15.6294,8.7458,0.2562,0.1036
1	Round_4_Replicate_12	-3127.02	6272.04	1471.75	841.83	0.4299,1.2063,0.8188,0.1909,0.3561,2.4792,1.9262,0.9906,0.0398
1	Round_4_Replicate_18	-3736.01	7490.02	3775.02	1088.47	0.3073,0.9113,0.2021,5.1311,0.1436,10.001,0.3343,0.5493,0.0582
1	Round_3_Replicate_11	-4742.79	9503.58	7841.6	5730.08	0.0215,0.3219,2.8885,10.3712,15.4083,0.1051,6.4516,0.0108,0.0188
1	Round_3_Replicate_7	-3141.41	6300.82	1399.45	863.69	0.1903,1.3565,1.5761,6.9805,0.1306,1.5527,0.1255,0.0785,0.0285
1	Round_4_Replicate_11	-3744.17	7506.34	3378.55	4178.56	0.0739,0.3124,0.9962,7.5175,18.8388,0.0721,2.9282,0.1349,0.0521
1	Round_4_Replicate_4	-3150.12	6318.24	1620.93	169.81	1.2392,6.2874,15.0932,0.4904,0.2199,1.6184,0.1451,0.1064,0.0108
1	Round_2_Replicate_13	-6329.18	12676.36	15791.23	420.41	0.0449,3.612,6.4572,3.071,0.0363,0.1117,8.6993,0.1331,0.0369
1	Round_4_Replicate_13	-3547.3	7112.6	2207.55	1136.36	0.3698,0.695,0.3039,0.3558,0.9211,3.4387,2.7422,0.8399,0.0526
1	Round_4_Replicate_5	-3426.6	6871.2	2198.55	273.16	1.6397,5.0153,2.3372,0.3715,0.1209,8.3557,3.8586,0.1097,0.0471
1	Round_4_Replicate_19	-3589.3	7196.6	2375.05	1161.35	0.2757,0.7909,0.1209,3.2408,0.1128,10.7266,0.369,0.2656,0.0468
1	Round_3_Replicate_12	-4256.75	8531.5	4014.9	6935.17	0.021,0.195,0.8775,18.8388,15.7187,0.1167,12.9433,0.0328,0.136
1	Round_4_Replicate_12	-3337.44	6692.88	469000.14	419.76	0.3016,3.3782,3.4147,5.5987,1.5053,18.8388,0.3559,0.1083,0.0403
1	Round_3_Replicate_8	-6031.59	12081.18	19243.4	892.74	0.6973,1.1151,0.6216,13.4548,0.3867,1.1062,0.1639,0.0121,0.1284
1	Round_2_Replicate_14	-7391.58	14801.16	37469.68	492.59	0.4545,14.6892,3.6033,1.0128,0.4156,0.1129,3.7034,0.9898,0.0713
1	Round_4_Replicate_12	-3374.08	6766.16	2326.24	3958.07	0.0928,0.2563,0.8776,7.893,15.8712,0.0597,5.5522,0.1714,0.0275
1	Round_4_Replicate_5	-3602.33	7222.66	2521.36	391.5	1.1414,1.847,8.7333,1.0706,0.5547,1.3242,0.0958,0.1003,0.0075
1	Round_3_Replicate_13	-4492.09	9002.18	4227.65	2572.8	0.0478,0.2974,0.3938,12.6216,4.3873,0.0168,4.7061,0.0035,0.0897
1	Round_3_Replicate_9	-7946.09	15910.18	47928.77	1707.48	1.4033,0.2822,0.798,12.0631,0.0656,2.9664,0.1235,0.0109,0.0317
1	Round_4_Replicate_14	-4091.11	8200.220000000001	4176.35	935.74	0.592,0.8668,0.5741,0.6992,0.7865,5.039,0.9513,0.9904,0.0476
1	Round_4_Replicate_20	-3485.04	6988.08	2349.67	1171.87	0.2218,0.8543,0.087,3.1357,0.112,6.0386,0.7299,0.3706,0.0471
1	Round_4_Replicate_13	-3626.96	7271.92	3179900.37	337.84	0.2903,5.8394,2.6018,5.2696,1.8439,14.7721,0.9073,0.2919,0.0351
1	Round_3_Replicate_14	-4444.75	8907.5	5372.85	13457.22	0.0235,0.0681,0.6071,8.6533,18.9026,0.021,18.8919,0.0069,0.0346
1	Round_4_Replicate_13	-4596.49	9210.98	4654.8	6197.0	0.0583,0.1274,1.0126,7.3149,17.3712,0.0619,2.245,0.2267,0.0298
1	Round_3_Replicate_10	-3664.55	7347.1	2921.55	1133.12	0.2017,0.9644,2.2247,14.6892,0.104,1.9824,0.0701,0.0361,0.0395
1	Round_4_Replicate_6	-3003.64	6025.28	1477.99	171.71	1.3576,6.1503,14.2097,0.6101,0.2561,1.7633,0.13,0.1734,0.0121
1	Round_4_Replicate_6	-3033.97	6085.94	1358.6	205.57	1.3985,6.2586,5.4186,0.354,0.1409,18.7423,7.4257,0.1798,0.0411
1	Round_4_Replicate_15	-3248.4	6514.8	1639.82	1097.72	0.2926,0.799,0.9226,0.4477,0.3541,4.0845,2.5695,0.8828,0.0206
1	Round_3_Replicate_15	-3396.26	6810.52	86424.44	4660.66	0.0857,0.2173,0.7423,7.1336,18.3815,0.141,14.3258,0.0054,0.0461
1	Round_4_Replicate_14	-3463.98	6945.96	5222.82	434.21	0.1856,4.9808,1.2605,3.8369,1.1441,9.7572,0.6299,0.2937,0.0395
1	Round_4_Replicate_14	-3507.03	7032.06	2262.64	3210.24	0.0644,0.3382,0.5955,13.5958,14.4435,0.0516,2.8583,0.0887,0.0313
1	Round_3_Replicate_11	-4588.61	9195.22	8121.25	543.16	0.894,2.0913,2.5268,14.6892,0.0329,0.8605,0.6824,0.1188,0.0159
1	Round_4_Replicate_7	-3663.55	7345.1	2775.1	487.89	0.44,1.9186,10.6754,1.2831,0.2348,1.8071,0.2547,0.1068,0.0055
1	Round_4_Replicate_16	-3960.14	7938.28	2997.52	1251.01	0.2339,0.6736,0.4172,0.6975,0.4434,11.1417,1.8713,0.3989,0.043
1	Round_4_Replicate_7	-4071.84	8161.68	4193.53	206.22	0.8126,9.37,3.2642,0.4089,0.2192,18.8388,2.2916,0.1348,0.1261
1	Round_4_Replicate_1	-3345.23	6708.46	67480.21	3356.1	0.0634,0.3979,1.183,12.4354,12.722,0.1456,10.318,0.0033,0.048
1	Round_3_Replicate_2	-4819.98	9657.96	5123.18	212.03	0.0675,6.1148,19.8,19.8,0.2043,0.0154,0.5924,0.0091,0.2606
1	Round_3_Replicate_12	-5447.48	10912.96	7592.72	795.01	1.2604,0.8781,1.0691,4.7623,0.1912,0.5995,0.2334,0.0264,0.0519
1	Round_4_Replicate_15	-3522.27	7062.54	36939.83	357.18	0.1995,6.0003,1.9781,5.8835,1.3918,10.4415,0.7034,0.2126,0.0595
1	Round_4_Replicate_15	-3458.47	6934.94	2716.66	2705.44	0.1104,0.33,0.559,9.2017,13.533,0.0346,5.5597,0.1174,0.0127
1	Round_4_Replicate_17	-3617.61	7253.22	2352.74	1065.26	0.4283,0.772,0.3677,0.6657,0.595,6.0977,0.7729,0.6816,0.0204
1	Round_4_Replicate_8	-3186.05	6390.1	1603.21	300.04	0.5044,3.5162,14.9197,1.715,0.2947,1.9442,0.139,0.2597,0.0081
1	Round_4_Replicate_8	-3229.07	6476.14	1622.04	244.93	1.6979,4.9932,3.5629,0.476,0.201,8.4838,2.1094,0.0857,0.0695
1	Round_4_Replicate_16	-3569.1	7156.2	2872.07	2480.05	0.1392,0.3783,0.5674,6.9662,15.5659,0.0376,4.7668,0.212,0.0219
1	Round_4_Replicate_16	-4418.47	8854.94	18729578.87	314.63	0.508,6.4892,1.5915,5.1291,0.9645,9.7987,0.6414,0.3526,0.0718
1	Round_4_Replicate_2	-3574.76	7167.52	183442.83	4543.79	0.0924,0.2291,0.5124,3.9389,19.6214,0.0797,19.5012,0.0029,0.036
1	Round_3_Replicate_13	-4395.89	8809.78	4110.79	2834.83	0.2178,0.295,6.0456,15.8234,0.0425,0.5736,0.069,0.0209,0.0111
1	Round_4_Replicate_18	-3642.2	7302.4	2353.82	1276.72	0.2086,0.6801,0.4146,0.5983,1.1169,5.9051,0.8172,0.887,0.0531
1	Round_3_Replicate_3	-4903.98	9825.96	8828.34	101.23	0.1122,15.9123,18.1647,2.7308,0.1373,0.0545,0.1793,0.015,0.0608
1	Round_3_Replicate_14	-4221.27	8460.54	3529.22	1281.2	0.3887,0.6104,1.2416,5.3984,0.3316,1.1304,0.1863,0.0139,0.0409
1	Round_4_Replicate_9	-3149.24	6316.48	2099.93	267.19	0.921,6.7606,2.9902,0.8218,0.2542,6.3087,7.4942,0.2434,0.0529
1	Round_4_Replicate_17	-4364.56	8747.12	4014.76	4354.61	0.1069,0.1159,0.4733,8.2698,18.7395,0.0776,4.0547,0.1629,0.0142
1	Round_4_Replicate_9	-3248.99	6515.98	1678.15	260.25	1.1298,3.5492,12.4649,0.5189,0.2524,4.0936,0.0921,0.2455,0.0068
1	Round_4_Replicate_3	-3898.42	7814.84	6432.38	3089.72	0.1093,0.2222,0.4209,5.7709,12.5335,0.1825,14.2929,0.0072,0.0452
1	Round_4_Replicate_17	-4440.48	8898.96	275372057.63	468.7	0.4073,2.7206,2.6452,8.2632,1.932,17.1806,0.6845,0.1498,0.0828
1	Round_3_Replicate_4	-3849.63	7717.26	3507.17	298.0	0.1508,5.5769,3.7179,3.5483,0.0586,0.0419,0.2657,0.038,0.0766
1	Round_4_Replicate_19	-3540.23	7098.46	2182.06	916.13	0.541,1.0086,0.4549,0.7105,0.8688,9.7146,0.7521,0.4218,0.0481
1	Round_3_Replicate_15	-4306.01	8630.02	3624.5	1152.21	0.411,0.6711,0.796,4.2243,0.042,0.5837,0.215,0.1322,0.0138
1	Round_4_Replicate_18	-4083.16	8184.32	3684.31	4491.9	0.084,0.1835,0.9955,4.7992,10.9298,0.088,2.4721,0.1642,0.0224
1	Round_4_Replicate_4	-3396.25	6810.5	6277.65	5431.78	0.0831,0.1407,1.1508,11.8219,18.0455,0.226,13.4088,0.0089,0.0235
1	Round_4_Replicate_10	-3419.12	6856.24	48325.03	173.12	1.7887,8.6331,4.6237,1.1537,0.1027,12.4702,2.1295,0.1773,0.0414
1	Round_3_Replicate_5	-3429.79	6877.58	3062.28	283.66	0.1209,6.159,3.7185,12.3249,0.0213,0.0857,0.9742,0.0299,0.0919
1	Round_4_Replicate_10	-3945.52	7909.04	3298.98	478.52	0.5133,1.8114,17.9118,0.6083,0.2361,2.6339,0.2911,0.3288,0.0084
1	Round_4_Replicate_20	-3972.63	7963.26	3159.44	1067.71	0.4141,0.7118,0.6087,0.3529,0.4812,2.8218,1.5751,0.6473,0.0508
1	Round_4_Replicate_1	-3159.19	6336.38	1842.61	690.07	0.1276,2.8162,0.4635,13.7538,0.1445,2.8292,0.1242,0.1404,0.0359
1	Round_4_Replicate_18	-3332.36	6682.72	7759.8	552.13	0.1844,2.8365,3.0105,3.7329,1.9364,18.1037,0.626,0.2375,0.064
1	Round_5_Replicate_1	-2809.32	5636.64	946.56	773.37	0.2232,1.717,0.8105,2.8982,0.4565,11.7596,0.6527,0.5016,0.0003
1	Round_4_Replicate_5	-3448.27	6914.54	30710.99	4694.31	0.0672,0.2091,0.5188,9.8888,18.7754,0.1517,12.3746,0.0058,0.0385
1	Round_4_Replicate_19	-3719.44	7456.88	2527.77	4465.38	0.0953,0.1574,1.4655,14.0356,15.3753,0.0529,2.2346,0.1494,0.0209
1	Round_2_Replicate_15	-9126.36	18270.72	48744.38	2762.67	0.0431,3.6165,19.8,1.2094,0.0599,0.0576,19.8,0.9895,0.012
1	Round_3_Replicate_6	-4179.74	8377.48	7439.63	170.18	0.1924,11.7541,5.1823,8.9788,0.1564,0.0769,1.4594,0.0466,0.1867
1	Round_4_Replicate_11	-3810.71	7639.42	2706.66	306.04	1.0237,3.7112,3.9616,0.4379,0.1196,9.4091,5.246,0.0814,0.1045
1	Round_4_Replicate_2	-2967.59	5953.18	1173.38	728.54	0.2616,1.8982,0.7596,5.2685,0.2275,1.7396,0.1065,0.0942,0.0256
1	Round_4_Replicate_11	-3361.61	6741.22	2004.26	464.57	0.597,1.8905,16.5225,1.1897,0.6477,1.9465,0.1514,0.1661,0.005
1	Round_3_Replicate_1	-3345.27	6708.54	104762.67	416.05	1.4385,1.948,4.1578,0.8508,1.4426,0.0646,7.2142,0.1436,0.0197
1	Round_4_Replicate_20	-3610.24	7238.48	2543.69	4468.97	0.1277,0.1646,1.3042,5.3032,18.8388,0.0373,5.5032,0.1637,0.035
1	Round_4_Replicate_19	-3674.22	7366.44	5650165.32	272.54	0.3994,6.3753,3.7257,4.4114,1.2895,14.6653,0.6608,0.3646,0.0242
1	Round_4_Replicate_6	-3679.18	7376.36	590507.33	4140.73	0.0549,0.3831,0.5878,10.7497,19.3848,0.23,19.4743,0.0037,0.0481
1	Round_4_Replicate_3	-3059.42	6136.84	1445.87	839.67	0.1468,1.7096,0.5765,9.4458,0.3512,4.5083,0.0642,0.0694,0.0383
1	Round_3_Replicate_7	-4838.76	9695.52	4907.9	314.75	0.1436,4.023,14.3118,5.2329,0.0321,0.0112,1.0156,0.0219,0.2598
1	Round_4_Replicate_12	-2975.26	5968.52	1536.96	210.86	1.1625,7.1539,4.5342,0.6588,0.1921,6.1668,5.0653,0.1115,0.0344
1	Round_4_Replicate_12	-3543.62	7105.24	2701.71	241.72	0.4174,5.3683,18.8388,0.9048,0.461,3.8681,0.1679,0.1389,0.0071
1	Round_3_Replicate_2	-4837.52	9693.04	477681896155.68	106.56	2.3308,13.2061,18.8388,1.7663,0.7904,0.2111,5.6379,0.1141,0.0049
1	Round_4_Replicate_20	-3023.05	6064.1	1350.71	497.26	0.2029,2.7367,2.8303,3.2278,0.6307,18.8388,0.3661,0.2659,0.0361
1	Round_4_Replicate_4	-3363.71	6745.42	2191.68	720.16	0.2748,2.8356,0.2842,4.4886,0.1961,2.4678,0.0968,0.1521,0.0529
1	Round_4_Replicate_7	-4352.27	8722.54	71322.57	5877.05	0.0461,0.2919,1.296,4.2569,19.6214,0.2192,19.5012,0.0087,0.0236
1	Round_4_Replicate_13	-3316.4	6650.8	2066.17	309.74	0.7446,3.4527,13.1582,0.505,0.5579,1.806,0.1044,0.2568,0.0065
1	Round_4_Replicate_13	-3725.34	7468.68	2344.75	248.62	1.9859,3.7208,5.4549,0.3515,0.1629,15.5977,3.2346,0.1947,0.1133
1	Round_4_Replicate_5	-3239.02	6496.04	1564.85	1188.69	0.0943,0.9807,0.6058,15.3232,0.1833,2.5763,0.0837,0.0683,0.0313
1	Round_3_Replicate_3	-3267.42	6552.84	7687.78	153.55	2.2972,6.1545,18.8388,0.7991,0.1959,0.1479,9.9913,0.0725,0.0051
1	Round_4_Replicate_8	-3863.29	7744.58	6805.61	2608.66	0.0806,0.3601,0.3913,5.7738,10.0907,0.1208,17.0028,0.0033,0.0447
1	Round_4_Replicate_14	-3813.44	7644.88	3292.04	530.08	0.4919,1.7481,13.1003,0.7245,0.7176,1.4948,0.1192,0.0963,0.0131
1	Round_4_Replicate_6	-3316.83	6651.66	2829.78	715.97	0.1669,2.7558,0.3725,8.0818,0.5579,6.0254,0.2261,0.0708,0.0589
1	Round_4_Replicate_14	-3775.28	7568.56	2769.68	218.25	0.6629,6.5261,5.8354,0.5315,0.1053,11.6972,3.5442,0.0996,0.1065
1	Round_4_Replicate_9	-3580.04	7178.08	3232.07	7067.52	0.063,0.125,0.8179,6.2981,18.8388,0.1812,14.8756,0.0048,0.0467
1	Round_3_Replicate_8	-4662.27	9342.54	233629.82	84.01	0.3697,19.8,19.8,13.2605,0.0666,0.0613,0.98,0.1016,0.0305
1	Round_4_Replicate_15	-4277.59	8573.18	4513.67	464.72	0.4681,1.9255,13.0574,0.5396,0.3427,2.6189,0.3132,0.1389,0.0079
1	Round_4_Replicate_7	-3003.79	6025.58	1267.3	906.14	0.1726,1.4204,0.6112,12.6052,0.5402,1.9776,0.1614,0.1544,0.0214
1	Round_4_Replicate_10	-3312.65	6643.3	6433.06	5974.82	0.0548,0.1633,0.629,12.5799,19.8,0.1257,11.6282,0.0059,0.0328
1	Round_4_Replicate_15	-3673.87	7365.74	6971.1	262.02	1.4146,6.4633,1.9386,1.1411,0.1302,17.1407,4.6146,0.0801,0.09
1	Round_5_Replicate_1	-3026.78	6071.56	1311.79	1148.52	0.2048,0.9461,1.5398,0.6656,0.2836,5.1271,3.879,0.9663,0.0004
1	Round_3_Replicate_4	-5555.27	11128.54	44035948606.09	199.17	2.4283,5.3456,15.0048,3.0164,0.1689,0.4062,15.3006,0.1267,0.0081
1	Round_5_Replicate_2	-2815.45	5648.9	1025.17	663.8	0.1956,2.1022,1.2161,1.4594,0.2133,10.2404,0.4829,0.7888,0.0016
1	Round_4_Replicate_8	-3065.43	6148.86	1583.77	771.38	0.1259,2.0621,0.5809,9.1611,0.6015,5.9796,0.0648,0.074,0.0335
1	Round_4_Replicate_16	-3492.76	7003.52	2339.69	238.87	0.4454,4.6742,18.8388,1.0031,0.2112,3.3048,0.1134,0.2038,0.0101
1	Round_4_Replicate_11	-3708.93	7435.86	112535.66	3713.56	0.0624,0.2872,0.4179,11.7299,18.4402,0.1118,11.3338,0.0029,0.0608
1	Round_4_Replicate_16	-3281.01	6580.02	6533.31	273.57	1.5711,4.9134,2.5098,1.0443,0.1946,16.5758,4.2424,0.1128,0.0523
1	Round_3_Replicate_5	-3416.22	6850.44	2327.31	708.52	0.6434,1.2691,6.708,0.7703,0.8223,0.0292,6.4189,0.3941,0.0033
1	Round_5_Replicate_1	-3115.39	6248.78	2101.8	3578.05	0.0678,0.3143,1.2474,15.4805,13.8164,0.0261,2.8102,0.0588,0.0031
1	Round_4_Replicate_9	-3403.42	6824.84	2306.41	622.99	0.1278,2.9005,0.7665,5.3646,0.4773,3.0031,0.0534,0.0898,0.0345
1	Round_4_Replicate_17	-3589.53	7197.06	2547.56	325.99	0.6496,2.9001,14.8026,0.8776,0.2372,1.5142,0.0853,0.1361,0.0171
1	Round_3_Replicate_9	-4791.29	9600.58	8654.35	116.72	0.0674,14.1117,18.8388,5.4263,0.2191,0.0131,1.2796,0.0666,0.0728
1	Round_3_Replicate_6	-3682.06	7382.12	4453.82	500.62	1.1197,1.2317,7.7008,1.1055,1.4223,0.027,3.3134,0.0541,0.0072
1	Round_4_Replicate_10	-3259.44	6536.88	1663.26	1164.4	0.1375,0.93,0.7021,7.7444,0.3492,4.1956,0.0649,0.1026,0.0202
1	Round_4_Replicate_17	-3901.63	7821.26	2881.4	311.66	0.793,3.9304,4.2408,0.377,0.2846,18.0455,6.8882,0.1133,0.1358
1	Round_4_Replicate_12	-3588.58	7195.16	48838301.83	3140.42	0.1444,0.3396,1.2829,6.986,18.4268,0.1532,19.5552,0.0059,0.037
1	Round_3_Replicate_10	-4216.0	8450.0	14987.24	198.3	0.1971,10.5894,3.4199,14.6892,0.1241,0.1011,0.2226,0.0133,0.0999
1	Round_3_Replicate_7	-4511.04	9040.08	6026.01	702.32	0.3633,1.6722,17.2879,0.6575,0.1424,0.2021,3.6079,0.5337,0.0207
1	Round_4_Replicate_18	-3484.05	6986.1	2177.26	401.2	0.5104,2.3904,17.541,0.9433,0.2573,3.3788,0.2007,0.3136,0.0185
1	Round_4_Replicate_11	-3348.88	6715.76	1910.42	979.23	0.1674,1.3834,0.2766,10.7102,0.5251,3.6354,0.1096,0.0795,0.0759
1	Round_4_Replicate_18	-3829.15	7676.3	3292.31	298.51	0.9546,6.4408,1.6362,0.5575,0.1159,5.8315,3.6451,0.1797,0.1036
1	Round_4_Replicate_13	-3706.44	7430.88	7176.5	3964.98	0.1073,0.1834,0.6327,7.6546,15.7846,0.0957,10.8519,0.0122,0.0546
1	Round_5_Replicate_1	-2772.18	5562.36	1021.47	589.15	0.3479,2.2712,1.3773,2.152,0.5112,15.4164,0.449,0.3133,0.0013
1	Round_3_Replicate_8	-3649.96	7317.92	3482.23	229.39	0.6646,8.1058,5.7336,0.5557,0.1156,0.149,7.8045,0.225,0.0067
1	Round_4_Replicate_19	-3350.35	6718.7	2619.04	270.17	0.5908,5.0133,11.7685,0.688,0.6927,1.641,0.2125,0.1807,0.0078
1	Round_4_Replicate_12	-3306.37	6630.74	1727.21	1040.41	0.1812,1.0575,0.8731,6.2879,0.2763,6.2213,0.0982,0.0925,0.0434
1	Round_4_Replicate_19	-3296.73	6611.46	1579.24	252.21	1.1155,5.0475,4.3191,0.7674,0.2372,16.0394,4.5914,0.1233,0.1207
1	Round_4_Replicate_14	-4472.13	8962.26	153859.86	4968.37	0.0511,0.3865,1.3422,5.4942,19.6214,0.1699,19.5012,0.0033,0.089
1	Round_4_Replicate_20	-3204.35	6426.7	2509.35	265.0	0.9486,4.2304,17.0751,0.4828,0.624,1.7635,0.0926,0.1432,0.0074
1	Round_4_Replicate_13	-3118.04	6254.08	1497.25	892.27	0.0977,1.8662,0.3031,17.8645,0.2472,3.44,0.1719,0.1936,0.0378
1	Round_4_Replicate_20	-3620.55	7259.1	5797.4	321.71	1.8327,4.2179,1.5493,0.7723,0.2691,11.4293,2.0986,0.2222,0.0727
1	Round_3_Replicate_9	-3281.24	6580.48	2255.62	312.69	0.8286,3.0785,19.4873,1.5853,0.3991,0.0747,13.193,0.0689,0.0264
1	Round_5_Replicate_2	-2839.11	5696.22	1570.16	607.23	0.4658,2.0496,1.2474,0.7236,0.9626,4.0862,0.8947,0.6598,0.0001
1	Round_4_Replicate_15	-3656.09	7330.18	8003.79	5281.27	0.0648,0.1765,0.4512,7.5269,19.3249,0.1434,11.8974,0.0054,0.0619
1	Round_4_Replicate_14	-3131.91	6281.82	1587.49	704.23	0.1564,2.2581,0.7084,10.1219,0.4092,2.857,0.1132,0.0927,0.0585
1	Round_3_Replicate_11	-5670.0	11358.0	14435.12	83.4	0.0649,19.8,19.8,3.1959,0.0295,0.0151,1.6716,0.0104,0.0429
1	Round_5_Replicate_3	-2915.64	5849.28	1078.15	810.77	0.2259,1.4628,1.2849,1.1942,0.3505,7.2106,0.3531,0.9033,0.0017
1	Round_4_Replicate_16	-3275.38	6568.76	29971.96	3319.6	0.115,0.3079,1.1287,5.0561,11.4452,0.2767,17.0751,0.0082,0.0263
1	Round_4_Replicate_15	-3701.83	7421.66	6687.2	1072.38	0.2402,0.982,0.9606,12.5209,0.4729,6.3641,0.0553,0.086,0.0277
1	Round_3_Replicate_10	-5630.81	11279.62	102881865596.31	281.6	1.7056,3.0895,15.2953,4.3097,0.6976,0.0431,7.8813,0.0404,0.0024
1	Round_5_Replicate_2	-3193.47	6404.94	3173.61	2326.62	0.1119,0.4669,0.9659,8.0757,9.0631,0.0611,4.2484,0.1013,0.0025
1	Round_4_Replicate_17	-3190.65	6399.3	78319.49	4635.25	0.0747,0.2177,1.0169,11.4095,17.0751,0.0849,14.7219,0.0038,0.0193
1	Round_3_Replicate_12	-6035.07	12088.14	10914.45	125.45	0.1035,12.1319,15.4715,3.9915,0.0598,0.1292,0.1828,0.0511,0.323
1	Round_4_Replicate_16	-3097.25	6212.5	1322.96	848.71	0.1743,1.5809,0.6721,8.1405,0.2576,2.2392,0.0761,0.1016,0.0476
1	Round_3_Replicate_11	-4691.26	9400.52	4896.74	387.42	2.1384,1.5761,8.0473,1.0762,0.1579,0.2737,14.0099,0.1345,0.0057
1	Round_4_Replicate_17	-3169.53	6357.06	1573.46	800.75	0.1266,1.8848,0.6172,11.3151,0.3859,4.9444,0.0966,0.1225,0.0618
1	Round_4_Replicate_18	-3483.87	6985.74	65102.88	5703.85	0.0572,0.2321,1.2538,7.279,19.6214,0.1403,19.5012,0.0033,0.0321
1	Round_4_Replicate_18	-3357.17	6732.34	1808.08	988.94	0.2301,1.0976,0.8182,5.862,0.2485,3.8475,0.1218,0.0817,0.0517
1	Round_3_Replicate_13	-4744.84	9507.68	4915.06	272.06	0.0602,4.8488,12.9329,19.8,0.0484,0.0257,0.4346,0.007,0.2568
1	Round_4_Replicate_19	-3351.71	6721.42	106954.69	3497.6	0.0706,0.3907,0.937,8.7312,13.2758,0.0978,16.9367,0.0091,0.0258
1	Round_5_Replicate_2	-2839.15	5696.3	3098.15	542.07	0.4609,2.2415,2.0711,1.8178,0.9718,16.7014,0.9098,0.2039,0.0049
1	Round_3_Replicate_12	-3333.95	6685.9	1945.86	251.12	2.1336,4.2528,18.3815,0.4938,0.1943,0.1445,13.3797,0.4714,0.0172
1	Round_4_Replicate_19	-3384.53	6787.06	1981.72	1039.64	0.114,1.187,0.5119,6.6897,0.5113,3.9685,0.1304,0.0924,0.0468
1	Round_5_Replicate_1	-2839.78	5697.56	3943.05	218.13	1.4775,5.3498,5.8223,0.7608,0.3231,1.2101,0.0768,0.0973,0.0041
1	Round_3_Replicate_14	-3369.56	6757.12	33933.0	124.99	0.2323,14.6892,8.401,7.9744,0.1168,0.0239,1.1393,0.0101,0.0299
1	Round_4_Replicate_20	-3398.01	6814.02	50410.47	3800.18	0.125,0.2257,1.423,5.9896,14.4925,0.0922,15.7712,0.0074,0.0439
1	Round_3_Replicate_13	-3147.65	6313.3	8271.98	215.3	1.0237,5.1294,14.6892,1.673,0.2595,0.0645,1.8966,0.1229,0.0171
1	Round_4_Replicate_20	-3402.75	6823.5	2072.03	1065.96	0.1254,1.1599,0.3444,5.8697,0.2017,3.6194,0.112,0.0586,0.034
1	Round_5_Replicate_3	-2860.66	5739.32	1179.25	622.36	0.3695,2.0902,1.1798,0.6078,0.4026,7.589,1.6388,0.5765,0.0005
1	Round_5_Replicate_1	-2782.72	5583.44	1020.77	340.66	0.8025,3.725,3.3661,0.579,0.199,4.2154,2.2041,0.5035,0.0002
1	Round_3_Replicate_14	-3056.07	6130.14	12409.02	149.28	0.4744,11.6742,8.4068,2.6795,0.2414,0.3708,8.3609,0.0539,0.0104
1	Round_5_Replicate_4	-2790.52	5599.04	923.07	674.6	0.2467,2.0292,1.0608,2.0176,0.3086,10.3638,0.5839,0.5805,0.002
1	Round_5_Replicate_3	-3111.58	6241.16	5351.84	4494.25	0.0558,0.2286,1.0137,15.6776,13.0576,0.1882,9.3368,0.0317,0.0008
1	Round_3_Replicate_15	-3673.9	7365.8	40639973.67	212.27	0.8678,13.5496,18.9026,1.7694,0.9432,0.185,18.2584,0.4057,0.005
1	Round_3_Replicate_15	-3995.92	8009.84	5613.76	81.56	0.1184,19.8,19.8,18.7699,0.0289,0.0204,0.2673,0.0248,0.1393
1	Round_4_Replicate_1	-3311.11	6640.22	533922.4	169.78	0.8129,8.7633,8.9289,3.0504,0.1441,0.6902,11.2701,0.0659,0.0159
1	Round_4_Replicate_1	-3326.02	6670.04	2697.53	127.46	0.1858,12.5565,12.155,4.5387,0.1211,0.0136,0.6705,0.0079,0.0286
1	Round_5_Replicate_2	-2802.74	5623.48	3846.37	239.95	1.073,5.1281,5.421,1.0071,0.3371,1.6397,0.3428,0.1157,0.001
1	Round_5_Replicate_4	-3122.52	6263.04	1693.46	965.74	0.3647,0.9535,0.7046,0.2378,0.397,3.1159,1.2194,1.0,0.0019
1	Round_5_Replicate_3	-2810.6	5639.2	3080.97	457.32	0.4169,2.8622,2.3411,2.8389,0.5375,4.1475,0.3219,0.117,0.0036
1	Round_5_Replicate_1	-2770.84	5559.68	974.97	592.47	0.353,2.3008,1.2055,5.8492,1.2252,1.0725,0.2357,0.289,0.0001
1	Round_4_Replicate_2	-2977.47	5972.94	5914.98	159.18	0.4843,9.9134,9.1768,2.6288,0.1945,0.5776,4.861,0.0477,0.0132
1	Round_4_Replicate_2	-3403.38	6824.76	92598.84	154.82	0.301,9.6179,10.7484,6.9831,0.2055,0.0216,2.1081,0.0095,0.0404
1	Round_5_Replicate_5	-2860.01	5738.02	1000.74	779.52	0.2658,1.5131,1.1003,1.053,0.0059,5.4903,0.7658,0.9283,0.0002
1	Round_5_Replicate_1	-3062.68	6143.36	24075.36	3571.25	0.0719,0.3066,1.7305,12.007,11.1857,0.161,13.5745,0.0026,0.0004
1	Round_4_Replicate_3	-3185.42	6388.84	5717.32	176.69	0.3424,9.9809,8.7172,2.6385,0.4472,0.6203,12.4922,0.051,0.0142
1	Round_4_Replicate_3	-3500.36	7018.72	76034.56	128.21	0.3843,13.3615,8.8958,5.9629,0.1344,0.0409,0.7194,0.007,0.0491
1	Round_5_Replicate_4	-3059.15	6136.3	2747.06	5620.78	0.0477,0.194,1.2021,17.6896,17.8786,2.2727,7.1958,0.0046,0.0002
1	Round_4_Replicate_4	-3318.52	6655.04	33449.65	138.16	0.3933,10.1785,14.1404,4.8395,0.2065,0.0137,0.783,0.0112,0.034
1	Round_5_Replicate_2	-2766.49	5550.98	1421.7	225.76	1.1766,5.4524,5.716,0.6567,0.2767,18.8686,4.9854,0.166,0.0014
1	Round_4_Replicate_4	-3102.73	6223.46	2596.86	208.0	0.28,6.9445,11.8594,4.1406,0.1987,0.293,8.0563,0.0945,0.0096
1	Round_4_Replicate_5	-3345.12	6708.24	3049.8	111.93	0.1463,15.8567,11.0234,7.0162,0.1181,0.0362,0.8437,0.0083,0.042
1	Round_5_Replicate_3	-2802.25	5622.5	1188.91	262.83	0.7632,5.2318,4.471,1.3424,0.0294,1.77,0.4962,0.4632,0.0003
1	Round_5_Replicate_5	-2813.77	5645.54	1086.78	686.71	0.3095,1.9743,0.8587,0.5305,0.6163,4.6319,0.6871,0.9235,0.0001
1	Round_4_Replicate_5	-3234.49	6486.98	474192.08	128.33	0.7668,12.7637,10.8691,2.868,0.1389,0.4478,7.3927,0.0768,0.0065
1	Round_5_Replicate_2	-2798.43	5614.86	1012.01	532.26	0.3249,2.7698,1.3441,4.7721,0.2277,1.0971,0.0893,0.1422,0.0001
1	Round_5_Replicate_6	-2902.6	5823.2	1112.88	805.1	0.3294,1.3808,1.0175,1.7693,0.8672,6.1616,0.6324,0.6032,0.0002
1	Round_4_Replicate_6	-3131.17	6280.34	3711.32	145.42	0.1734,10.6551,11.4481,7.0952,0.0525,0.0137,1.8243,0.0065,0.0119
1	Round_5_Replicate_4	-2808.43	5634.86	1882.25	636.77	0.3812,1.9851,1.269,2.2408,0.938,16.9931,0.7682,0.1733,0.0015
1	Round_4_Replicate_6	-3304.88	6627.76	3347.67	205.21	0.3061,8.632,8.2819,2.3051,0.4296,0.716,7.7978,0.096,0.0112
1	Round_5_Replicate_2	-3132.55	6283.1	3746.45	3616.54	0.067,0.3276,0.993,11.2074,12.6136,0.1469,4.8289,0.009,0.0003
1	Round_4_Replicate_7	-3037.31	6092.62	3179.88	219.26	0.2758,7.2004,5.9062,4.7322,0.1381,0.0131,1.174,0.0125,0.0289
1	Round_5_Replicate_5	-3129.35	6276.7	8465.96	3692.36	0.0717,0.2942,1.1494,12.3904,11.946,0.0549,8.8278,0.1021,0.0064
1	Round_4_Replicate_8	-3767.17	7552.34	1209318.68	189.88	0.2722,8.3109,7.1142,10.5578,0.1957,0.0298,1.9838,0.0141,0.0497
1	Round_4_Replicate_7	-3042.32	6102.64	6082.01	167.39	0.3357,9.4418,10.0432,3.5738,0.2599,0.7223,14.0396,0.0551,0.0089
1	Round_4_Replicate_9	-3128.3	6274.6	2105.82	210.35	0.1834,7.2418,7.6854,5.3265,0.0578,0.0261,0.7557,0.0169,0.0163
1	Round_4_Replicate_8	-3383.12	6784.24	180291.75	134.52	0.4559,14.2097,7.0238,4.2188,0.1796,0.3081,17.9572,0.0314,0.0098
1	Round_5_Replicate_3	-2745.43	5508.86	1193.46	289.53	0.666,4.8504,4.003,1.4468,0.1844,19.5719,9.0425,0.1624,0.002
1	Round_5_Replicate_6	-2992.9	6003.8	1261.77	1035.09	0.2332,0.9999,0.6479,0.7343,0.8475,4.8283,1.7383,0.988,0.001
1	Round_5_Replicate_3	-2824.1	5666.2	1025.65	730.17	0.1958,1.9786,0.7744,8.7837,0.6014,2.1353,0.0425,0.185,0.0015
1	Round_5_Replicate_4	-2744.04	5506.08	957.94	238.36	0.7932,5.5827,5.4363,0.904,0.1153,4.5844,0.3174,0.4395,0.0003
1	Round_4_Replicate_10	-3503.35	7024.7	3259.59	87.75	0.1633,18.8388,17.5907,4.8062,0.0894,0.0171,0.5874,0.0123,0.0436
1	Round_5_Replicate_7	-2820.64	5659.28	967.41	669.47	0.2345,2.0588,1.1167,1.3142,0.1903,6.0177,0.2705,0.8802,0.0006
1	Round_5_Replicate_3	-3077.63	6173.26	1652.03	5703.0	0.0456,0.1953,0.8636,18.9342,19.7959,0.4638,0.1532,0.0026,0.0003
1	Round_4_Replicate_9	-3092.42	6202.84	6117.42	136.45	0.2874,11.1153,12.9803,4.536,0.1683,0.253,7.1342,0.0227,0.0092
1	Round_4_Replicate_11	-3234.51	6487.02	4253.51	123.69	0.2089,12.9726,12.1982,6.4559,0.1392,0.0228,1.6818,0.0076,0.043
1	Round_4_Replicate_10	-4192.72	8403.44	279626509.13	155.85	0.94,12.0251,5.0596,3.5883,0.3949,0.4395,5.0228,0.041,0.0128
1	Round_5_Replicate_5	-2786.13	5590.26	2162.34	377.82	0.5627,3.4338,3.2161,1.4487,0.5507,15.5602,0.6143,0.2105,0.0013
1	Round_5_Replicate_6	-3055.0	6128.0	1692.96	5696.35	0.0478,0.189,1.2143,18.4531,18.4938,0.0297,0.633,0.0013,0.0003
1	Round_4_Replicate_12	-3024.65	6067.3	2545.32	232.26	0.2659,6.7913,5.6163,4.7469,0.0798,0.0132,1.5234,0.0132,0.0289
1	Round_4_Replicate_13	-3331.83	6681.66	3032.46	122.87	0.1462,14.4326,10.0161,7.1698,0.1358,0.018,1.3063,0.0116,0.0432
1	Round_4_Replicate_11	-2886.18	5790.36	18203.07	196.65	0.8415,7.2316,7.4772,1.6444,0.313,0.3842,18.0727,0.0509,0.0104
1	Round_5_Replicate_7	-3093.26	6204.52	1629.64	1109.29	0.2663,0.8715,0.6517,0.7536,1.0455,4.7726,3.5152,0.9834,0.0001
1	Round_4_Replicate_14	-4196.78	8411.56	953655.27	86.48	0.3784,18.8388,15.9582,9.4171,0.1902,0.0298,0.9478,0.0101,0.0496
1	Round_5_Replicate_4	-2808.04	5634.08	974.14	636.22	0.3089,2.2203,0.9537,4.8145,0.4054,0.9942,0.0606,0.1276,0.0008
1	Round_4_Replicate_12	-4637.74	9293.48	4203873128.24	167.0	0.9271,10.6531,4.9776,4.9654,0.2179,0.6163,8.5114,0.0331,0.0146
1	Round_5_Replicate_5	-2793.4	5604.8	2121.25	198.6	1.1149,6.5182,6.5265,1.026,0.1835,1.9445,0.1417,0.085,0.0044
1	Round_5_Replicate_8	-2776.13	5570.26	932.57	457.49	0.3124,3.1629,2.0756,2.0957,0.0326,11.7378,0.5092,0.4338,0.0016
1	Round_5_Replicate_4	-2799.18	5616.36	3560.52	230.92	1.0207,5.4506,5.8507,1.142,0.296,4.9899,3.5053,0.0484,0.0059
1	Round_4_Replicate_15	-3344.89	6707.78	24687.65	159.32	0.2625,12.311,5.4402,6.3387,0.089,0.0405,2.0096,0.0175,0.0149
1	Round_5_Replicate_7	-3128.68	6275.36	2125.19	5204.75	0.0498,0.1992,0.8397,18.7081,17.19,0.1235,7.329,0.0215,0.0058
1	Round_4_Replicate_16	-3057.96	6133.92	3582.0	195.51	0.31,7.9359,7.0147,4.3262,0.1558,0.0379,1.2152,0.0087,0.0334
1	Round_5_Replicate_4	-3077.08	6172.16	15020.04	3299.42	0.0656,0.3394,2.1558,13.9235,9.8032,0.2251,8.7872,0.0086,0.0039
1	Round_4_Replicate_13	-3112.93	6243.86	3178.79	103.15	0.3981,15.0932,17.6375,2.6424,0.1421,0.3575,13.7477,0.0384,0.011
1	Round_4_Replicate_17	-3747.84	7513.68	200870.95	152.33	0.2658,13.712,4.824,8.6276,0.0851,0.0309,1.0047,0.0056,0.019
1	Round_5_Replicate_6	-2770.53	5559.06	1196.24	460.03	0.457,2.9135,2.0356,2.2127,0.3428,14.1879,0.28,0.1331,0.0033
1	Round_4_Replicate_14	-3255.48	6528.96	3780.56	188.39	0.279,10.7119,5.4468,3.3225,0.1681,0.3445,17.8411,0.0916,0.0062
1	Round_4_Replicate_18	-3289.68	6597.36	3557.39	175.94	0.1214,9.9635,6.7446,10.1224,0.2351,0.0306,1.2131,0.0116,0.0456
1	Round_5_Replicate_5	-2820.59	5659.18	980.59	677.97	0.2112,2.1439,0.9711,12.6059,0.1889,2.2043,0.0317,0.3741,0.0001
1	Round_5_Replicate_8	-2834.39	5686.78	2144.97	641.71	0.3819,1.8743,1.3642,1.2988,0.7636,3.0612,0.8959,0.9853,0.002
1	Round_5_Replicate_9	-2841.95	5701.9	1017.82	805.44	0.1966,1.6506,0.7475,1.1685,0.0064,7.8604,0.7892,0.9067,0.0016
1	Round_4_Replicate_19	-3227.85	6473.7	43834.46	126.29	0.2928,12.722,11.4445,6.0868,0.1981,0.0447,2.155,0.0117,0.0212
1	Round_5_Replicate_6	-2770.17	5558.34	1190.23	147.69	1.8718,8.5956,8.5288,0.451,0.115,1.5486,0.6302,0.3608,0.0075
1	Round_4_Replicate_15	-3116.97	6251.94	31734.44	115.56	0.478,14.166,14.7868,3.4761,0.1481,0.384,10.6294,0.0847,0.0118
1	Round_5_Replicate_5	-3001.98	6021.96	10377.31	990.07	0.1601,1.1876,0.8572,7.8646,2.1388,0.0229,14.165,0.0011,0.0001
1	Round_5_Replicate_8	-3170.41	6358.82	1889.34	3516.24	0.0913,0.2954,0.9043,8.6017,13.9344,0.1234,2.041,0.0406,0.0001
1	Round_4_Replicate_20	-3660.34	7338.68	2400272.5	175.46	0.2939,9.7594,6.2824,9.648,0.169,0.0206,1.6158,0.0156,0.0136
1	Round_4_Replicate_16	-3097.98	6213.96	8482.87	143.49	0.4682,11.3039,12.6819,2.1307,0.3443,0.4434,8.4502,0.0553,0.0062
1	Round_5_Replicate_5	-2741.14	5500.28	892.19	221.47	0.8653,5.938,5.9689,0.8599,0.1159,9.9094,2.0183,0.2582,0.0035
1	Round_4_Replicate_17	-3306.31	6630.62	2933.65	129.84	0.3139,14.2097,8.8733,2.5998,0.1466,0.237,10.9009,0.0333,0.0173
1	Round_5_Replicate_6	-2830.06	5678.12	1006.3	750.36	0.2174,1.7332,1.0,7.689,1.2371,1.0388,0.1283,0.1447,0.0029
1	Round_4_Replicate_18	-3433.74	6885.48	3283.79	152.68	0.2819,11.6356,10.4505,2.3703,0.3456,0.3031,7.054,0.042,0.0156
1	Round_5_Replicate_9	-2875.88	5769.76	1210.54	812.32	0.2965,1.4302,0.8691,0.9214,0.5479,4.398,1.203,0.9895,0.0001
1	Round_5_Replicate_7	-2837.61	5693.22	1498.07	242.52	1.3322,4.765,5.8618,0.8305,0.5994,0.8534,0.0365,0.1328,0.0003
1	Round_5_Replicate_7	-2835.73	5689.46	5774.9	566.65	0.3697,2.2834,1.7528,2.4586,1.0687,5.7392,0.4391,0.2713,0.0001
1	Round_5_Replicate_10	-2759.81	5537.62	947.94	501.54	0.3946,2.7163,1.7088,1.1333,0.2155,4.6095,0.5281,0.7578,0.0003
1	Round_4_Replicate_19	-3767.71	7553.42	1173340.3	146.21	0.5302,14.2097,5.1178,4.4912,0.1836,0.2818,11.0068,0.034,0.0125
1	Round_5_Replicate_9	-3077.63	6173.26	1754.53	5955.76	0.0432,0.186,1.0461,19.976,19.4832,0.064,4.7461,0.0197,0.0047
1	Round_5_Replicate_6	-3092.26	6202.52	14649.87	5659.6	0.058,0.1875,0.928,12.7092,19.5136,19.2667,6.4545,0.0074,0.0001
1	Round_4_Replicate_20	-2919.48	5856.96	13085.97	249.17	0.5056,6.3081,4.9991,2.4213,0.3875,0.2968,5.8158,0.0608,0.0051
1	Round_5_Replicate_1	-2863.35	5744.7	1845.8	530.66	0.245,2.7359,1.856,5.3521,0.0783,0.0032,1.8024,0.0331,0.0004
1	Round_5_Replicate_6	-2779.39	5576.78	1828.84	309.76	0.9463,4.411,4.1448,1.0025,0.333,7.359,16.0463,0.1958,0.0003
1	Round_5_Replicate_7	-2809.46	5636.92	1018.65	694.15	0.2332,1.9872,0.966,6.1768,0.6087,1.8091,0.1642,0.0938,0.0001
1	Round_5_Replicate_10	-2834.21	5686.42	1111.94	647.87	0.3408,2.0041,1.1326,0.7686,0.1828,3.4693,0.9085,0.9895,0.0068
1	Round_5_Replicate_8	-2778.39	5574.78	1482.35	189.65	1.0439,7.0085,6.9543,1.057,0.0974,1.7141,0.3282,0.2986,0.0001
1	Round_5_Replicate_8	-2797.54	5613.08	1154.01	559.99	0.4387,2.2214,1.5714,2.2552,0.4783,7.5003,0.7496,0.1852,0.0023
1	Round_5_Replicate_10	-3138.86	6295.72	2444.17	3286.06	0.0707,0.3397,1.007,13.2706,11.853,0.0357,4.881,0.0652,0.002
1	Round_5_Replicate_7	-3069.59	6157.18	24293.78	2649.24	0.0959,0.4106,1.8975,9.2352,8.3116,0.1617,10.939,0.0089,0.0007
1	Round_5_Replicate_2	-2794.22	5606.44	1835.5	282.09	0.663,4.7387,4.3954,1.8088,0.1933,0.0212,1.2712,0.0067,0.0003
1	Round_5_Replicate_8	-2887.16	5792.32	1038.82	936.78	0.2104,1.3275,0.4471,7.3273,1.0494,1.9661,0.6325,0.265,0.0003
1	Round_5_Replicate_7	-2769.92	5557.84	1624.57	350.19	0.7751,3.5048,3.2232,1.1775,0.4232,6.5108,1.9635,0.2031,0.003
1	Round_5_Replicate_1	-2790.33	5598.66	2338.17	229.84	0.9602,5.7751,5.7255,1.2371,0.2097,0.4146,18.5381,0.0339,0.0026
1	Round_5_Replicate_9	-2798.91	5615.82	2761.29	235.09	1.0206,5.3504,5.4829,1.1417,0.2632,1.7966,0.0371,0.0698,0.0023
1	Round_5_Replicate_9	-2765.2	5548.4	1319.88	526.54	0.3759,2.5737,1.6527,2.3531,0.5338,17.3963,0.6807,0.217,0.0014
1	Round_5_Replicate_8	-3055.49	6128.98	1613.41	5509.72	0.046,0.2013,1.1778,19.7003,18.3192,0.1952,0.7689,0.0026,0.0009
1	Round_5_Replicate_3	-2823.0	5664.0	1396.74	372.94	0.486,3.805,2.7508,2.433,0.1228,0.0158,4.1288,0.0166,0.0011
1	Round_5_Replicate_9	-2808.85	5635.7	1042.17	685.45	0.2322,2.0672,0.912,6.6192,0.6601,0.9999,0.0711,0.0865,0.0006
1	Round_5_Replicate_10	-2836.97	5691.94	9451.27	206.18	1.5152,5.8969,6.0336,0.6746,0.3646,1.42,0.1373,0.2137,0.0014
1	Round_5_Replicate_8	-2772.26	5562.52	2159.66	221.75	0.9919,5.7693,5.9,1.132,0.2237,18.2074,2.713,0.0294,0.0006
1	Round_5_Replicate_2	-2841.94	5701.88	4316.2	368.31	0.9476,3.4364,3.665,1.0232,0.5829,0.2416,12.7561,0.16,0.0007
1	Round_5_Replicate_4	-2796.35	5610.7	1920.89	342.63	0.5406,4.0299,3.1128,2.2773,0.2098,0.3134,0.941,0.001,0.0003
1	Round_5_Replicate_9	-3087.91	6193.82	3643.73	3932.94	0.0662,0.2776,1.11,12.958,13.1311,0.2233,4.9609,0.0026,0.0003
1	Round_5_Replicate_10	-2821.01	5660.02	5588.36	459.2	0.4914,2.7781,2.528,1.9307,0.8457,18.1512,0.3812,0.1188,0.002
1	Round_5_Replicate_10	-2839.1	5696.2	1081.04	723.64	0.2104,1.9985,0.7692,7.67,0.3905,1.2671,0.1167,0.0891,0.0028
1	Round_5_Replicate_5	-2792.84	5603.68	2423.36	367.2	0.5252,3.5868,3.1284,2.2876,0.3493,0.0162,1.9329,0.0014,0.0001
1	Round_5_Replicate_10	-3062.58	6143.16	1852.68	2926.84	0.102,0.3716,1.7307,8.1487,10.1596,0.0804,1.4346,0.005,0.0002
1	Round_5_Replicate_9	-2810.45	5638.9	1049.63	259.38	0.8785,5.7709,4.346,1.005,0.085,7.2754,7.03,0.2187,0.0099
1	Round_5_Replicate_6	-2814.47	5646.94	1497.06	233.97	0.7176,5.9507,5.5591,1.6457,0.0874,0.019,1.8771,0.019,0.0008
1	Round_5_Replicate_3	-2800.31	5618.62	1683.31	192.73	0.8912,7.127,7.0171,1.3359,0.0993,0.6967,12.5726,0.0096,0.001
1	Round_5_Replicate_10	-2757.28	5532.56	1283.2	193.72	1.0549,6.9283,6.5432,1.0229,0.0997,7.1867,0.4182,0.166,0.0023
1	Round_5_Replicate_7	-2791.58	5601.16	2235.82	383.07	0.568,3.3774,2.8506,2.0996,0.3703,0.0126,1.5454,0.0016,0.0003
1	Round_5_Replicate_4	-2807.89	5633.78	1722.42	293.33	1.026,5.4623,5.937,0.8365,0.2846,0.1159,19.0939,0.311,0.0005
1	Round_5_Replicate_8	-2789.86	5597.72	2419.0	312.49	0.6968,4.1923,3.6506,1.7365,0.287,0.0041,3.7287,0.0015,0.0004
1	Round_5_Replicate_5	-2795.47	5608.94	2180.91	280.55	0.7879,4.7975,4.6451,1.4717,0.2547,0.5812,5.7662,0.0732,0.0015
1	Round_5_Replicate_9	-2793.53	5605.06	1921.04	347.9	0.5414,3.809,3.3693,2.1767,0.286,0.0024,2.6994,0.0021,0.0008
1	Round_5_Replicate_10	-2803.76	5625.52	1596.13	315.76	0.5709,4.331,3.6835,2.1536,0.1423,0.0036,1.0484,0.001,0.0006
1	Round_5_Replicate_6	-2796.73	5611.46	2860.8	399.21	0.6046,3.2845,2.6828,1.9363,0.4523,0.5634,14.1148,0.0352,0.0014
1	Round_5_Replicate_7	-2794.15	5606.3	3399.64	232.92	1.0243,5.5387,5.3936,1.1462,0.2677,0.639,11.8584,0.0134,0.0009
1	Round_5_Replicate_8	-2790.34	5598.68	2313.14	301.54	0.7496,4.3791,4.0581,1.5848,0.2806,0.5788,10.8913,0.0372,0.0008
1	Round_5_Replicate_9	-2790.78	5599.56	2000.49	265.59	0.7821,5.4716,5.0384,1.5316,0.1735,0.4451,14.1676,0.1078,0.0008
1	Round_5_Replicate_10	-2789.81	5597.62	1843.46	211.12	1.0344,6.5578,6.5107,1.0798,0.1703,0.6984,12.526,0.0767,0.0022
