Model	Replicate	log-likelihood	AIC	chi-squared	theta	optimized_params(nu1_0,nu2_0,nu1,nu2,T,m12,m21,m12i,m21i,P,p_misid)
Model	Replicate	log-likelihood	AIC	chi-squared	theta	optimized_params(nu1_0,nu2_0,nu1,nu2,T,m12,m21,m12i,m21i,P,p_misid)
Model	Replicate	log-likelihood	AIC	chi-squared	theta	optimized_params(nu1_0,nu2_0,nu1,nu2,T,m12,m21,m12i,m21i,P,p_misid)
Model	Replicate	log-likelihood	AIC	chi-squared	theta	optimized_params(nu1_0,nu2_0,nu1,nu2,T,m12,m21,m12i,m21i,P,p_misid)
Model	Replicate	log-likelihood	AIC	chi-squared	theta	optimized_params(nu1_0,nu2_0,nu1,nu2,T,m12,m21,m12i,m21i,P,p_misid)
Model	Replicate	log-likelihood	AIC	chi-squared	theta	optimized_params(nu1_0,nu2_0,nu1,nu2,T,m12,m21,m12i,m21i,P,p_misid)
Model	Replicate	log-likelihood	AIC	chi-squared	theta	optimized_params(nu1_0,nu2_0,nu1,nu2,T,m12,m21,m12i,m21i,P,p_misid)
Model	Replicate	log-likelihood	AIC	chi-squared	theta	optimized_params(nu1_0,nu2_0,nu1,nu2,T,m12,m21,m12i,m21i,P,p_misid)
Model	Replicate	log-likelihood	AIC	chi-squared	theta	optimized_params(nu1_0,nu2_0,nu1,nu2,T,m12,m21,m12i,m21i,P,p_misid)
Model	Replicate	log-likelihood	AIC	chi-squared	theta	optimized_params(nu1_0,nu2_0,nu1,nu2,T,m12,m21,m12i,m21i,P,p_misid)
1	Round_1_Replicate_1	-6359.42	12740.84	9998.27	756.7	0.1786,2.658,1.3387,0.4989,2.5415,1.3897,0.6117,1.8695,1.7216,0.99,0.2094
1	Round_1_Replicate_1	-19706.87	39435.74	175445.18	1191.43	0.2835,0.2221,0.1222,2.7234,0.1054,0.0892,0.5412,9.2375,0.7948,0.99,0.99
1	Round_1_Replicate_1	-6377.64	12777.28	181915845.35	658.73	3.6591,0.4873,9.9207,2.942,0.1346,2.138,1.8485,0.1825,0.8355,0.4663,0.0604
1	Round_1_Replicate_1	-21705.94	43433.88	193437.79	580.85	0.3611,0.0896,0.3,13.2947,1.1347,0.6895,0.3761,5.9076,5.6197,0.8306,0.9899
1	Round_1_Replicate_1	-20665.38	41352.76	195297.33	935.11	0.8982,4.607,0.2188,1.9854,0.0947,0.933,9.3843,0.4005,0.4263,0.3857,0.9899
1	Round_1_Replicate_1	-6861.1	13744.2	381430349150.12	785.87	0.853,0.2225,6.1508,14.2309,0.0861,10.1066,0.1794,2.7033,0.9492,0.9898,0.0651
1	Round_1_Replicate_1	-3505.26	7032.52	3466.4	462.77	0.6379,0.1734,0.4494,4.3662,3.8919,0.1401,0.1543,3.5583,1.6617,0.99,0.0794
1	Round_1_Replicate_1	-32057.16	64136.32	1442207.54	168.07	8.6797,1.8595,11.0607,1.5007,4.9923,3.9233,0.641,0.108,0.2445,0.9899,0.9899
1	Round_1_Replicate_1	-24678.05	49378.1	436414.14	386.88	0.0608,1.7062,0.3076,4.6629,2.946,0.1566,5.9038,0.7018,0.2109,0.9898,0.9898
1	Round_1_Replicate_2	-24514.33	49050.66	628151.79	315.33	1.6139,8.4636,3.7949,2.4215,1.8793,0.1858,1.2295,4.4251,2.1792,0.0675,0.9899
1	Round_1_Replicate_2	-19255.56	38533.12	203234.84	2463.24	0.1277,9.5935,0.0669,0.1635,1.3442,0.0779,3.7617,6.5407,0.0699,0.9899,0.9899
1	Round_1_Replicate_2	-19585.75	39193.5	202405.06	1322.18	0.342,0.856,0.0783,0.5367,0.0628,0.2085,0.4059,1.7992,1.8368,0.8349,0.9895
1	Round_1_Replicate_2	-25519.92	51061.84	7459373.95	906.6	0.5643,0.1532,2.5953,0.3091,0.3494,2.2474,14.8772,0.1862,10.7978,0.2194,0.9898
1	Round_1_Replicate_2	-11806.88	23635.76	40036.51	642.79	15.1037,7.8375,11.2187,0.1146,0.2145,6.0183,0.3527,0.1008,3.0454,0.9899,0.4055
1	Round_1_Replicate_2	-9179.18	18380.36	28033.75	1003.21	2.4822,0.4886,0.0849,3.6874,0.1225,0.1899,3.5324,0.2218,0.1218,0.9899,0.625
1	Round_1_Replicate_2	-27655.49	55332.98	1029013.22	473.05	0.4608,7.1432,3.386,0.3935,5.2185,0.1484,1.5671,0.2213,2.2256,0.1656,0.9899
1	Round_1_Replicate_3	-23615.84	47253.68	360266.14	334.58	5.1137,3.1159,0.4519,11.628,1.139,0.3512,2.6581,0.9018,1.5516,0.8696,0.9895
1	Round_1_Replicate_3	-27278.93	54579.86	126122974942.87	472.15	15.8194,1.6297,11.2404,4.6216,0.2182,0.6842,1.0327,0.2789,0.0869,0.99,0.9895
1	Round_1_Replicate_3	-5348.56	10719.12	7588.25	1415.51	11.1513,0.121,0.0888,0.4366,0.0938,0.0839,2.5712,1.4643,0.0772,0.0691,0.0802
1	Round_1_Replicate_3	-26510.15	53042.3	199828829385.21	570.12	0.963,8.4923,6.3283,1.2324,0.2545,3.2481,0.1272,2.9274,3.3824,0.1938,0.9899
1	Round_1_Replicate_2	-31229.24	62480.48	2087555.52	772.0	0.4249,7.4028,1.7239,0.1946,1.7738,13.6562,0.1177,1.8993,0.6771,0.9899,0.9899
1	Round_1_Replicate_3	-5550.62	11123.24	309454.36	177.59	2.9789,1.2703,9.6287,3.6511,4.1807,0.5745,3.561,0.0742,0.8399,0.2876,0.139
1	Round_1_Replicate_2	-23590.39	47202.78	367997120987.82	303.44	7.3203,1.8082,1.4754,3.8838,6.0782,0.746,3.5049,5.7699,0.6047,0.704,0.99
1	Round_1_Replicate_3	-23969.54	47961.08	85706237.16	833.23	1.0509,1.1648,3.3151,1.0733,0.1039,0.537,0.8902,5.8063,3.0019,0.0671,0.9895
1	Round_1_Replicate_4	-5595.09	11212.18	6500.3	688.42	0.0664,0.0996,3.1189,0.7881,1.8271,0.8102,5.8755,0.2504,1.5743,0.9899,0.1054
1	Round_1_Replicate_3	-24049.35	48120.7	599724.69	2170.65	3.7845,1.6675,0.1744,0.0862,1.3275,3.4754,0.0954,1.6962,1.7316,0.9899,0.9899
1	Round_1_Replicate_4	-10677.29	21376.58	94369.81	325.1	2.4134,10.75,0.1332,8.9835,2.2337,0.0614,0.0677,0.1333,1.115,0.9899,0.1655
1	Round_1_Replicate_3	-21511.47	43044.94	385111.37	1722.0	0.0686,4.5898,0.284,0.2087,1.2238,0.2109,0.2455,10.755,2.1889,0.9899,0.9899
1	Round_1_Replicate_4	-32314.12	64650.24	1473634.15	320.8	4.6269,0.0688,4.6747,1.0148,3.8486,0.879,4.9413,0.2894,0.1199,0.9899,0.9899
1	Round_1_Replicate_1	-28057.26	56136.52	64192941237812.21	262.29	6.215,0.2029,3.6885,4.4319,16.2926,2.7222,0.1812,3.739,0.1677,0.9899,0.9899
1	Round_1_Replicate_5	-20698.26	41418.52	283400.95	1328.05	0.118,5.4885,0.8419,0.1706,0.2817,3.9674,8.6678,0.2838,0.0726,0.5147,0.9899
1	Round_1_Replicate_4	-4978.68	9979.36	75236.25	920.82	0.1618,6.9433,0.5142,1.9711,0.4917,0.0678,1.6218,1.561,7.2231,0.9899,0.1312
1	Round_1_Replicate_4	-21030.09	42082.18	253875.6	835.51	0.3167,11.9164,0.0645,4.9729,0.0942,14.0215,0.9313,0.2146,0.1399,0.364,0.99
1	Round_1_Replicate_5	-26551.77	53125.54	1218463.0	1690.48	0.1855,1.1899,0.4651,0.0947,0.235,5.3919,1.2381,15.4489,3.1619,0.9899,0.9899
1	Round_1_Replicate_3	-9236.17	18494.34	9.521148834748394e+17	511.89	4.8357,4.2611,1.0316,8.1884,4.162,5.1442,5.8349,0.4318,10.5607,0.9899,0.3017
1	Round_1_Replicate_2	-11869.27	23760.54	38606.72	1144.84	0.1342,0.0708,3.0854,0.3475,0.267,0.2392,2.6131,0.2591,0.6061,0.9899,0.4513
1	Round_1_Replicate_6	-6473.75	12969.5	23047.28	1178.3	2.1486,0.0762,0.1213,6.3336,1.2073,1.4906,1.5558,0.9039,11.9368,0.9899,0.0985
1	Round_1_Replicate_6	-23728.69	47479.38	586420.27	1499.52	0.2816,0.1433,0.6638,0.2033,0.1194,0.0621,11.587,9.2283,0.2612,0.6816,0.9899
1	Round_1_Replicate_5	-7674.5	15371.0	11055.99	2176.62	0.0645,0.42,0.0817,0.511,1.5561,9.3078,14.6962,11.4838,0.0968,0.99,0.583
1	Round_1_Replicate_4	-41526.66	83075.32	7856200.03	597.79	8.0136,0.0776,9.8821,0.1049,5.1843,10.8259,0.0649,0.3257,0.1496,0.3302,0.9899
1	Round_1_Replicate_7	-4198.37	8418.74	4451.29	1003.36	3.1423,1.1562,0.2054,1.0046,0.2089,0.1343,1.9163,1.4006,0.0937,0.9899,0.0829
1	Round_1_Replicate_4	-9486.52	18995.04	19458.11	1747.15	2.3101,0.8979,0.1544,0.2839,9.0375,0.1268,0.2695,8.0048,0.2388,0.5411,0.2855
1	Round_1_Replicate_7	-26276.62	52575.24	552347.15	1455.15	16.3512,0.1206,0.1476,0.3641,0.5713,0.4972,12.8279,0.1319,0.3347,0.9898,0.9898
1	Round_1_Replicate_6	-6339.83	12701.66	13230.12	953.3	3.5233,0.6804,1.1885,0.2949,0.1379,0.1095,4.5508,0.1155,4.0397,0.4899,0.1766
1	Round_1_Replicate_4	-10691.17	21404.34	22890.02	380.13	0.0662,7.2865,4.5342,1.4807,3.1101,2.6348,11.8631,0.1701,0.681,0.99,0.6981
1	Round_1_Replicate_4	-23611.29	47244.58	453402.93	877.02	3.6114,1.1418,0.9105,0.4661,6.8295,0.0856,2.449,11.3319,8.6081,0.9899,0.9899
1	Round_1_Replicate_5	-10314.62	20651.24	23406.99	316.35	0.5688,0.4278,7.5561,1.0836,3.3477,0.101,0.974,1.8682,0.9833,0.0779,0.5646
1	Round_1_Replicate_8	-7941.73	15905.46	26295776928.8	457.91	0.3577,7.8118,7.7575,0.97,0.8437,5.6956,0.0608,2.9081,1.6809,0.6116,0.1795
1	Round_1_Replicate_7	-8926.08	17874.16	20920.18	1045.14	0.478,8.7354,1.0472,0.1519,0.5144,2.1411,0.1524,0.147,0.518,0.4232,0.1172
1	Round_1_Replicate_5	-12851.37	25724.74	37966.28	780.99	0.0804,0.1581,4.2493,0.6252,0.9651,3.3135,0.9721,0.1713,1.3657,0.5486,0.7365
1	Round_1_Replicate_8	-22511.91	45045.82	290093.68	660.09	7.1893,0.4127,0.5745,1.87,1.741,15.9318,4.8059,3.6448,0.9469,0.9899,0.9899
1	Round_1_Replicate_5	-6010.23	12042.46	8100.92	386.19	4.3184,0.4615,1.7985,1.5856,4.4473,1.9225,3.608,0.454,0.6464,0.1711,0.3265
1	Round_1_Replicate_5	-22235.88	44493.76	256417.08	445.3	0.4845,1.3439,0.1837,3.8216,3.1565,7.8131,4.098,7.6534,0.6277,0.9899,0.9899
1	Round_1_Replicate_6	-9889.94	19801.88	43462.01	903.22	0.1677,0.1974,1.8631,6.3643,0.1265,0.1051,1.7446,0.2587,7.6861,0.8528,0.7013
1	Round_1_Replicate_6	-7820.8	15663.6	1025676667897540.0	685.23	9.5429,2.9974,1.2625,5.5746,0.1043,0.065,1.3277,0.3767,0.0776,0.1307,0.1045
1	Round_1_Replicate_9	-20914.33	41850.66	2224661.59	902.31	0.2984,0.3756,0.199,4.4367,0.2208,1.2727,8.1958,9.894,3.5645,0.9899,0.9899
1	Round_1_Replicate_8	-23687.88	47397.76	477536.6	160.8	5.7107,7.6618,0.8393,9.9581,8.5897,2.3546,3.3769,1.7987,0.8056,0.99,0.99
1	Round_1_Replicate_6	-3941.99	7905.98	3044.29	358.19	4.5176,4.1836,0.9468,2.2156,15.2019,0.6586,0.1098,0.5294,1.0543,0.7995,0.0929
1	Round_1_Replicate_6	-6543.66	13109.32	12415.31	771.57	1.1579,14.5059,1.5007,0.2425,3.1268,0.6679,2.5628,1.3036,15.1608,0.9899,0.1389
1	Round_1_Replicate_7	-4268.28	8558.56	5954.26	899.31	0.089,0.6774,0.688,7.336,0.0938,0.308,0.1871,1.625,0.5324,0.1175,0.075
1	Round_1_Replicate_7	-12170.28	24362.56	3020319795.4	925.19	5.7997,0.2399,1.3463,0.5516,0.7219,7.052,2.791,0.4001,15.2496,0.0957,0.6872
1	Round_1_Replicate_5	-22670.38	45362.76	1.6995211175696347e+19	544.67	0.3245,1.1019,15.2619,1.3875,5.6121,13.6192,1.2968,8.9197,0.1824,0.3392,0.9045
1	Round_1_Replicate_9	-21974.59	43971.18	919414389.59	1018.22	2.8925,16.3658,0.2658,0.4503,0.3111,10.8234,5.6039,8.3727,12.1995,0.9899,0.9899
1	Round_1_Replicate_5	-10533.55	21089.1	24088.05	313.41	3.1472,0.1462,7.8217,0.7449,8.1475,0.5869,0.1121,15.3355,0.6497,0.1397,0.0696
1	Round_1_Replicate_3	-5889.12	11800.24	8236.28	366.0	0.2531,0.1294,2.1207,1.9819,13.8129,7.8805,4.5767,0.252,0.0742,0.2782,0.2357
1	Round_1_Replicate_8	-9119.15	18260.3	166953899.47	464.3	6.2061,0.8454,3.757,3.7456,0.3538,0.6722,0.5437,0.33,10.9487,0.9899,0.0954
1	Round_1_Replicate_8	-25761.83	51545.66	686402.61	1870.77	8.8517,0.2175,0.0916,0.1241,0.2264,0.0619,0.2931,0.0853,0.2161,0.9899,0.9899
1	Round_1_Replicate_7	-24208.59	48439.18	290866.84	323.92	5.0085,0.2968,1.3676,6.0126,2.1373,11.657,1.734,0.3912,0.6553,0.99,0.9895
1	Round_1_Replicate_10	-8196.47	16414.94	1.6847542361818563e+17	695.16	0.6233,0.6076,0.9812,9.7006,0.1873,6.0281,6.78,14.859,2.0637,0.0873,0.108
1	Round_1_Replicate_9	-19358.17	38738.34	179268.84	1722.03	0.1732,10.4183,0.192,0.3577,2.0947,1.8126,2.7965,0.4399,1.1778,0.171,0.9898
1	Round_1_Replicate_9	-13752.23	27526.46	60675.99	2725.06	0.0798,0.8392,0.0793,0.0831,0.2354,2.5611,3.7466,2.0531,2.0338,0.9899,0.742
1	Round_1_Replicate_9	-19098.02	38218.04	204001.94	735.99	4.2843,11.1439,0.1239,0.9329,6.8398,1.3734,0.4617,12.9307,2.1311,0.0729,0.9899
1	Round_1_Replicate_8	-8722.59	17467.18	18726.02	820.37	6.2629,1.0858,1.2974,0.2345,0.5494,0.1296,0.0818,1.9346,1.0186,0.8183,0.1067
1	Round_1_Replicate_4	-22963.0	45948.0	260769.04	1093.38	1.7731,0.0693,0.1242,1.7603,2.051,0.3409,1.974,11.113,1.8568,0.9899,0.9899
1	Round_1_Replicate_11	-24417.09	48856.18	491003.53	525.76	2.4675,13.8457,1.2095,1.3607,1.1209,2.297,0.4335,1.3182,15.2538,0.3413,0.9895
1	Round_1_Replicate_7	-7734.44	15490.88	505187134.93	730.2	0.4058,1.6365,1.0994,1.4036,4.71,0.3565,7.3854,5.7272,0.1177,0.2227,0.4909
1	Round_1_Replicate_10	-23421.25	46864.5	271293.01	935.7	0.1604,0.106,0.7301,2.272,0.5355,0.0784,0.3602,0.2718,10.3219,0.1649,0.9898
1	Round_1_Replicate_10	-17151.6	34325.2	105850.35	764.11	3.5012,0.2395,1.2698,0.1499,14.4829,2.207,0.2461,0.4544,0.1054,0.9899,0.282
1	Round_1_Replicate_5	-6716.91	13455.82	27066.34	708.2	3.7735,0.0694,4.1679,13.5917,0.1263,0.304,1.2025,5.5843,0.0773,0.2291,0.1384
1	Round_1_Replicate_11	-19948.61	39919.22	50131860.77	710.18	0.1489,11.0193,0.3024,8.9662,0.4481,6.517,9.1112,0.2242,5.7918,0.99,0.99
1	Round_1_Replicate_10	-32962.11	65946.22	1730153.66	538.27	1.1458,0.9221,2.5178,0.4668,2.5,12.4235,0.9468,0.482,0.0725,0.9898,0.9898
1	Round_1_Replicate_11	-5121.73	10265.46	6177.11	273.55	5.7186,0.1713,2.0719,4.782,4.0136,0.95,3.728,0.3831,0.5635,0.99,0.3253
1	Round_1_Replicate_12	-12784.69	25591.38	184955.46	382.74	4.8446,15.3751,0.1142,13.8849,9.6915,1.0621,0.3638,0.0703,1.7562,0.9899,0.0806
1	Round_1_Replicate_6	-29561.51	59145.02	1134458.19	797.22	0.0993,0.313,12.588,0.2429,0.4592,0.2883,2.3365,0.2039,0.1022,0.9349,0.9899
1	Round_1_Replicate_8	-30501.17	61024.34	4.681416508431284e+18	335.36	2.0723,14.5725,3.406,2.4243,2.4789,10.3499,0.9403,0.9003,7.6521,0.3346,0.9898
1	Round_1_Replicate_12	-19125.61	38273.22	182940.85	764.57	5.6576,12.2147,0.3577,0.7021,8.5665,0.6818,0.4447,0.5767,0.9097,0.9898,0.9898
1	Round_1_Replicate_11	-8298.79	16619.58	17272.5	734.82	0.1484,0.1223,4.2408,0.2272,1.5299,2.2089,2.1586,0.959,3.2958,0.9899,0.0876
1	Round_1_Replicate_12	-20557.17	41136.34	256137.48	1349.45	8.8369,5.2865,0.0914,0.1756,0.1073,4.8318,1.0061,0.0996,2.1492,0.3955,0.99
1	Round_1_Replicate_6	-21594.74	43211.48	302228.23	932.16	0.3254,4.6756,0.1687,1.0631,11.6639,6.8068,2.1716,0.565,0.8971,0.9899,0.9899
1	Round_1_Replicate_9	-25725.21	51472.42	594904127462805.9	670.73	0.2452,0.246,1.6264,2.2258,3.7585,0.2324,6.1741,0.1085,9.9972,0.9899,0.9899
1	Round_1_Replicate_9	-25253.38	50528.76	523728546.84	900.7	4.486,0.9551,2.3287,0.6438,0.0754,3.6532,1.3779,0.3576,0.111,0.99,0.9895
1	Round_1_Replicate_7	-20436.94	40895.88	292569.49	1745.57	0.0658,0.2558,0.5527,0.1438,0.1121,1.6357,2.5774,0.4234,2.7303,0.0788,0.99
1	Round_1_Replicate_10	-10577.63	21177.26	25785.81	802.12	0.259,2.6409,2.4203,0.4083,0.5258,0.4648,0.4432,3.514,2.7661,0.3875,0.6324
1	Round_1_Replicate_10	-31846.55	63715.1	2341666.89	316.94	7.7792,1.3873,5.8186,0.1541,2.9816,14.0917,5.4725,0.0622,7.3455,0.9899,0.9899
1	Round_1_Replicate_13	-6725.27	13472.54	12377.43	1126.67	7.1736,0.0722,0.1762,8.3826,3.7351,0.1254,13.5154,4.5425,0.1247,0.0863,0.2767
1	Round_1_Replicate_13	-21026.49	42074.98	222242.65	1113.21	0.2049,0.9938,0.267,1.3278,5.9792,1.1242,11.0191,0.3838,2.0195,0.7546,0.9899
1	Round_1_Replicate_7	-32831.86	65685.72	10431585042825.14	164.45	0.1858,5.6721,16.4861,7.738,8.5437,0.6891,0.2965,9.0513,0.0971,0.9899,0.9899
1	Round_1_Replicate_11	-18960.82	37943.64	165261.44	1889.47	0.21,0.3766,0.1109,0.7992,1.4802,16.5171,9.4047,2.7751,5.9596,0.9899,0.9899
1	Round_1_Replicate_10	-7797.46	15616.92	964852224561504.8	211.13	6.1623,1.8324,2.624,5.3669,16.048,4.4346,4.9665,4.8638,0.2564,0.9899,0.1287
1	Round_1_Replicate_14	-5744.17	11510.34	7778.09	1588.11	0.2055,6.2127,0.3304,0.3549,2.9612,4.6745,4.0565,0.1031,6.5567,0.3295,0.3237
1	Round_1_Replicate_12	-7238.4	14498.8	2545268388209.62	224.71	0.1104,2.6512,11.8585,0.8781,8.5512,3.7081,2.2391,0.4186,7.9598,0.9899,0.1017
1	Round_1_Replicate_12	-3510.7	7043.4	2132.8	624.17	0.9061,0.4973,0.3791,2.7255,1.3879,0.0684,0.2066,1.8192,1.3207,0.99,0.1135
1	Round_1_Replicate_11	-7722.43	15466.86	78705230.84	245.81	12.4483,9.2639,4.4831,6.4708,0.934,10.2637,0.0809,0.4131,0.3276,0.99,0.3635
1	Round_1_Replicate_13	-9861.73	19745.46	49886.94	518.97	0.1231,0.0934,0.7662,9.2531,1.0311,1.8373,9.9234,0.1697,0.0923,0.99,0.3379
1	Round_1_Replicate_13	-17556.83	35135.66	110844.4	1593.31	1.5205,0.1295,13.1351,0.1798,9.2157,0.0929,1.4855,13.0816,0.1732,0.9899,0.7482
1	Round_1_Replicate_13	-22146.28	44314.56	7626816.77	644.24	0.4128,2.1784,2.5188,4.0488,0.1928,0.3292,2.8214,0.3669,1.6658,0.99,0.9895
1	Round_1_Replicate_14	-28658.01	57338.02	1052056.68	216.94	1.3557,1.2122,7.9392,1.0765,7.4183,0.1119,0.7573,1.0035,9.0779,0.9899,0.9899
1	Round_1_Replicate_6	-7601.64	15225.28	2537151467.98	219.4	7.7426,15.5882,0.5071,4.3813,11.8857,9.3058,0.1903,10.1978,0.711,0.9899,0.3859
1	Round_1_Replicate_15	-13391.98	26805.96	98589.16	315.08	1.1354,2.0999,0.1612,6.6189,16.0193,0.3417,1.2577,0.1253,0.2178,0.3962,0.638
1	Round_1_Replicate_14	-7042.15	14106.3	13993.91	1446.43	0.1358,5.3671,1.4553,0.0999,0.1692,15.8119,0.0776,0.6172,11.6696,0.9899,0.2153
1	Round_1_Replicate_14	-7803.46	15628.92	1485498936922806.5	390.87	3.7489,0.4184,2.7171,6.3028,0.8183,1.4017,2.9992,0.5103,14.5476,0.3372,0.1664
1	Round_1_Replicate_14	-26267.57	52557.14	495757.84	304.19	0.5877,0.0626,0.3503,11.1503,4.1702,0.3561,0.0907,0.8129,0.2369,0.1425,0.9898
1	Round_1_Replicate_12	-19056.35	38134.7	355935.54	1229.99	0.8693,1.4234,0.2642,0.9262,1.715,0.7024,9.8926,11.991,0.1268,0.528,0.9899
1	Round_1_Replicate_15	-6152.21	12326.42	9135.02	805.27	0.2212,0.7441,12.0952,0.5448,0.2068,1.4777,0.5996,0.3714,1.1759,0.0643,0.1057
1	Round_2_Replicate_1	-8205.65	16433.3	9216376.44	984.62	9.3658,1.003,1.4652,0.2732,0.2721,0.269,10.6081,8.3481,0.3204,0.9899,0.0132
1	Round_1_Replicate_11	-35000.02	70022.04	2925105.31	1585.52	1.3302,0.119,2.6777,0.1192,7.4084,0.61,0.3034,16.2483,0.0712,0.8111,0.9899
1	Round_1_Replicate_15	-21351.86	42725.72	342475.12	1596.26	1.0467,5.6882,0.1819,0.0834,0.151,0.0643,0.8845,0.1533,8.2391,0.2256,0.9899
1	Round_1_Replicate_15	-23319.49	46660.98	356156.29	1121.96	0.689,3.5209,0.2918,0.4144,0.6807,0.4645,0.2126,0.5244,0.0848,0.9898,0.9898
1	Round_1_Replicate_8	-21807.8	43637.6	245540.4	498.54	0.1989,1.9613,1.5699,1.4414,7.602,3.118,12.6494,0.3041,1.3771,0.99,0.9895
1	Round_1_Replicate_15	-10621.44	21264.88	31367.02	391.37	3.4278,0.0626,1.2804,5.3706,2.6249,0.0816,0.1583,2.1515,1.3928,0.99,0.7229
1	Round_2_Replicate_1	-8366.76	16755.52	19179.76	792.01	1.8584,1.2049,0.2693,1.2152,1.6244,0.394,1.3149,0.5131,0.4219,0.2579,0.5185
1	Round_1_Replicate_13	-8264.54	16551.08	59676.93	1158.93	16.2647,0.0732,0.1018,2.1603,2.1228,0.2208,5.7805,0.1583,7.0434,0.9899,0.3376
1	Round_2_Replicate_2	-9466.59	18955.18	53172.02	1133.74	9.8293,2.116,0.0906,0.5656,1.2352,0.0928,0.7084,0.3041,0.0496,0.1723,0.0262
1	Round_2_Replicate_1	-5888.67	11799.34	6873.38	1272.96	1.7423,1.6553,0.0504,0.6147,0.1927,0.0902,0.0301,13.7948,1.3928,0.99,0.4067
1	Round_1_Replicate_9	-10056.73	20135.46	2561627060.75	345.06	0.3914,0.3286,5.3184,13.5353,0.8476,3.966,5.0751,1.8202,0.2556,0.1308,0.2484
1	Round_1_Replicate_14	-5896.93	11815.86	7606.98	867.28	2.2353,0.4287,1.5352,0.4913,0.2126,1.1606,11.0257,0.3064,0.1191,0.5805,0.1519
1	Round_2_Replicate_1	-22798.06	45618.12	2458569821.05	1295.26	0.27,19.8,0.6336,0.0657,0.0257,19.8,0.0231,1.0378,15.0568,0.99,0.99
1	Round_2_Replicate_3	-6804.37	13630.74	18099.06	439.28	0.4586,5.1757,0.4383,3.745,1.1336,0.0945,0.3566,0.2918,0.0555,0.9899,0.1928
1	Round_2_Replicate_2	-15199.14	30420.28	64140.12	600.95	0.6778,0.0744,1.8488,14.4993,0.3339,0.1254,0.1505,0.4281,4.0652,0.5342,0.8866
1	Round_1_Replicate_10	-20873.24	41768.48	772641.36	844.29	6.9205,0.1584,0.1148,8.7647,0.2815,12.4573,0.0887,2.0511,12.3802,0.99,0.99
1	Round_2_Replicate_2	-7813.84	15649.68	40958.5	432.34	3.6308,0.5045,1.8488,1.2627,7.4603,3.4283,3.2256,1.6076,0.1166,0.1485,0.4028
1	Round_1_Replicate_8	-28870.25	57762.5	1820106.14	188.81	1.0049,1.6536,11.7347,0.3354,15.1529,1.4612,0.4738,0.26,13.1776,0.8249,0.9899
1	Round_2_Replicate_1	-7104.78	14231.56	12524.35	1551.12	2.656,0.0444,0.105,0.7148,4.9337,0.1864,0.2125,2.2684,1.4665,0.9899,0.4268
1	Round_2_Replicate_2	-19740.56	39503.12	253233.37	1648.77	0.023,0.9839,0.7844,0.0429,0.0244,3.0092,0.1261,1.7064,1.6216,0.4684,0.99
1	Round_2_Replicate_4	-6158.57	12339.14	21782670769795.11	1067.12	1.5005,3.3811,0.4357,0.547,0.0407,0.0297,11.45,7.1907,0.0385,0.1423,0.0185
1	Round_1_Replicate_15	-29964.51	59951.02	1275577.39	1526.28	0.0993,0.1188,1.7853,0.3487,0.6867,0.5297,0.1726,7.439,0.0868,0.9898,0.9898
1	Round_2_Replicate_3	-3607.12	7236.24	2655.09	437.56	0.1151,0.613,0.9274,3.0819,3.3864,0.3007,0.2391,2.5538,0.2932,0.2873,0.0225
1	Round_1_Replicate_7	-20014.69	40051.38	265170.5	387.47	0.4567,14.4193,0.1933,2.5976,13.8073,0.8412,0.3388,4.6635,2.684,0.1426,0.9899
1	Round_1_Replicate_11	-21117.62	42257.24	319756.42	3624.35	7.6147,0.2203,0.0758,0.0852,0.708,4.5399,0.1002,4.1648,3.9259,0.6632,0.9899
1	Round_2_Replicate_3	-26570.16	53162.32	66540181619016.43	314.89	2.4239,0.5354,2.6998,9.9105,1.2087,3.4319,7.7648,0.659,2.6047,0.7608,0.9899
1	Round_1_Replicate_12	-33111.03	66244.06	2.273754531345575e+22	230.01	10.3864,6.8339,6.0905,3.0434,4.7969,8.8989,1.6755,2.6787,7.1766,0.2226,0.9898
1	Round_1_Replicate_9	-25728.26	51478.52	10455250.54	1005.93	9.0658,0.2113,1.0415,0.6347,0.0683,2.2151,7.0078,2.7958,0.8123,0.7606,0.9895
1	Round_2_Replicate_5	-5679.76	11381.52	9092.89	589.11	3.3035,0.2899,1.0346,1.4967,1.3719,0.3615,0.3566,0.2322,0.2443,0.9899,0.0101
1	Round_2_Replicate_1	-4686.93	9395.86	6928.56	857.35	0.0539,0.2493,0.4076,8.9287,0.2048,1.3184,0.0419,6.8147,0.5249,0.0193,0.0215
1	Round_2_Replicate_2	-4435.14	8892.28	7903.07	270.01	0.3264,0.031,2.7877,14.6892,2.73,0.0554,0.0805,0.9675,0.3244,0.9899,0.0197
1	Round_2_Replicate_3	-6099.06	12220.12	10491.35	2508.06	0.0493,3.4369,0.7249,0.0893,0.822,8.6783,0.0873,1.8521,19.0101,0.9898,0.0949
1	Round_2_Replicate_4	-6400.01	12822.02	70027.63	303.62	0.8888,0.4011,1.3083,13.0608,1.8035,0.124,0.3714,6.7203,0.2958,0.9899,0.0384
1	Round_1_Replicate_12	-12786.17	25594.34	42802.36	1205.94	2.2445,3.1971,0.262,0.238,0.1093,0.9976,0.0966,12.4828,0.1104,0.5632,0.8074
1	Round_2_Replicate_4	-7179.98	14381.96	43014117139.4	321.3	3.4086,0.2194,5.4064,7.3874,0.8682,0.8506,6.3778,0.3454,1.7298,0.2024,0.0785
1	Round_1_Replicate_13	-5505.84	11033.68	7396.74	2055.67	9.0564,0.2113,0.0858,0.1503,0.4514,0.2251,1.4287,2.4307,15.987,0.9899,0.1059
1	Round_2_Replicate_6	-5416.51	10855.02	27778266.23	1193.39	3.9715,2.9904,0.2944,0.1474,0.0439,0.2235,10.3503,2.429,0.014,0.2506,0.0272
1	Round_2_Replicate_2	-5130.71	10283.42	51481883460.96	973.67	0.341,2.4703,0.6484,4.67,0.0389,0.1808,0.1852,0.7668,0.272,0.776,0.0218
1	Round_2_Replicate_3	-6591.67	13205.34	64674.33	440.97	2.5925,0.1969,0.6184,18.2516,1.0218,0.2454,0.4872,7.8786,7.7357,0.9898,0.0273
1	Round_2_Replicate_4	-19740.41	39502.82	177584.02	913.61	0.0615,2.9218,2.4274,0.5812,0.3543,6.1461,0.1911,0.6969,2.1647,0.99,0.99
1	Round_2_Replicate_5	-23568.47	47158.94	241874.24	309.91	5.6524,0.6343,0.9936,19.8,1.7019,0.88,4.329,0.3627,0.1733,0.1924,0.9895
1	Round_1_Replicate_14	-19481.82	38985.64	7137572.47	1080.73	1.3598,15.2416,0.5425,0.5943,1.0391,13.8967,0.7782,0.238,8.4723,0.9899,0.9899
1	Round_2_Replicate_7	-5602.81	11227.62	10239.44	1145.63	19.0101,1.5852,0.0951,0.611,0.3644,0.0923,0.5857,1.0434,0.446,0.9898,0.1264
1	Round_2_Replicate_3	-4397.17	8816.34	5206.56	475.65	0.4003,0.6192,0.3205,14.6892,0.6107,1.8045,0.0337,2.2406,0.1141,0.5199,0.0294
1	Round_2_Replicate_4	-8732.4	17486.8	55160.46	288.05	0.4203,1.0841,0.2981,11.934,2.4499,0.0351,0.3248,0.6895,0.2225,0.1253,0.0132
1	Round_2_Replicate_5	-5689.29	11400.58	9463.02	1530.77	0.0226,7.1449,4.9672,0.0563,0.0578,4.6892,0.1157,0.6146,19.0101,0.5174,0.031
1	Round_2_Replicate_6	-21495.73	43013.46	243664.59	927.33	19.8,0.6342,0.3134,0.9209,0.9802,5.6219,1.712,0.1826,0.1173,0.146,0.99
1	Round_2_Replicate_8	-6841.52	13705.04	12709.79	1466.32	3.1265,0.2922,0.0545,0.1664,0.0278,0.1223,1.7631,0.1926,0.0252,0.9899,0.3241
1	Round_2_Replicate_5	-6114.47	12250.94	21320.53	302.16	0.7444,0.0928,1.5387,6.5839,3.8236,0.0201,0.0249,12.318,5.5539,0.2065,0.0306
1	Round_2_Replicate_4	-4628.93	9279.86	6079.37	920.23	0.0175,0.2688,0.705,3.2926,0.3289,0.9339,1.3244,0.6023,1.7966,0.0164,0.0678
1	Round_2_Replicate_6	-6150.92	12323.84	177762782.35	996.16	0.0167,2.4759,6.5001,0.7113,0.2786,4.5466,0.0176,0.4897,6.429,0.9899,0.1838
1	Round_2_Replicate_5	-5390.18	10802.36	13583.12	918.96	0.2427,0.8145,0.9522,0.5711,1.796,0.0224,0.0267,6.4478,5.9517,0.9899,0.0494
1	Round_2_Replicate_7	-29007.08	58036.16	5.329770099531152e+17	268.36	19.0101,0.0587,6.3229,12.4637,0.738,7.2403,2.2338,0.0728,3.6013,0.9898,0.9898
1	Round_2_Replicate_9	-4850.77	9723.54	7616.48	1147.91	0.9607,0.8548,0.0448,2.7935,0.0357,0.1402,1.4088,0.5715,0.0365,0.99,0.2167
1	Round_2_Replicate_5	-5344.4	10710.8	7463.16	1242.26	0.0323,0.8876,0.1131,1.1923,0.0235,1.1587,0.5324,2.7233,3.4507,0.2234,0.2845
1	Round_2_Replicate_7	-4276.76	8575.52	244622.58	1221.21	0.7415,4.719,0.2693,0.204,0.0521,19.0101,0.2013,0.6531,2.0527,0.9898,0.0326
1	Round_2_Replicate_8	-6100.59	12223.18	238392628.83	215.94	0.9792,0.4421,6.7985,8.8277,2.4373,1.7032,1.5505,0.4841,0.6726,0.4981,0.1892
1	Round_2_Replicate_10	-4896.15	9814.3	673524752.05	1130.85	1.3159,2.1556,0.3329,0.3846,0.0388,0.0242,1.277,0.4477,0.0655,0.8355,0.0238
1	Round_2_Replicate_6	-5895.97	11813.94	8002.43	727.75	0.2868,0.9051,1.6303,0.6204,1.9198,0.0657,0.4634,14.5243,6.6811,0.253,0.0195
1	Round_2_Replicate_6	-9832.03	19686.06	34354.54	844.88	3.6588,0.7493,0.1722,0.6818,8.7117,0.2117,0.0759,2.4045,1.9131,0.1519,0.073
1	Round_1_Replicate_15	-6972.81	13967.62	22207.47	1523.24	1.6816,0.4044,0.1529,1.7962,8.5537,0.3874,0.9098,0.2029,6.9785,0.9899,0.2352
1	Round_2_Replicate_6	-4909.79	9841.58	7847.01	408.47	0.0734,4.2193,2.6706,10.7659,0.4365,0.6308,0.0479,0.3914,0.7744,0.0681,0.0127
1	Round_2_Replicate_8	-18467.88	36957.76	132155.45	1585.76	0.0349,8.3068,3.5861,0.0283,0.6622,14.1302,0.1016,0.2218,4.8753,0.4233,0.3618
1	Round_1_Replicate_10	-28103.28	56228.56	1387604.19	1110.67	0.0804,0.0624,1.3405,0.0997,8.5178,6.0759,0.5,0.1619,7.8094,0.9899,0.9899
1	Round_2_Replicate_11	-4368.46	8758.92	5393.75	1397.73	0.7056,0.3775,0.043,0.406,0.0275,0.0827,5.2214,0.4486,0.304,0.9332,0.0905
1	Round_2_Replicate_7	-4768.73	9559.46	8713.61	642.41	0.5772,1.9793,0.7335,13.3018,0.1795,0.0347,0.0592,7.1566,7.8257,0.4545,0.1135
1	Round_2_Replicate_9	-6310.83	12643.66	16667.42	134.05	1.3609,0.8964,0.7531,15.4303,19.0101,0.4469,0.9541,0.1178,0.227,0.9862,0.0528
1	Round_2_Replicate_1	-9184.83	18391.66	19631.85	1474.23	3.9479,0.0889,0.2865,0.3643,1.4659,1.4205,1.122,0.4593,5.7524,0.1891,0.559
1	Round_2_Replicate_7	-5103.83	10229.66	6413.8	854.25	0.1767,0.0281,2.0421,1.2686,0.6963,0.1164,0.5771,3.8477,7.1294,0.3654,0.036
1	Round_2_Replicate_7	-5301.63	10625.26	322933795.62	1067.88	0.2493,2.1299,0.1937,10.1791,0.0247,0.0387,0.1269,0.2458,0.4859,0.0732,0.175
1	Round_2_Replicate_9	-25153.78	50329.56	2749319947.01	1151.52	0.2189,19.0101,11.5896,0.0715,0.0406,16.2945,0.5738,4.5032,8.8702,0.9898,0.9898
1	Round_1_Replicate_11	-6775.09	13572.18	9244.03	358.25	1.5783,1.3155,8.2113,2.9977,0.8041,0.0993,0.2552,1.4475,0.1535,0.6372,0.2829
1	Round_2_Replicate_12	-6373.95	12769.9	24396.11	685.34	3.5993,0.9535,0.152,3.0785,0.5935,0.0192,1.1048,0.3305,0.0704,0.1319,0.0925
1	Round_2_Replicate_8	-7960.97	15943.94	39819.91	785.93	1.9967,0.1323,0.0959,5.5264,0.611,0.0357,0.0561,0.8292,3.7303,0.3041,0.0499
1	Round_1_Replicate_13	-36764.65	73551.3	7639382.0	131.58	14.41,0.1285,13.9484,0.1122,13.6824,0.1306,0.0638,0.2199,3.0037,0.9899,0.9899
1	Round_2_Replicate_10	-6477.11	12976.22	308033.82	504.4	7.4629,0.3519,2.3366,1.7168,0.5466,0.3264,19.47,0.2565,2.362,0.9443,0.3445
1	Round_2_Replicate_8	-4645.17	9312.34	115553.4	624.19	0.5283,0.9817,1.5556,11.1763,0.1859,1.224,0.0663,4.2605,0.8108,0.0526,0.0854
1	Round_2_Replicate_2	-16088.56	32199.12	99724.12	1865.94	4.1814,0.032,0.2325,0.0508,0.9086,0.0354,0.2461,2.7136,5.9976,0.1477,0.0334
1	Round_1_Replicate_12	-25314.77	50651.54	545137.95	736.36	0.3144,0.3878,7.9583,1.2643,0.2959,7.9071,0.1662,0.2255,0.1188,0.391,0.9899
1	Round_2_Replicate_9	-7547.08	15116.16	38840.13	606.5	3.967,0.2293,1.9912,1.4817,0.6851,0.0192,1.4623,3.9484,3.3497,0.99,0.3193
1	Round_2_Replicate_8	-7902.98	15827.96	31182.4	1101.07	0.4728,0.0399,0.1026,1.2567,2.7958,0.0255,0.0328,0.4433,0.6822,0.9899,0.0719
1	Round_2_Replicate_13	-5946.24	11914.48	9017.18	1352.87	18.6992,1.27,0.2895,0.1928,1.0265,0.0711,13.9389,1.7927,0.5849,0.4719,0.0416
1	Round_2_Replicate_10	-5877.74	11777.48	8258.83	2576.28	0.0278,5.7742,0.1817,0.1605,1.0811,13.9204,0.0673,0.2219,19.0101,0.2156,0.0347
1	Round_2_Replicate_9	-5463.96	10949.92	7649.31	1062.33	0.0254,0.1114,0.5413,3.6129,0.2652,1.971,0.0269,1.3528,1.1354,0.1416,0.1744
1	Round_2_Replicate_10	-5844.34	11710.68	6849.58	1246.18	1.9408,0.3465,0.4265,0.5579,2.586,0.0895,0.1689,4.1114,1.1959,0.99,0.3117
1	Round_2_Replicate_14	-3775.89	7573.78	768409.81	620.85	19.0101,6.3149,0.3919,2.1281,0.3476,0.088,12.5079,3.7279,0.0943,0.9898,0.0147
1	Round_1_Replicate_14	-34352.46	68726.92	3284129.07	418.83	2.8522,3.4563,9.3073,0.2121,14.7966,0.0968,0.0717,1.5654,0.5395,0.9899,0.9899
1	Round_2_Replicate_11	-20214.61	40451.22	4265843.36	1296.34	0.0536,0.735,1.4661,0.4711,0.0376,4.6543,0.085,1.4013,19.0101,0.9898,0.9898
1	Round_2_Replicate_10	-5004.78	10031.56	231813.28	679.4	0.2302,3.0101,1.6601,8.4082,0.1311,1.1849,0.4063,0.5076,0.9609,0.0201,0.1766
1	Round_1_Replicate_13	-15235.05	30492.1	62951.71	955.82	5.7987,2.324,2.1029,0.147,9.1858,1.7925,0.082,2.7211,0.4088,0.2227,0.2918
1	Round_2_Replicate_11	-6485.9	12993.8	94995.29	331.76	1.8281,2.5439,2.1564,11.8385,0.7399,0.456,0.0433,0.5195,1.6894,0.9899,0.254
1	Round_2_Replicate_15	-6934.96	13891.92	15123.11	1594.08	1.9116,0.3281,0.096,0.2189,0.1019,0.0306,0.7568,0.9207,0.0308,0.99,0.1335
1	Round_1_Replicate_15	-29776.89	59575.78	59512708.37	834.9	5.3786,0.2174,11.6475,0.5624,0.3392,0.9538,3.0379,8.625,0.8398,0.99,0.99
1	Round_2_Replicate_3	-7387.09	14796.18	14762.87	4837.38	19.8,0.274,0.0635,0.0401,1.0316,0.1697,7.4399,7.8171,19.8,0.99,0.0377
1	Round_2_Replicate_12	-5245.1	10512.2	71560575.95	1348.12	0.1174,5.6703,0.5863,0.0727,0.0223,19.0101,0.1068,3.9427,9.7699,0.9898,0.0376
1	Round_2_Replicate_11	-3650.62	7323.24	3635.48	1082.48	0.0332,2.5342,0.2122,3.9794,0.0321,2.3771,0.1424,0.9114,0.2084,0.0893,0.0154
1	Round_1_Replicate_14	-7436.13	14894.26	23377.99	1670.22	0.1186,0.4181,0.0694,0.2165,0.0585,2.9852,1.0613,0.0935,0.1287,0.99,0.2243
1	Round_3_Replicate_1	-4000.09	8022.18	220309.59	799.58	11.5165,7.3727,0.4803,0.779,0.1954,0.028,3.7477,1.5969,0.0794,0.9899,0.0038
1	Round_3_Replicate_2	-3732.67	7487.34	5513.45	983.56	19.8,4.423,0.2007,0.5872,0.2373,0.23,4.2046,4.7184,0.0786,0.99,0.026
1	Round_2_Replicate_12	-4344.04	8710.08	8205.55	1107.52	0.024,0.8043,0.7699,19.0101,0.0227,0.7876,0.351,1.1575,0.0896,0.2819,0.1681
1	Round_2_Replicate_4	-4114.71	8251.42	4036.49	1311.15	19.8,0.039,0.1493,0.4009,0.2999,0.0328,7.0256,5.2438,19.8,0.1909,0.0148
1	Round_2_Replicate_13	-5286.07	10594.14	463138694.48	1355.52	0.017,2.8034,0.6599,0.4652,0.1107,18.4099,0.0114,2.1911,19.5995,0.5315,0.2045
1	Round_1_Replicate_8	-27864.16	55750.32	1.212330951921206e+23	161.14	10.4528,0.2542,6.7659,4.4213,15.1633,7.236,0.2204,0.1978,9.89,0.9251,0.9796
1	Round_3_Replicate_3	-3755.77	7533.54	6061.85	631.07	19.0101,11.2714,0.2347,2.3938,0.3057,0.3123,4.8911,0.9427,0.0501,0.68,0.0053
1	Round_2_Replicate_12	-4811.44	9644.88	4500.72	664.18	1.8988,1.0483,0.6286,0.9325,10.2069,0.0394,0.2362,5.0602,1.3626,0.6248,0.018
1	Round_2_Replicate_5	-9022.6	18067.2	28673.66	1559.17	12.023,0.2781,0.1242,0.0422,0.0598,0.0324,4.3324,15.9171,19.0101,0.4257,0.0524
1	Round_2_Replicate_13	-3920.94	7863.88	34945.65	849.07	0.3587,1.0414,0.6884,5.6772,0.0947,0.3057,0.0948,1.5818,0.2132,0.1615,0.0349
1	Round_2_Replicate_1	-7131.33	14284.66	18268.98	717.49	0.3094,0.0497,5.5827,0.3011,2.5461,11.1369,19.245,0.0618,0.4005,0.0545,0.0382
1	Round_3_Replicate_4	-4823.19	9668.38	635802096.57	849.09	13.0312,3.2543,0.3289,1.2721,0.1446,0.0289,4.1276,7.1117,0.0338,0.9899,0.0511
1	Round_2_Replicate_14	-4850.67	9723.34	6603.34	1437.75	0.0266,0.1135,0.3167,1.4964,0.0537,0.0928,0.3554,2.1956,0.1989,0.7803,0.1045
1	Round_2_Replicate_14	-19623.19	39268.38	371203.5	3194.22	0.0203,3.3569,0.2501,0.0157,0.0984,19.8,0.0344,4.0323,19.8,0.856,0.99
1	Round_3_Replicate_5	-3204.3	6430.6	1982.37	724.44	16.4638,5.5593,0.2185,1.43,0.4658,0.0323,19.8,3.121,0.0432,0.99,0.0076
1	Round_2_Replicate_2	-21910.91	43843.82	249996.7	1152.97	1.1955,0.2045,0.3142,0.8348,2.0935,7.4602,3.1011,0.1664,0.1773,0.099,0.9899
1	Round_2_Replicate_15	-3688.34	7398.68	9412.95	1228.79	0.0651,0.5659,0.3712,0.955,0.0294,0.0754,0.2748,1.3022,0.4008,0.082,0.0296
1	Round_2_Replicate_13	-4919.08	9860.16	37486.12	443.33	0.3206,1.6228,0.2225,15.2197,3.5141,0.0158,0.0248,10.6507,6.5525,0.9899,0.0162
1	Round_1_Replicate_9	-20535.97	41093.94	193897.99	2748.02	0.9249,0.5043,0.2442,0.2935,6.062,0.2058,1.5243,0.088,11.3538,0.99,0.99
1	Round_1_Replicate_15	-24682.07	49386.14	472016.64	2078.78	0.0979,11.831,0.2235,0.2593,6.8571,2.3823,0.0818,12.5753,0.1235,0.1771,0.9899
1	Round_2_Replicate_6	-7491.23	15004.46	13637.74	1344.19	3.1272,0.2573,0.2015,0.3699,3.1628,0.1949,0.5567,18.5612,18.8699,0.13,0.0174
1	Round_2_Replicate_14	-6598.87	13219.74	16555.59	747.21	3.7837,0.4492,0.322,6.0815,0.2569,0.147,0.4545,6.0876,0.1659,0.99,0.3931
1	Round_3_Replicate_1	-3819.87	7661.74	5857480.39	1046.22	0.0896,5.3672,0.613,1.9253,0.0325,0.7362,0.4939,0.7065,0.3631,0.2008,0.0044
1	Round_2_Replicate_15	-9514.91	19051.82	49618877597033.8	1072.45	0.0285,2.1111,10.5202,0.5632,0.0527,18.4099,0.2067,0.2846,19.5995,0.1893,0.517
1	Round_3_Replicate_6	-7012.63	14047.26	4409280341787613.0	437.77	19.8,19.8,0.7172,5.1073,0.6074,0.0689,10.3172,12.3412,0.0506,0.4733,0.0234
1	Round_2_Replicate_1	-12928.69	25879.38	52758.74	832.43	0.022,19.0101,0.0924,7.371,0.2149,0.0362,3.3293,5.4051,6.7841,0.9898,0.8791
1	Round_1_Replicate_10	-6300.88	12623.76	10443.52	1335.54	0.1054,0.2041,1.1625,0.392,0.1165,0.398,0.0799,3.4296,8.9382,0.0728,0.1134
1	Round_3_Replicate_1	-7766.06	15554.12	17791.72	1326.48	0.2941,2.7062,1.0255,0.1055,0.1989,19.0101,0.4349,0.7312,2.2553,0.4852,0.0208
1	Round_3_Replicate_2	-5009.42	10040.84	8137.91	986.51	0.0231,0.6358,0.1043,14.8512,0.0738,3.3169,0.0479,0.3062,0.2954,0.0788,0.0404
1	Round_2_Replicate_15	-7363.32	14748.64	11428.73	547.86	0.2626,0.5981,0.1208,3.2897,3.5058,0.0161,0.1464,3.9655,0.1796,0.99,0.5307
1	Round_2_Replicate_2	-4785.63	9593.26	12404.8	1056.77	0.0716,2.5261,0.3592,2.7069,0.0779,0.0236,0.7687,0.2821,9.8014,0.99,0.1211
1	Round_1_Replicate_11	-10083.34	20188.68	34888.95	1239.8	0.3854,0.0635,0.6333,0.3521,1.1349,0.1034,0.1909,0.0717,2.4952,0.1703,0.1099
1	Round_3_Replicate_7	-6696.37	13414.74	6421539131538.71	710.16	19.8,19.8,1.0336,0.6673,0.2352,0.0366,8.1595,10.0188,0.1841,0.99,0.0264
1	Round_3_Replicate_2	-4381.84	8785.68	3778212.43	1174.74	0.3064,10.527,0.1334,0.3798,0.0281,17.4665,0.2362,1.3272,1.1534,0.9898,0.1145
1	Round_3_Replicate_1	-3448.44	6918.88	2593.96	930.65	0.3218,0.3394,0.4076,1.843,0.4195,0.0392,0.3394,4.7386,1.7053,0.9899,0.0526
1	Round_3_Replicate_3	-3890.82	7803.64	3989.55	1153.45	0.0156,5.2859,0.0895,5.9357,0.0173,7.8428,0.1265,0.7153,0.2964,0.3238,0.0282
1	Round_2_Replicate_3	-7513.17	15048.34	27055.46	792.83	0.0552,11.8833,0.1444,3.8335,0.1486,0.0191,0.9262,0.4829,1.9158,0.919,0.2152
1	Round_3_Replicate_3	-5463.53	10949.06	8162.14	1622.58	0.2623,15.0236,0.0862,0.1072,0.1042,19.0101,0.4813,1.8993,3.4489,0.9898,0.0957
1	Round_3_Replicate_2	-6803.23	13628.46	17431.68	732.6	0.3508,0.2092,0.1759,3.0164,1.3721,0.0268,0.2274,0.6024,0.6667,0.9899,0.2205
1	Round_3_Replicate_4	-5284.01	10590.02	9459.6	973.49	0.0207,5.5004,0.0798,4.2189,0.0627,3.3108,0.5224,0.6607,0.2777,0.0393,0.0471
1	Round_3_Replicate_8	-4529.74	9081.48	944667.37	528.44	19.8,11.1386,1.167,1.5823,0.6407,0.1284,18.7819,1.6891,0.2269,0.4101,0.0402
1	Round_2_Replicate_4	-6589.45	13200.9	8948.76	727.87	0.1069,2.0607,0.5313,6.2907,0.1752,0.0112,0.3671,3.6815,2.0902,0.5619,0.4573
1	Round_3_Replicate_3	-5045.49	10112.98	5431.8	748.34	1.3796,1.247,0.7282,1.0051,0.8657,0.0219,0.142,0.8783,2.8139,0.5834,0.2054
1	Round_3_Replicate_4	-3592.14	7206.28	10635.87	1165.85	0.2734,9.7885,0.1373,0.433,0.0554,5.477,0.0662,0.409,2.91,0.99,0.0088
1	Round_3_Replicate_5	-3720.07	7462.14	16969.71	1103.71	0.0344,2.7328,0.3026,7.8865,0.0223,0.8338,0.4145,0.5381,0.3514,0.1088,0.0264
1	Round_3_Replicate_9	-4196.7	8415.4	517786.32	792.31	14.4817,5.6117,0.1464,3.233,0.1196,0.1241,15.485,1.8814,0.1937,0.9899,0.056
1	Round_2_Replicate_5	-13834.4	27690.8	6692509248.93	784.35	0.2755,7.7721,2.2113,10.1773,0.0873,0.1782,0.6863,2.0656,8.9661,0.9899,0.7368
1	Round_2_Replicate_7	-6459.15	12940.3	13218.25	18481.49	19.8,0.0569,0.016,0.0366,1.8394,0.0591,0.2691,5.7131,19.8,0.99,0.0325
1	Round_3_Replicate_4	-4729.39	9480.78	6227.44	607.0	0.5769,0.1758,0.1466,8.2449,0.8742,0.1071,0.6167,2.7392,1.1701,0.9899,0.0861
1	Round_3_Replicate_5	-3742.65	7507.3	41934.75	1083.36	1.9977,9.4517,0.0884,0.6263,0.0611,19.0101,0.329,2.5002,0.8812,0.9898,0.0573
1	Round_2_Replicate_9	-8162.28	16346.56	14383.75	351.18	0.1375,0.0429,2.4635,1.0145,19.0101,0.1004,0.1423,2.1122,10.7644,0.1466,0.1895
1	Round_3_Replicate_6	-4361.22	8744.44	5175.89	946.13	0.0102,2.5368,0.134,2.6667,0.1083,4.6101,0.0757,2.3707,0.2529,0.1702,0.0163
1	Round_3_Replicate_10	-4460.54	8943.08	5573532.49	582.87	15.5628,3.4642,0.4035,6.0789,0.2352,0.1388,18.9656,1.69,0.2779,0.9898,0.0146
1	Round_3_Replicate_6	-3912.8	7847.6	29901.21	1281.68	0.684,3.1341,0.1465,0.2616,0.0623,7.4114,0.1958,1.7608,4.9397,0.9899,0.0498
1	Round_3_Replicate_7	-4810.88	9643.76	8846.72	1137.11	0.0176,1.2595,0.1009,4.7527,0.0299,1.6069,0.0459,3.7018,0.6917,0.0375,0.0323
1	Round_2_Replicate_8	-10218.27	20458.54	46045.71	2220.97	19.8,0.0315,0.0224,0.3801,0.1974,0.0551,0.4416,1.6803,19.8,0.173,0.3189
1	Round_3_Replicate_5	-3944.35	7910.7	2677.05	817.62	0.4199,0.9789,0.2696,1.1845,5.2183,0.0352,0.2144,6.0158,1.4577,0.9738,0.1514
1	Round_3_Replicate_7	-5724.99	11471.98	10541950.04	1161.05	0.5167,16.8925,0.8463,0.1199,0.0461,11.0863,0.459,0.4732,0.7285,0.5656,0.0937
1	Round_3_Replicate_11	-9459.5	18941.0	1.1695876181132887e+18	450.69	19.9348,17.0665,1.1413,6.7278,0.5945,0.1012,19.0747,10.1855,0.0577,0.2989,0.0315
1	Round_3_Replicate_8	-3713.81	7449.62	4473.87	1157.27	0.0228,4.6721,0.0823,9.4676,0.0157,6.3463,0.0371,0.2927,0.454,0.2333,0.006
1	Round_2_Replicate_6	-3410.26	6842.52	3030.79	4044.45	0.0768,19.4222,0.1048,0.3076,1.9545,0.4238,0.3216,4.2394,19.0387,0.9899,0.0177
1	Round_3_Replicate_6	-7155.48	14332.96	24598.17	552.21	0.381,0.7717,0.2266,10.0776,2.0944,0.0598,0.1031,0.5947,3.1474,0.9899,0.0314
1	Round_2_Replicate_9	-8677.76	17377.52	14183.23	1300.4	19.8,0.1716,0.1083,1.0818,1.5491,1.486,0.2333,16.8413,4.9935,0.99,0.67
1	Round_3_Replicate_8	-5872.09	11766.18	12013.23	1392.62	1.4763,11.7627,0.189,0.082,0.0825,19.0101,0.4813,1.6311,5.9056,0.2427,0.0094
1	Round_3_Replicate_12	-4482.95	8987.9	127130.79	708.49	6.4374,5.1916,0.9517,0.9216,0.2474,0.027,9.0184,1.2039,0.0855,0.9899,0.0476
1	Round_3_Replicate_9	-3475.5	6973.0	7662.46	867.98	0.1214,1.0868,0.4351,8.5395,0.0903,4.114,0.3126,0.4818,0.4144,0.0326,0.0138
1	Round_2_Replicate_7	-5218.6	10459.2	14671070.3	727.57	0.0586,19.0101,3.8616,1.0652,0.2327,0.0668,2.5419,3.348,4.173,0.9898,0.0319
1	Round_3_Replicate_7	-7341.36	14704.72	17562.34	375.81	0.4192,1.0242,0.3387,7.578,2.5619,0.0349,0.0749,2.3042,3.0938,0.4272,0.3145
1	Round_2_Replicate_11	-12873.37	25768.74	62572.8	680.08	15.0112,0.0217,0.3291,3.2973,19.8,5.4202,13.4794,0.5278,2.8751,0.99,0.8575
1	Round_3_Replicate_13	-3779.22	7580.44	131082.43	495.9	8.1376,18.1058,0.8618,1.7549,0.5748,0.1311,16.4324,1.9974,0.0389,0.9898,0.0069
1	Round_3_Replicate_9	-4044.71	8111.42	24047176.7	1132.32	2.2765,3.8503,0.095,0.6283,0.0376,17.4546,0.5055,0.6514,1.3169,0.8845,0.0122
1	Round_3_Replicate_10	-3615.19	7252.38	172781.94	1185.55	0.0241,2.7174,0.2859,1.7555,0.0137,1.4256,0.0745,0.9291,0.5022,0.033,0.0036
1	Round_2_Replicate_10	-7367.03	14756.06	17674.46	2363.47	1.182,0.0272,0.1303,0.2678,1.9418,1.0132,0.5873,0.5993,2.8838,0.2037,0.0255
1	Round_3_Replicate_8	-4276.45	8574.9	4132.97	772.33	0.2922,0.5889,0.9624,1.6609,0.5289,0.099,0.2182,0.9976,1.9554,0.5434,0.1026
1	Round_3_Replicate_10	-4791.95	9605.9	26042839.79	1132.85	1.1174,16.8133,0.2917,0.2133,0.0506,13.5623,0.3267,0.2957,0.943,0.3136,0.0183
1	Round_2_Replicate_11	-8105.23	16232.46	21047.58	2359.38	2.5441,1.361,0.0427,0.0308,0.1076,0.223,5.916,3.86,19.0101,0.9228,0.0148
1	Round_3_Replicate_11	-3650.99	7323.98	4642.73	1080.05	0.0265,1.4703,0.4639,8.4921,0.0288,0.8824,0.3359,2.6114,0.0974,0.0412,0.0098
1	Round_3_Replicate_9	-6707.41	13436.82	11332.85	453.95	0.3583,1.1171,0.1649,3.957,3.2459,0.0421,0.3527,1.6278,0.5632,0.9899,0.3968
1	Round_3_Replicate_14	-3901.26	7824.52	55229.12	794.06	19.8,7.9696,0.1089,2.682,0.1309,0.0886,19.8,2.6365,0.3274,0.99,0.0281
1	Round_3_Replicate_11	-3646.95	7315.9	2457.54	1285.08	0.2992,10.3431,0.081,0.253,0.081,19.0101,0.199,0.4536,0.6673,0.3635,0.0491
1	Round_1_Replicate_12	-3537.91	7097.82	2385.9	496.61	1.1479,0.157,0.1228,2.9608,16.4123,3.0585,0.6731,8.6453,0.7627,0.9899,0.1047
1	Round_2_Replicate_12	-10974.03	21970.06	59175.49	4456.94	18.0397,0.4173,0.0312,0.0954,1.6,0.5107,2.9507,0.6304,4.8112,0.542,0.0197
1	Round_3_Replicate_12	-4202.07	8426.14	5839.99	1057.32	0.0173,4.0708,0.485,5.2781,0.0312,0.8914,0.1789,0.5387,0.067,0.1895,0.0484
1	Round_3_Replicate_15	-3918.68	7859.36	19225.42	627.39	14.5521,12.0794,0.2443,2.792,0.2503,0.0722,19.0101,1.3914,0.0356,0.9898,0.0082
1	Round_2_Replicate_8	-6374.39	12770.78	11764.59	575.78	0.1429,2.922,3.2585,0.3652,3.8134,0.0519,0.5757,3.2423,17.5525,0.9104,0.1044
1	Round_3_Replicate_10	-4451.32	8924.64	9112.96	490.21	2.8502,0.6902,0.8525,2.7704,2.8581,0.1275,0.2447,5.5975,0.5907,0.9899,0.0916
1	Round_3_Replicate_12	-5357.78	10737.56	22325.83	1284.31	0.3831,15.0095,0.3967,0.0987,0.0678,19.0101,0.3413,0.2387,5.4927,0.331,0.016
1	Round_3_Replicate_13	-3763.2	7548.4	22671.14	1134.38	0.0349,7.5317,0.168,4.0184,0.0177,2.3425,0.0867,2.0647,0.0701,0.0959,0.0414
1	Round_2_Replicate_13	-9383.11	18788.22	25433.23	4219.42	19.0101,0.3051,0.0674,0.0322,0.9095,0.1634,2.0622,2.4597,16.7118,0.9898,0.1129
1	Round_2_Replicate_9	-3352.55	6727.1	320154.47	567.78	0.1277,6.6176,0.7774,2.2706,1.8326,0.1199,2.8836,1.3728,1.6881,0.8577,0.0374
1	Round_3_Replicate_13	-4745.67	9513.34	27404.56	1344.16	0.495,8.0822,0.2023,0.0964,0.0427,4.8771,0.0806,2.1333,1.1921,0.3978,0.0452
1	Round_3_Replicate_11	-6040.06	12102.12	6794.41	669.4	0.9357,0.9689,0.2737,1.6753,2.5963,0.0869,0.2926,7.1743,1.3623,0.5049,0.3736
1	Round_2_Replicate_12	-21200.96	42423.92	662970448.22	482.63	6.4265,1.3118,0.5347,13.9636,10.4608,2.9811,2.8019,0.0564,4.1469,0.9899,0.9899
1	Round_3_Replicate_14	-3807.05	7636.1	21079.84	1142.33	0.0448,6.6351,0.0979,7.2212,0.0168,0.6413,0.3436,1.1072,0.2291,0.282,0.0122
1	Round_2_Replicate_14	-3965.32	7952.64	4705.75	1003.87	8.7027,0.7473,0.1299,1.0226,0.3421,0.036,1.7573,2.0657,3.4366,0.3751,0.0188
1	Round_4_Replicate_1	-3329.86	6681.72	6052.32	739.49	19.6424,4.7609,0.2214,1.6392,0.3011,0.0454,19.5633,3.1696,0.0654,0.99,0.0077
1	Round_3_Replicate_14	-5579.77	11181.54	867850742.9	1071.01	0.9334,7.1964,0.9739,0.2213,0.0729,14.6207,0.2762,1.626,7.2783,0.9899,0.0859
1	Round_3_Replicate_12	-6538.25	13098.5	13945.25	1088.98	0.3779,0.2003,0.1339,1.8556,0.4937,0.0388,0.5806,2.3613,1.0036,0.4647,0.2376
1	Round_2_Replicate_10	-12084.79	24191.58	52211.4	1423.94	0.0218,19.8,0.1584,0.9117,0.4155,0.185,2.6953,1.3513,19.8,0.3878,0.7241
1	Round_3_Replicate_15	-3958.18	7938.36	16849798.04	1063.79	0.1032,1.709,0.5615,2.8267,0.0316,2.1734,0.3194,1.5254,0.1457,0.3338,0.0163
1	Round_4_Replicate_2	-3699.49	7420.98	3558.88	517.5	19.0101,11.3329,0.2275,2.7468,0.6389,0.0594,10.4369,1.6513,0.0435,0.9898,0.0089
1	Round_2_Replicate_15	-5229.22	10480.44	6454.31	3030.85	19.0101,0.1875,0.0843,0.1286,1.2717,0.0565,0.5274,2.7526,17.2149,0.9898,0.0417
1	Round_3_Replicate_15	-5192.5	10407.0	2247726.22	1362.5	1.2607,11.9708,0.076,0.0718,0.024,19.0101,0.2617,1.5474,2.5769,0.3017,0.0922
1	Round_2_Replicate_10	-10240.47	20502.94	42420.83	334.13	3.6091,0.3072,0.2497,5.2966,14.365,0.0242,0.0376,4.967,13.6348,0.4223,0.2963
1	Round_3_Replicate_13	-5900.95	11823.9	13377.87	736.12	2.1408,1.2022,0.2689,2.0762,0.5311,0.0233,0.2661,0.7787,1.3474,0.3039,0.2048
1	Round_2_Replicate_3	-25616.82	51255.64	517852.0	993.01	0.4558,0.1649,0.3658,0.4442,17.096,14.6342,18.8699,0.19,0.304,0.9898,0.9898
1	Round_2_Replicate_11	-6160.54	12343.08	17317.78	1045.78	0.058,8.0099,0.1806,0.8841,0.2263,0.2829,2.4716,0.4569,2.6391,0.1915,0.0226
1	Round_1_Replicate_13	-3985.71	7993.42	4516721.69	242.39	2.6323,4.2061,1.4918,6.3714,10.5947,0.2296,7.5736,0.2704,1.197,0.9899,0.1001
1	Round_3_Replicate_1	-5860.26	11742.52	13956.16	754.3	19.0101,1.0249,0.0467,3.7483,0.4766,0.024,3.7924,7.561,8.9584,0.3756,0.0572
1	Round_4_Replicate_1	-3426.53	6875.06	3210.39	895.94	0.2129,0.6872,0.2414,6.8915,0.1122,4.9667,0.4766,0.2738,0.385,0.0248,0.0224
1	Round_4_Replicate_3	-3197.93	6417.86	3107.03	731.76	14.1627,5.6493,0.2781,1.2333,0.5432,0.0361,16.0069,4.1047,0.0266,0.9907,0.0058
1	Round_3_Replicate_14	-7088.0	14198.0	11966.59	758.93	0.2941,0.1658,0.9791,2.6208,0.5836,0.0191,0.0762,3.3489,1.2945,0.3653,0.3796
1	Round_4_Replicate_1	-3636.91	7295.82	9900.81	1009.95	0.4541,13.3069,0.1794,0.7789,0.0967,10.4321,0.0739,0.2519,2.4223,0.9899,0.0046
1	Round_1_Replicate_14	-4373.17	8768.34	4877.92	490.03	2.8552,12.7321,1.7614,1.3906,1.9167,0.0726,0.4631,0.132,5.5104,0.8869,0.1472
1	Round_3_Replicate_2	-3458.74	6939.48	37110.51	881.21	14.8741,0.2796,0.1998,2.1294,0.2227,0.014,3.6289,6.4126,2.9757,0.1249,0.0143
1	Round_2_Replicate_11	-7140.79	14303.58	69370.01	548.02	0.6316,0.0262,1.5187,3.2825,2.0519,0.3966,0.0446,5.8432,9.3606,0.9899,0.0767
1	Round_2_Replicate_12	-6602.11	13226.22	435546.35	1072.72	0.0866,19.9348,0.6027,2.3808,0.0716,0.2343,1.6907,2.0881,19.0747,0.99,0.2206
1	Round_3_Replicate_15	-3809.3	7640.6	8470.8	564.77	1.4951,1.4189,0.6709,3.8906,0.6186,0.1187,0.4886,0.7223,3.0046,0.9899,0.0439
1	Round_4_Replicate_2	-3613.33	7248.66	42559.7	935.52	0.2146,1.4718,0.261,4.5927,0.0728,7.2031,0.1931,0.8604,0.2789,0.0414,0.015
1	Round_4_Replicate_4	-3267.07	6556.14	2224.15	513.91	15.6293,9.7161,0.4218,2.2122,0.8252,0.0604,12.3365,1.7655,0.0253,0.9258,0.0099
1	Round_4_Replicate_2	-3657.36	7336.72	26527.0	1257.07	0.3333,8.1135,0.1361,0.2369,0.0436,6.4256,0.0512,0.5239,2.9721,0.9899,0.0063
1	Round_3_Replicate_3	-3467.19	6956.38	3826.24	903.9	14.0011,0.2267,0.3253,0.9365,0.3749,0.0998,3.5068,2.3021,5.1952,0.343,0.0195
1	Round_1_Replicate_15	-20277.74	40577.48	241451.61	878.64	0.7879,0.1747,0.2511,3.4646,0.5133,0.7359,3.9205,13.8137,0.0628,0.3325,0.9898
1	Round_2_Replicate_13	-5234.79	10491.58	25600.28	1434.98	0.0768,17.5243,0.115,1.1429,0.1325,0.2095,2.1786,1.3327,19.0101,0.9898,0.0265
1	Round_2_Replicate_12	-6392.79	12807.58	13992.59	331.89	2.0541,1.0934,0.683,19.8,1.6632,0.0696,0.0328,1.1865,7.2525,0.493,0.2519
1	Round_4_Replicate_1	-3241.63	6505.26	1971.33	873.35	0.246,0.6451,0.5772,1.327,0.7131,0.0481,0.1772,3.1713,3.1085,0.9025,0.028
1	Round_4_Replicate_5	-3582.51	7187.02	2902.15	813.8	10.9578,5.9051,0.3905,0.7756,0.587,0.0206,17.1929,3.2026,0.0784,0.8145,0.008
1	Round_3_Replicate_4	-3506.38	7034.76	3066.77	770.24	19.8,0.2202,0.4595,1.177,0.5685,0.1197,3.0087,1.941,1.0712,0.3185,0.005
1	Round_4_Replicate_3	-4105.32	8232.64	123087.76	750.45	0.1668,1.4409,0.7524,14.4075,0.1109,4.3065,0.3452,0.2456,0.5081,0.0168,0.0216
1	Round_4_Replicate_3	-3914.36	7850.72	328988.8	1210.94	0.4819,6.2792,0.2352,0.2409,0.048,7.3842,0.1067,0.2935,2.4784,0.8522,0.0162
1	Round_2_Replicate_14	-21747.1	43516.2	233292.59	983.06	0.1423,5.4642,0.3608,5.7644,2.1958,0.3522,0.2314,0.9718,8.9237,0.9899,0.9899
1	Round_3_Replicate_5	-5330.31	10682.62	10868.59	1111.11	8.3621,0.4983,0.0794,1.0064,0.4498,0.1043,0.6015,1.283,2.191,0.5543,0.0227
1	Round_4_Replicate_2	-3511.85	7045.7	2151.72	1081.63	0.3881,0.6326,0.2768,0.9261,0.5278,0.0708,0.6174,6.2672,3.1362,0.6379,0.0423
1	Round_4_Replicate_4	-3391.83	6805.66	5025.46	873.61	0.0788,0.7587,0.8483,6.7565,0.0979,3.8352,0.2363,0.471,0.3539,0.0255,0.0086
1	Round_2_Replicate_13	-4546.28	9114.56	5828.77	354.65	0.8916,0.0382,1.3462,7.1566,3.074,0.257,0.0293,9.5691,0.974,0.2806,0.0238
1	Round_4_Replicate_4	-3694.73	7411.46	6932.24	1146.08	0.2145,17.0833,0.1131,0.4718,0.05,8.8511,0.0769,0.4723,2.4779,0.9907,0.0142
1	Round_2_Replicate_13	-10646.64	21315.28	23782.48	466.46	7.5113,0.0375,0.5004,3.6071,8.5397,3.5931,14.1306,0.4119,1.0898,0.7655,0.7901
1	Round_2_Replicate_15	-4078.53	8179.06	14549.85	949.16	0.8017,1.9881,0.1203,10.5123,0.0735,0.3469,0.4546,0.7815,19.0101,0.4382,0.0241
1	Round_3_Replicate_6	-4063.46	8148.92	3143.94	1250.79	2.9974,0.7569,0.1539,0.5751,1.027,0.1272,0.7064,6.7347,3.6457,0.7258,0.0707
1	Round_4_Replicate_6	-3285.17	6592.34	4702.18	881.99	19.5405,10.6122,0.2375,0.8462,0.4615,0.0314,19.4107,4.716,0.0385,0.5445,0.0043
1	Round_2_Replicate_4	-7166.88	14355.76	11796.62	238.14	0.1552,0.0356,5.1477,3.5043,16.3595,2.1686,0.6289,0.0852,0.0226,0.1472,0.3612
1	Round_4_Replicate_3	-3294.6	6611.2	2339.39	912.16	0.1674,0.2378,0.3175,2.8744,0.4294,0.028,0.2101,4.8929,1.8058,0.9906,0.0223
1	Round_2_Replicate_14	-4935.07	9892.14	7008.04	734.83	0.1063,0.1263,0.1744,7.9891,0.626,1.0096,0.9859,15.1872,0.5013,0.2558,0.0876
1	Round_4_Replicate_5	-3541.72	7105.44	19023.89	900.13	0.1107,0.798,0.4668,7.6765,0.0863,6.1802,0.2351,0.881,0.5467,0.0253,0.0089
1	Round_2_Replicate_14	-6376.04	12774.08	1887416.93	281.49	1.263,0.7728,7.7057,1.0018,4.1093,1.9228,2.5288,0.6787,2.432,0.4804,0.0507
1	Round_3_Replicate_7	-4481.87	8985.74	6073.28	1239.94	2.9735,0.4219,0.1275,0.6617,0.4288,0.0609,4.6515,0.6846,3.0707,0.9899,0.0269
1	Round_4_Replicate_5	-3702.79	7427.58	6983551.66	1102.46	0.426,7.4362,0.1793,0.676,0.0512,8.1533,0.034,0.3536,5.1321,0.9899,0.0063
1	Round_2_Replicate_5	-3524.72	7071.44	2224.97	493.82	0.2593,0.4061,0.438,3.4568,3.7144,1.8978,1.3955,0.7258,0.296,0.2984,0.0975
1	Round_4_Replicate_7	-3340.07	6702.14	2564.35	611.15	14.9097,9.3576,0.2608,1.9148,0.4948,0.0288,12.2032,2.2192,0.0275,0.9906,0.0064
1	Round_4_Replicate_4	-3751.27	7524.54	2728.6	818.72	0.5841,0.544,0.6061,1.7077,0.4346,0.0514,0.3288,3.2747,1.7435,0.6053,0.0904
1	Round_2_Replicate_15	-3738.13	7498.26	2831.88	1096.08	1.2924,0.3029,0.1642,1.4206,0.6521,1.0657,0.1649,19.401,0.2806,0.3284,0.0093
1	Round_2_Replicate_1	-3777.31	7576.62	3181.7	669.36	0.391,0.0666,0.3535,1.6288,15.3951,0.5694,0.6771,2.9219,0.406,0.3358,0.0141
1	Round_3_Replicate_8	-3793.77	7609.54	4765.67	929.91	2.28,0.2778,0.1481,3.0352,0.235,0.0149,2.2542,6.4926,5.428,0.1907,0.0062
1	Round_4_Replicate_6	-3424.59	6871.18	2975.04	814.25	0.2177,0.9087,0.3608,5.8571,0.1503,2.9204,0.2608,0.3405,0.6511,0.0154,0.0153
1	Round_4_Replicate_6	-4216.35	8454.7	7233.26	1080.62	0.2834,5.8303,0.1212,0.7832,0.1002,4.0098,0.0958,0.2582,2.0524,0.9899,0.0054
1	Round_4_Replicate_5	-3712.25	7446.5	3114.57	875.61	0.3738,0.2805,0.329,2.3841,0.5249,0.0263,0.1725,3.3294,3.0258,0.596,0.0347
1	Round_3_Replicate_9	-4175.73	8373.46	5329.54	947.27	9.1399,1.1791,0.1013,2.1132,0.3418,0.1383,0.9171,1.232,12.9958,0.8631,0.037
1	Round_3_Replicate_1	-3680.37	7382.74	1009679.88	391.93	0.0975,8.3528,1.4726,4.6373,6.092,0.1211,9.8137,1.7441,0.4185,0.3613,0.0235
1	Round_3_Replicate_1	-5976.64	11975.28	17808.17	354.18	2.1468,0.1387,1.5372,4.4484,4.8322,0.0729,0.1045,3.6499,0.9205,0.9899,0.2687
1	Round_4_Replicate_7	-3252.6	6527.2	2020.28	873.99	0.092,1.0986,0.3011,4.2801,0.1332,4.2164,0.3071,0.5714,0.4063,0.0291,0.0105
1	Round_4_Replicate_8	-3134.51	6291.02	6512.09	679.27	19.8,3.3646,0.2802,1.7199,0.7417,0.0202,19.8,5.0517,0.0488,0.99,0.0098
1	Round_4_Replicate_7	-3837.89	7697.78	10933.4	1135.75	0.2827,6.1069,0.0995,0.7316,0.074,4.9985,0.0673,0.745,5.0866,0.9899,0.0046
1	Round_3_Replicate_10	-4453.42	8928.84	4269.27	2030.97	11.1581,0.2769,0.0671,0.2688,0.7399,0.0152,0.5449,7.6064,8.9591,0.9093,0.0052
1	Round_4_Replicate_6	-3446.62	6915.24	2223.39	890.35	0.2447,0.2086,0.493,1.7424,0.8267,0.0305,0.2324,3.2358,2.0628,0.7243,0.0323
1	Round_3_Replicate_2	-3663.79	7349.58	2758.4	407.65	0.4946,0.2447,0.2369,6.4021,3.464,0.0827,0.1982,3.8689,0.6835,0.9899,0.0947
1	Round_3_Replicate_2	-3569.53	7161.06	2776.24	851.73	0.0398,4.1433,0.6803,0.9902,1.7494,0.2742,8.7947,1.3466,1.6574,0.99,0.0821
1	Round_4_Replicate_8	-3514.81	7051.62	6183.15	853.31	0.0755,0.9432,0.5796,6.1147,0.1108,5.9462,0.1662,0.5854,0.6791,0.0182,0.0224
1	Round_3_Replicate_11	-3932.5	7887.0	4924.48	792.35	2.7054,0.6558,0.2167,2.3458,0.4313,0.012,0.8891,4.5579,1.9088,0.2581,0.0121
1	Round_4_Replicate_9	-3219.95	6461.9	2358.23	631.03	14.6329,8.8364,0.1723,2.0937,0.476,0.0547,12.1775,3.9085,0.0491,0.9899,0.0056
1	Round_4_Replicate_8	-3576.46	7174.92	122157.45	1106.14	0.1474,12.8924,0.1842,0.7039,0.0419,3.8499,0.0768,0.7109,2.9324,0.9898,0.0091
1	Round_4_Replicate_7	-4182.03	8386.06	3546.87	1008.71	0.624,0.3469,0.7202,0.9357,0.2487,0.0398,0.2158,3.4323,0.868,0.7934,0.0321
1	Round_3_Replicate_12	-3625.39	7272.78	3183.94	1088.82	8.6894,1.7633,0.0811,0.8028,0.2195,0.0883,1.06,5.5819,1.7491,0.5898,0.0065
1	Round_4_Replicate_9	-3555.28	7132.56	18861.33	924.58	0.1083,0.5407,0.4592,13.6184,0.0756,5.4208,0.195,0.4831,0.6165,0.0259,0.0143
1	Round_4_Replicate_10	-2979.56	5981.12	3346.41	587.69	18.8699,6.3466,0.1902,2.2659,0.8144,0.0168,17.2237,6.1004,0.0263,0.9898,0.007
1	Round_4_Replicate_9	-3483.78	6989.56	10609.4	1173.02	0.3726,15.6069,0.1572,0.3184,0.0611,3.1613,0.0408,0.6461,3.4103,0.6305,0.0075
1	Round_3_Replicate_3	-6053.71	12129.42	221404198440.68	450.8	0.1778,6.7557,2.624,1.534,2.9728,0.1366,10.5485,4.2226,1.3436,0.6384,0.0369
1	Round_4_Replicate_8	-3648.59	7319.18	2494.28	1212.72	0.3628,0.2035,0.3441,0.9624,0.3524,0.0258,0.5756,3.3923,1.1388,0.99,0.0285
1	Round_3_Replicate_13	-3942.88	7907.76	3749.23	1271.1	6.477,2.8256,0.1143,0.3702,0.3262,0.0396,0.8097,1.3265,6.0887,0.9899,0.0122
1	Round_4_Replicate_10	-3303.13	6628.26	2467.69	888.66	0.081,0.8329,0.8626,3.912,0.1132,2.4399,0.3728,0.5396,0.2847,0.0263,0.0179
1	Round_3_Replicate_4	-3447.78	6917.56	462104.85	770.11	0.0999,3.78,0.2596,1.9994,0.688,0.162,3.4915,4.9818,2.9704,0.9899,0.0595
1	Round_3_Replicate_14	-4030.8	8083.6	5716.34	554.91	11.3347,0.6916,0.3515,2.8925,1.0672,0.1064,1.2982,2.1089,6.851,0.121,0.039
1	Round_4_Replicate_9	-3166.65	6355.3	1510.7	920.8	0.176,0.6048,0.3637,1.6894,0.4142,0.0659,0.236,3.3875,0.9943,0.99,0.0426
1	Round_4_Replicate_10	-3546.52	7115.04	2943.36	1257.21	0.142,11.2361,0.2365,0.2574,0.0951,6.4404,0.0951,0.4853,4.2397,0.5982,0.0066
1	Round_3_Replicate_5	-5400.63	10823.26	1646852336.77	862.41	0.108,6.8145,2.1459,0.9373,0.6515,0.0519,5.5165,1.0608,5.1873,0.2714,0.1382
1	Round_4_Replicate_11	-3348.49	6718.98	59933.46	633.54	19.6424,8.0579,0.2881,2.2506,0.6411,0.017,19.5633,5.3893,0.0795,0.7002,0.0044
1	Round_3_Replicate_15	-4028.92	8079.84	97006.84	975.73	10.0301,1.461,0.0725,2.0397,0.1876,0.0246,3.5288,3.2307,13.9162,0.9899,0.0048
1	Round_2_Replicate_6	-10899.91	21821.82	27357.22	618.11	1.8258,0.0157,4.6062,0.4007,7.9971,2.7837,0.8683,0.0668,0.0393,0.0599,0.3007
1	Round_4_Replicate_11	-3733.02	7488.04	10492.35	835.0	0.1388,0.8059,0.8215,7.5396,0.1058,4.6155,0.5352,0.3424,0.2073,0.0453,0.0131
1	Round_3_Replicate_3	-4656.77	9335.54	5793.74	342.02	1.0255,0.669,0.2105,5.3563,6.4368,0.3588,0.6113,10.0565,0.941,0.9899,0.2602
1	Round_4_Replicate_10	-3667.65	7357.3	2932.56	1341.03	0.1895,0.1657,0.3443,0.9884,0.5065,0.0251,0.3299,6.9857,0.8588,0.9899,0.0277
1	Round_4_Replicate_11	-3994.19	8010.38	4974.34	1143.85	0.1394,16.7391,0.1132,0.4633,0.0809,5.3594,0.0429,0.245,2.448,0.7308,0.0083
1	Round_3_Replicate_6	-4874.38	9770.76	14181483214.5	622.89	0.4638,14.9609,0.8545,3.2503,2.1784,0.0582,3.8891,0.4941,4.9034,0.2125,0.0198
1	Round_4_Replicate_12	-3301.46	6624.92	8294.18	695.87	10.5064,6.2609,0.2247,2.4153,0.7126,0.0279,14.5062,5.5904,0.0427,0.5443,0.0096
1	Round_4_Replicate_1	-3516.09	7054.18	52443.23	944.18	11.3209,0.243,0.1399,3.0333,0.1486,0.0088,3.9251,12.211,4.8525,0.088,0.0085
1	Round_3_Replicate_4	-3912.72	7847.44	4205.66	602.24	1.2741,0.0781,0.5073,4.5305,1.2395,0.4116,0.5196,1.7688,0.4675,0.4408,0.0195
1	Round_4_Replicate_12	-3405.28	6832.56	6379.74	960.57	0.0782,1.9254,0.3045,5.8786,0.0575,4.322,0.2782,0.4529,0.3027,0.021,0.0162
1	Round_4_Replicate_11	-4080.84	8183.68	6342.55	894.51	0.223,0.1768,0.441,2.3936,0.7181,0.0492,0.1682,6.7875,1.2018,0.9899,0.0955
1	Round_3_Replicate_7	-4774.1	9570.2	23997983.26	440.88	0.0543,13.2682,2.4323,3.3742,0.7769,0.1218,1.6352,5.2335,0.9601,0.3633,0.0344
1	Round_4_Replicate_12	-3708.85	7439.7	220757.69	1244.46	0.4275,5.3713,0.1324,0.269,0.042,6.6951,0.0532,0.735,5.0889,0.6233,0.0144
1	Round_4_Replicate_2	-3958.79	7939.58	178509634.54	864.09	19.0101,0.3048,0.2208,3.1017,0.1461,0.0084,5.9999,10.9188,4.2237,0.1937,0.025
1	Round_4_Replicate_13	-3314.3	6650.6	2026.36	856.89	18.2096,5.2182,0.2187,1.1099,0.7682,0.0208,18.8699,2.4931,0.0471,0.6213,0.0052
1	Round_3_Replicate_8	-3911.38	7844.76	4536.53	408.61	0.0759,19.0101,1.9141,1.7472,2.4171,0.0955,0.7792,4.0126,0.4905,0.6197,0.0484
1	Round_4_Replicate_12	-3974.51	7971.02	4955.47	905.47	0.3163,0.4493,0.7289,1.2841,0.4407,0.0479,0.669,4.9013,1.8522,0.9899,0.0402
1	Round_4_Replicate_13	-3544.73	7111.46	20749.31	922.18	0.1554,0.9762,0.3238,12.6118,0.0674,2.7407,0.3826,0.629,0.357,0.0195,0.0059
1	Round_4_Replicate_13	-3471.09	6964.18	8367.16	1027.27	0.5039,17.0699,0.1004,0.8409,0.0804,7.0641,0.0498,0.289,5.2386,0.4916,0.0089
1	Round_4_Replicate_3	-3781.72	7585.44	11381.97	748.77	8.8297,0.5225,0.1553,3.6536,0.3487,0.0118,2.8291,7.1011,1.5756,0.2333,0.0127
1	Round_4_Replicate_14	-3612.5	7247.0	2899.14	761.64	13.6228,3.9933,0.2211,1.264,0.5261,0.0524,16.8974,1.8022,0.0605,0.9899,0.0141
1	Round_4_Replicate_13	-4013.57	8049.14	3957.17	1052.46	0.5103,0.3645,0.4529,1.254,0.2067,0.0658,0.35,5.5826,0.9408,0.9899,0.0596
1	Round_4_Replicate_14	-3686.05	7394.1	60192.22	879.85	0.2119,0.7036,0.5086,10.9056,0.0846,3.0286,0.1522,0.6149,0.4063,0.021,0.0183
1	Round_3_Replicate_9	-3922.61	7867.22	4064.97	1263.37	0.1341,4.9032,0.3578,0.7166,5.3885,0.0916,4.1141,1.8076,0.5673,0.2405,0.0263
1	Round_4_Replicate_14	-3436.97	6895.94	10508.6	1166.49	0.1628,18.0743,0.1795,0.342,0.0477,4.0455,0.0351,0.3857,2.4504,0.6049,0.0068
1	Round_2_Replicate_7	-33272.82	66567.64	36531373729945.66	102.77	0.6719,0.3705,9.8391,14.5788,12.4698,6.5049,4.9852,0.9763,0.1234,0.0375,0.9899
1	Round_4_Replicate_4	-3638.39	7298.78	7001081.93	752.24	10.0359,0.3043,0.3675,3.1821,0.2487,0.0069,3.988,3.8134,1.7952,0.1477,0.0143
1	Round_4_Replicate_15	-3763.05	7548.1	760417.05	675.31	16.6638,4.8466,0.3981,1.7924,0.3065,0.0267,18.7069,3.7538,0.0594,0.9897,0.0068
1	Round_4_Replicate_14	-3319.67	6661.34	2932.06	952.35	0.2213,0.4736,0.331,1.5975,0.5345,0.0268,0.3688,5.5316,3.0749,0.9899,0.0291
1	Round_2_Replicate_2	-11886.63	23795.26	36513.98	455.8	5.636,0.2651,0.0451,3.7162,11.8289,6.802,4.3727,14.2644,0.7878,0.99,0.8208
1	Round_3_Replicate_10	-6212.75	12447.5	2275303987550.64	486.06	0.0549,17.6284,1.1927,6.4291,3.2834,0.1036,3.4487,0.6324,3.6617,0.9898,0.0563
1	Round_4_Replicate_15	-3723.89	7469.78	163661.53	840.91	0.1627,1.1678,0.6847,10.1856,0.0858,3.1828,0.2527,0.3621,0.5128,0.0191,0.0071
1	Round_4_Replicate_15	-3468.27	6958.54	6386.9	1167.96	0.5358,13.9009,0.155,0.3047,0.0684,7.8125,0.0774,0.4926,1.5064,0.6192,0.0078
1	Round_4_Replicate_5	-3427.52	6877.04	7700.03	788.38	18.0261,0.5488,0.3283,1.2779,0.4154,0.0201,2.9555,6.3847,3.6877,0.0861,0.0066
1	Round_4_Replicate_16	-3190.9	6403.8	1757.68	635.22	11.8895,7.455,0.2613,1.6009,0.7111,0.0297,12.4731,2.6435,0.031,0.9899,0.0093
1	Round_4_Replicate_15	-3670.89	7363.78	2596.38	825.46	0.3477,0.2815,0.7183,1.6511,0.6883,0.0502,0.1932,2.5371,1.3505,0.6615,0.0309
1	Round_4_Replicate_16	-3304.99	6631.98	2213.3	847.79	0.0941,0.7523,0.3585,5.5411,0.1526,4.0991,0.4401,0.7354,0.6817,0.045,0.0166
1	Round_3_Replicate_11	-4049.97	8121.94	65828.73	515.15	0.0537,2.9895,2.4183,1.3305,3.9099,0.1226,4.1691,0.558,1.8194,0.9899,0.066
1	Round_4_Replicate_16	-3720.85	7463.7	242964.89	1168.81	0.3746,5.0219,0.2539,0.3643,0.0516,9.9237,0.0836,0.2086,2.5047,0.9899,0.0154
1	Round_2_Replicate_15	-5039.61	10101.22	122107.3	387.19	2.635,1.1922,1.8321,1.3853,19.8,0.5267,15.8883,1.5744,1.1645,0.8518,0.1062
1	Round_4_Replicate_6	-3450.22	6922.44	45915.62	873.17	13.5628,0.4701,0.2085,1.9361,0.2034,0.0086,3.3603,3.9677,1.7496,0.0676,0.0054
1	Round_4_Replicate_17	-3448.11	6918.22	6586.1	735.47	9.2968,5.7069,0.306,1.7202,0.2866,0.0281,11.2785,1.5752,0.0502,0.6105,0.0093
1	Round_4_Replicate_16	-3808.98	7639.96	3440.35	882.83	0.2812,0.303,0.4597,2.0328,0.5003,0.0265,0.2829,5.8727,3.0346,0.5213,0.054
1	Round_3_Replicate_12	-6803.91	13629.82	892043104945737.6	402.36	0.1905,11.2601,2.0907,4.0597,1.1959,0.3216,3.36,3.0596,3.4536,0.9899,0.014
1	Round_4_Replicate_17	-3363.57	6749.14	2950.04	963.87	0.0901,0.7468,0.4257,5.6211,0.0766,2.3235,0.3393,0.5364,0.6733,0.0514,0.0109
1	Round_4_Replicate_17	-3590.09	7202.18	56505.55	1157.58	0.2642,17.7714,0.0914,0.4749,0.0356,3.614,0.0314,0.7942,2.6218,0.9321,0.0037
1	Round_4_Replicate_7	-3525.87	7073.74	41187.3	1029.08	16.1022,0.1705,0.1394,1.3413,0.322,0.0089,6.9504,9.6435,1.5413,0.2427,0.0245
1	Round_4_Replicate_17	-4872.98	9767.96	7619.78	1097.65	0.3994,0.2509,0.6326,0.9988,0.2365,0.0574,0.4726,6.9221,2.0601,0.9899,0.0997
1	Round_4_Replicate_18	-3307.56	6637.12	2489.22	825.15	19.0243,5.2561,0.2732,0.9628,0.3974,0.0301,18.7594,2.7523,0.0807,0.7589,0.0092
1	Round_4_Replicate_18	-3659.64	7341.28	3509.75	791.48	0.1837,0.9056,0.3283,11.6652,0.1322,2.4841,0.3415,0.3088,0.3834,0.0173,0.0138
1	Round_4_Replicate_8	-3572.43	7166.86	288415.97	811.62	19.0101,0.1358,0.3541,2.0633,0.2583,0.0148,4.0822,8.0437,3.2126,0.0763,0.007
1	Round_4_Replicate_18	-3897.69	7817.38	4439.48	1217.88	0.4867,14.775,0.1229,0.3004,0.1001,4.4355,0.1112,0.7833,2.2847,0.9899,0.01
1	Round_4_Replicate_18	-3681.69	7385.38	2489.49	1075.6	0.2007,0.2545,0.4236,1.2935,0.419,0.0201,0.6232,3.4452,1.1482,0.8113,0.0687
1	Round_3_Replicate_13	-3458.93	6939.86	2483.99	662.67	0.0457,2.9264,0.2564,1.9338,4.7785,0.0586,1.1417,2.1018,1.3273,0.9899,0.0437
1	Round_4_Replicate_19	-3364.87	6751.74	2574.05	734.25	16.0186,5.7644,0.392,1.0585,0.6792,0.0636,17.1929,2.9043,0.0659,0.7973,0.009
1	Round_4_Replicate_19	-3329.35	6680.7	3344.33	957.34	0.1104,0.5639,0.5121,4.7739,0.091,3.3029,0.1984,0.5892,0.7834,0.0483,0.0202
1	Round_4_Replicate_9	-3573.83	7169.66	6978.15	956.05	17.721,0.4743,0.1146,2.7482,0.1264,0.0158,1.8727,5.8446,3.0604,0.2184,0.0207
1	Round_4_Replicate_19	-3856.79	7735.58	4574.59	1201.02	0.1453,12.7076,0.1818,0.3726,0.0973,5.2473,0.1226,0.8091,3.3979,0.9908,0.006
1	Round_4_Replicate_19	-3813.08	7648.16	3116.76	853.93	0.3033,0.419,0.287,2.9995,0.3633,0.02,0.1922,3.2041,2.0339,0.7018,0.0895
1	Round_4_Replicate_20	-3103.91	6229.82	1877.13	812.07	15.1262,9.1749,0.138,1.0841,0.3833,0.027,17.721,5.6655,0.0604,0.9899,0.0096
1	Round_2_Replicate_3	-6009.27	12040.54	2992662.07	508.19	0.3734,0.2161,0.2164,6.379,15.5749,0.5687,4.0159,5.3285,3.9995,0.9898,0.3588
1	Round_4_Replicate_10	-3703.36	7428.72	2681128.22	767.13	9.5495,0.3467,0.3458,3.3982,0.2191,0.0224,3.4334,9.6187,1.5942,0.0683,0.0219
1	Round_4_Replicate_20	-3469.85	6961.7	5704.97	961.06	0.0621,1.8342,0.5176,6.2763,0.0538,2.3176,0.2025,0.3802,0.5753,0.0269,0.0187
1	Round_3_Replicate_5	-6846.98	13715.96	12576.43	504.19	1.2835,0.0588,0.1546,2.1517,15.6408,0.1318,0.0953,11.9609,5.239,0.2461,0.0261
1	Round_4_Replicate_20	-3611.88	7245.76	3627.67	1281.86	0.1977,5.9199,0.1577,0.2504,0.0577,8.3546,0.0776,0.2228,3.1436,0.6577,0.0163
1	Round_3_Replicate_14	-4814.92	9651.84	6763.65	617.8	0.1255,7.3321,2.3679,0.601,5.5419,0.1169,2.5439,0.5038,6.8279,0.8666,0.0601
1	Round_4_Replicate_20	-3730.0	7482.0	2863.2	887.06	0.5874,0.5593,0.3975,2.1265,0.2538,0.0461,0.3437,3.9665,0.9218,0.574,0.0832
1	Round_4_Replicate_11	-3484.84	6991.68	2064678.03	855.56	13.5879,0.2677,0.2098,2.502,0.2125,0.0355,5.0409,7.4103,2.6507,0.0768,0.0088
1	Round_3_Replicate_6	-4865.41	9752.82	9157.02	755.35	2.4269,0.0745,1.35,1.2493,1.3964,0.155,0.0744,3.8672,2.1965,0.9899,0.0523
1	Round_3_Replicate_15	-4420.9	8863.8	43185.22	476.92	0.031,19.0101,1.9063,3.3512,1.8723,0.2934,4.758,0.4043,0.8603,0.4726,0.0791
1	Round_3_Replicate_7	-3370.52	6763.04	2019.23	870.89	1.471,0.3822,0.3265,1.3105,1.0265,0.183,0.139,1.7616,1.5255,0.99,0.0565
1	Round_4_Replicate_12	-3604.2	7230.4	270119.56	851.85	19.0101,0.2613,0.2341,2.9904,0.1711,0.0107,3.3493,8.3078,5.1841,0.1129,0.0112
1	Round_3_Replicate_1	-5096.56	10215.12	1409587509.1	455.23	4.9152,1.127,1.5023,2.2784,19.8,0.1384,5.6106,0.4521,3.0691,0.2861,0.1721
1	Round_4_Replicate_1	-4411.42	8844.84	539850.9	628.36	0.0696,9.826,0.8634,2.5247,1.4332,0.1106,1.8126,0.8932,2.6554,0.8083,0.0551
1	Round_3_Replicate_8	-7200.23	14422.46	20104.51	621.58	0.6535,0.1906,0.1618,2.803,2.7481,0.0844,0.0508,3.0155,2.3422,0.2479,0.0535
1	Round_4_Replicate_13	-3715.58	7453.16	4218.88	975.37	14.4533,0.3391,0.2119,1.4426,0.154,0.0167,1.9139,2.9757,3.0437,0.1722,0.0198
1	Round_4_Replicate_2	-3138.93	6299.86	158854.11	482.22	0.2281,6.0687,0.4961,2.7987,2.8768,0.2211,6.0298,2.1388,1.612,0.9899,0.0341
1	Round_3_Replicate_9	-4657.91	9337.82	7847.19	479.26	0.2199,0.258,0.3843,6.8185,1.4957,0.0799,0.1084,6.9541,1.2451,0.3593,0.0215
1	Round_4_Replicate_14	-4091.93	8205.86	204230189.75	837.98	17.0245,0.4721,0.3554,1.8593,0.1692,0.0174,5.3593,13.2481,2.7113,0.1983,0.0252
1	Round_4_Replicate_3	-3739.59	7501.18	61756.74	551.73	0.0805,6.5816,1.37,2.0505,1.3994,0.0685,1.702,1.0265,1.0486,0.4672,0.0154
1	Round_2_Replicate_8	-12016.46	24054.92	35253.89	299.98	0.0429,0.0216,1.0718,2.3354,19.0101,9.1279,7.9958,0.0509,0.0326,0.83,0.5866
1	Round_4_Replicate_15	-3641.19	7304.38	3681.58	1067.29	10.3617,0.2635,0.134,1.7753,0.122,0.0077,1.9596,9.4044,1.5266,0.1657,0.0143
1	Round_4_Replicate_4	-4937.47	9896.94	404169.04	650.11	0.0666,4.61,0.4897,3.4294,1.7428,0.2177,2.009,1.1068,2.9565,0.5674,0.0191
1	Round_5_Replicate_1	-2930.51	5883.02	2300.78	686.7	13.3405,8.2062,0.1225,1.6271,0.7294,0.0074,11.4077,9.228,0.0121,0.9901,0.0028
1	Round_4_Replicate_16	-3503.04	7028.08	4592.4	1021.54	9.823,0.3638,0.1793,1.1615,0.1684,0.023,3.1419,6.0455,6.1091,0.1596,0.0169
1	Round_5_Replicate_1	-3208.18	6438.36	2644.31	979.14	0.2267,11.5628,0.4468,0.5622,0.1431,2.8578,0.217,0.5949,2.6413,0.1726,0.0009
1	Round_5_Replicate_1	-3021.99	6065.98	1429.93	914.62	0.473,1.0675,0.3835,1.0324,0.9245,0.0098,0.567,2.4596,2.4551,0.9927,0.0003
1	Round_4_Replicate_5	-3501.19	7024.38	7528.38	543.28	0.2508,6.2135,1.3834,1.7677,1.7319,0.1186,2.9455,0.7457,1.0112,0.6122,0.0585
1	Round_4_Replicate_17	-3601.87	7225.74	93185.95	855.65	15.3661,0.3408,0.2503,2.68,0.1702,0.0232,2.7322,3.4033,2.0349,0.1509,0.0099
1	Round_5_Replicate_1	-2807.8	5637.6	1089.32	396.92	0.0738,1.266,0.6011,3.6455,3.9879,2.4355,0.4426,0.2982,0.2792,0.0452,0.0004
1	Round_4_Replicate_6	-4656.09	9334.18	113773.24	528.01	0.1436,6.0431,0.5057,3.838,3.4458,0.0766,2.0458,0.9243,1.5909,0.4412,0.0403
1	Round_3_Replicate_10	-6560.01	13142.02	9466.03	399.89	2.4161,0.4848,1.8036,1.3077,9.3315,0.0519,0.124,10.7798,0.6981,0.3373,0.0294
1	Round_4_Replicate_18	-3865.28	7752.56	4608.27	1017.1	19.0101,0.1749,0.1944,1.728,0.127,0.0146,2.2656,6.0893,2.2585,0.1048,0.0116
1	Round_2_Replicate_4	-3420.07	6862.14	1993.09	896.98	0.3404,0.0396,0.2546,1.2435,19.0101,2.4093,0.2021,5.9992,0.7165,0.9898,0.0846
1	Round_4_Replicate_7	-3487.89	6997.78	4174629.21	422.87	0.1862,10.0443,1.2033,2.5863,2.2515,0.1007,3.8696,2.054,1.0968,0.8359,0.0446
1	Round_3_Replicate_11	-3564.57	7151.14	2488.79	1071.74	0.3997,0.124,0.2481,1.3373,1.4922,0.091,0.3203,9.1027,2.4365,0.6443,0.0216
1	Round_4_Replicate_19	-3484.83	6991.66	103475.42	932.81	18.0258,0.1931,0.1518,2.4874,0.1691,0.0163,4.5437,7.6542,5.8605,0.066,0.0074
1	Round_4_Replicate_8	-3797.0	7616.0	343703.45	622.21	0.1923,4.4644,1.1805,1.8769,0.9224,0.0856,2.0181,2.5761,3.1018,0.4529,0.0333
1	Round_4_Replicate_20	-3664.97	7351.94	9815.73	788.52	19.0101,0.4184,0.1585,2.5243,0.3415,0.0122,3.0946,3.398,4.5962,0.1854,0.015
1	Round_4_Replicate_9	-3519.15	7060.3	78769.17	484.04	0.156,8.6648,0.5354,3.2441,2.6019,0.0947,1.8298,2.2064,1.2892,0.5553,0.0437
1	Round_4_Replicate_10	-4603.89	9229.78	398613.85	626.41	0.0825,8.4571,0.5036,3.8891,1.2871,0.0693,4.9918,1.2708,1.7535,0.5403,0.0318
1	Round_3_Replicate_12	-5731.39	11484.78	11707.18	227.15	1.9023,0.1501,0.2048,15.2644,12.2997,0.3363,0.4298,4.4812,2.5154,0.3922,0.0408
1	Round_3_Replicate_2	-4839.83	9701.66	5467.29	653.22	0.7551,1.2961,1.1868,0.6454,13.7418,0.3054,19.0101,1.0221,1.3947,0.8282,0.0474
1	Round_5_Replicate_2	-2926.98	5875.96	1372.94	800.85	0.3021,0.6021,0.317,2.0692,0.7532,0.1485,0.4153,3.9476,1.6993,0.9544,0.0021
1	Round_3_Replicate_13	-3913.87	7849.74	4463.26	326.22	0.2336,0.4814,1.312,8.06,2.1603,0.1321,0.045,3.8562,1.1079,0.5398,0.0577
1	Round_4_Replicate_11	-3083.66	6189.32	60683.9	418.0	0.0874,9.4149,0.4948,3.4822,2.0969,0.1182,1.9018,2.5695,1.0519,0.9899,0.0251
1	Round_5_Replicate_2	-3240.34	6502.68	3055.65	1047.53	0.0777,10.7794,0.7147,0.5129,0.0757,2.5611,0.0835,0.4541,1.4487,0.3267,0.0006
1	Round_5_Replicate_2	-2900.29	5822.58	2224.63	586.4	7.6612,3.9068,0.1832,2.3045,1.3149,0.0208,7.348,6.6943,0.018,0.9897,0.0028
1	Round_3_Replicate_14	-5507.59	11037.18	16939.13	778.08	0.2978,0.3459,0.419,6.8743,1.435,0.2286,0.0631,0.9193,6.5632,0.9899,0.0217
1	Round_5_Replicate_2	-2984.86	5991.72	1253.07	843.31	0.105,1.8772,0.3802,1.5806,0.3255,3.9998,0.1931,0.4234,0.1652,0.0056,0.0054
1	Round_4_Replicate_12	-3453.88	6929.76	17169.74	670.8	0.1194,5.8243,0.8171,1.1737,2.8547,0.0663,4.226,1.6742,1.7737,0.9773,0.0601
1	Round_4_Replicate_13	-4430.42	8882.84	155006364.86	563.18	0.238,12.3965,1.3363,2.8844,0.9397,0.1103,6.0453,0.8142,2.0831,0.5721,0.0433
1	Round_5_Replicate_1	-3236.94	6495.88	2372.76	944.16	13.2353,0.4834,0.2368,0.9066,0.6175,0.002,2.9477,11.553,8.4226,0.5343,0.0037
1	Round_4_Replicate_14	-3947.28	7916.56	3478169786.47	398.52	0.2328,11.2537,0.952,3.3415,3.4828,0.0951,4.89,2.507,2.3194,0.9898,0.0207
1	Round_4_Replicate_15	-3560.23	7142.46	6532.86	582.81	0.1354,11.3523,1.1067,1.1681,1.8401,0.0752,2.0519,1.6714,0.9937,0.8667,0.0608
1	Round_4_Replicate_16	-3159.91	6341.82	14328.86	734.68	0.0742,10.1538,0.7293,1.3963,0.9374,0.0928,5.2019,2.1337,1.1364,0.6846,0.0276
1	Round_5_Replicate_3	-2866.05	5754.1	1162.77	680.27	0.5543,1.1559,0.4317,1.8712,1.1205,0.3074,0.7359,4.0663,1.1555,0.7787,0.0001
1	Round_5_Replicate_3	-3237.36	6496.72	3908.38	1045.6	0.1668,19.8207,0.3092,0.4982,0.0941,19.7735,0.0633,0.4978,2.1069,0.7653,0.0009
1	Round_5_Replicate_3	-3001.47	6024.94	2716.26	741.58	5.8859,3.3919,0.0727,1.9509,0.6866,0.0059,9.5337,15.7371,0.1475,0.9873,0.0008
1	Round_4_Replicate_17	-3257.31	6536.62	6578.29	622.3	0.092,6.7342,0.9768,1.5907,2.6583,0.1514,2.3049,1.1049,1.1124,0.5195,0.0165
1	Round_3_Replicate_15	-5913.75	11849.5	33424.04	248.02	0.3983,0.1212,0.7382,14.5355,13.4217,0.1946,0.0779,8.4928,5.1277,0.9899,0.0431
1	Round_4_Replicate_18	-3298.48	6618.96	2987.11	643.61	0.1978,6.531,0.4789,1.2706,2.7352,0.2399,5.0123,2.4012,1.3008,0.9899,0.0508
1	Round_5_Replicate_3	-3015.52	6053.04	1330.92	1025.97	0.0559,0.7567,0.2195,1.767,0.1929,7.7836,0.2095,1.1055,0.8152,0.0316,0.0025
1	Round_4_Replicate_1	-3989.76	8001.52	3924.15	718.58	1.5992,0.2109,0.2792,2.3493,1.5364,0.1959,0.2219,2.3842,1.2011,0.5529,0.0329
1	Round_4_Replicate_19	-3415.4	6852.8	9015.99	663.41	0.0982,8.4264,0.9622,1.342,1.2652,0.1506,1.5531,2.0033,1.9835,0.7737,0.0478
1	Round_5_Replicate_2	-3051.77	6125.54	18335.81	712.6	8.2449,0.5585,0.3211,1.8191,0.7764,0.1191,2.5469,3.4779,4.1802,0.667,0.0007
1	Round_4_Replicate_2	-3133.11	6288.22	1552.19	667.87	2.1344,0.6671,0.4818,1.828,1.3129,0.1271,0.1329,3.3395,1.2946,0.9358,0.0446
1	Round_4_Replicate_20	-3628.06	7278.12	14961.73	752.66	0.1748,10.3158,0.7378,1.2418,1.3941,0.1676,2.1256,1.4424,2.2139,0.4498,0.0414
1	Round_3_Replicate_3	-5257.15	10536.3	3044041.38	515.54	5.0384,0.4858,1.6357,1.3966,18.7055,0.4079,8.6787,3.0687,0.3711,0.6943,0.1026
1	Round_4_Replicate_3	-4581.83	9185.66	6311.65	779.77	2.9779,0.2755,0.2233,2.0308,1.1667,0.1007,0.0929,1.1518,2.9175,0.6071,0.0473
1	Round_4_Replicate_4	-3750.75	7523.5	3388.88	932.02	1.0597,0.5888,0.2796,1.2377,0.6004,0.3251,0.1234,1.1987,1.4539,0.8531,0.0307
1	Round_5_Replicate_4	-2892.43	5806.86	1168.69	852.53	0.2677,1.1117,0.2142,1.7484,0.5431,0.2004,0.5908,5.5586,0.7816,0.99,0.0017
1	Round_5_Replicate_4	-3255.03	6532.06	3203.91	1038.43	0.2664,7.5791,0.3252,0.5721,0.1228,10.7775,0.0709,0.1898,2.1698,0.6456,0.0037
1	Round_4_Replicate_5	-4330.26	8682.52	4380.85	1138.78	2.7848,0.2576,0.2602,0.6876,0.5137,0.2017,0.0879,1.4853,2.9882,0.6513,0.0286
1	Round_4_Replicate_6	-3531.9	7085.8	2301.09	738.43	0.7518,0.6986,0.5409,2.0986,0.5358,0.2215,0.1608,3.0969,1.1265,0.6076,0.0661
1	Round_4_Replicate_7	-3718.56	7459.12	2710.9	894.6	1.7576,0.4881,0.5457,0.735,1.0662,0.3112,0.1639,1.22,2.5696,0.99,0.0497
1	Round_5_Replicate_4	-3112.38	6246.76	1584.93	974.48	0.1339,0.6667,0.3626,1.9776,0.1829,3.3395,0.4745,1.0153,0.1791,0.011,0.0044
1	Round_5_Replicate_4	-3014.1	6050.2	3513.47	670.76	13.7663,8.6274,0.1726,2.1064,1.1632,0.0159,19.361,7.2286,0.0102,0.7045,0.0017
1	Round_5_Replicate_3	-3255.26	6532.52	43164.05	697.09	18.5834,0.6964,0.3642,1.5222,0.7134,0.0133,3.1557,18.3133,9.6501,0.2347,0.0053
1	Round_4_Replicate_8	-3732.96	7487.92	3432.46	857.89	1.618,0.617,0.2581,1.5915,0.5679,0.261,0.2684,1.6753,1.8382,0.6224,0.0308
1	Round_5_Replicate_1	-2893.65	5809.3	1659.96	677.77	0.0573,5.2407,0.4219,1.5491,1.1896,0.2252,0.9818,3.9977,1.2024,0.8592,0.0086
1	Round_4_Replicate_9	-3410.98	6843.96	2056.58	839.56	1.4183,0.413,0.2981,1.4599,1.1641,0.1802,0.1141,3.1632,2.6037,0.6897,0.0249
1	Round_4_Replicate_10	-4008.4	8038.8	3817.8	987.1	0.9146,0.2003,0.2181,1.4782,0.927,0.1675,0.1188,1.7138,2.4231,0.8094,0.0706
1	Round_5_Replicate_5	-2940.92	5903.84	1274.4	820.45	0.4812,0.5435,0.2423,2.1772,0.7176,0.1074,0.4236,4.5677,0.7572,0.9918,0.0025
1	Round_5_Replicate_5	-3390.53	6803.06	11705.18	933.84	0.4937,13.5806,0.354,0.7542,0.14,3.9707,0.0161,0.696,1.8343,0.9894,0.0001
1	Round_4_Replicate_11	-4648.5	9319.0	4589.57	992.96	1.7123,0.3415,0.4707,0.7513,0.54,0.1791,0.1838,2.0151,2.7012,0.5411,0.0901
1	Round_4_Replicate_12	-4410.23	8842.46	5652.78	914.53	0.7953,0.2812,0.1991,1.6488,1.4307,0.1618,0.2613,0.927,2.1129,0.9899,0.0575
1	Round_2_Replicate_9	-6677.71	13377.42	15566.18	174.46	0.8443,0.672,0.3934,14.8496,19.8,5.0712,19.8,0.3833,0.4706,0.99,0.1824
1	Round_5_Replicate_5	-2904.66	5831.32	2148.5	700.21	7.5211,8.8887,0.1208,1.5009,0.7581,0.0038,17.3121,9.5101,0.1177,0.9922,0.0001
1	Round_5_Replicate_5	-2923.37	5868.74	1133.56	770.76	0.0385,0.5903,0.3929,2.0549,1.1091,3.9297,0.3092,0.4073,0.1238,0.051,0.0001
1	Round_5_Replicate_4	-3104.46	6230.92	4611.51	751.11	11.3549,0.5791,0.3786,1.328,0.6603,0.0085,2.5013,4.8411,5.6013,0.5642,0.0036
1	Round_4_Replicate_13	-3789.84	7601.68	2752.77	939.51	1.0553,0.4489,0.5297,0.8574,0.6966,0.184,0.1688,1.7692,1.36,0.9511,0.0471
1	Round_4_Replicate_14	-3969.92	7961.84	3076.68	1020.9	0.8613,0.7023,0.3373,0.7904,1.2754,0.2291,0.1788,1.7688,3.1049,0.8209,0.0922
1	Round_4_Replicate_15	-3874.9	7771.8	2950.19	946.66	2.284,0.5044,0.4741,0.7129,1.4875,0.275,0.0674,2.5988,1.5374,0.9899,0.0451
1	Round_5_Replicate_6	-2919.3	5860.6	1122.23	808.68	0.23,0.8614,0.3655,1.6238,0.8481,0.0692,0.4299,3.3379,0.6254,0.9892,0.0003
1	Round_2_Replicate_10	-8181.19	16384.379999999997	16581.64	247.5	0.566,0.7474,5.6111,0.9376,14.7268,5.8307,2.3153,0.0477,0.4181,0.9899,0.0905
1	Round_4_Replicate_16	-3473.6	6969.2	2208.69	753.05	2.6689,0.2586,0.42,1.8291,0.9427,0.252,0.1977,2.569,2.8439,0.6152,0.0495
1	Round_5_Replicate_6	-3319.44	6660.88	6858.43	1054.79	0.1141,18.315,0.3775,0.5435,0.0681,3.2195,0.0099,0.3143,2.2585,0.5558,0.0015
1	Round_4_Replicate_17	-4124.25	8270.5	3602.64	808.78	1.3568,0.3453,0.6022,1.3714,0.6449,0.1622,0.1317,1.4774,2.0987,0.549,0.0725
1	Round_4_Replicate_18	-3359.42	6740.84	2090.43	591.51	1.6664,0.7439,0.4766,2.2161,1.7118,0.3313,0.2212,2.5994,1.9746,0.9895,0.094
1	Round_5_Replicate_6	-2981.97	5985.94	2418.82	764.62	8.1569,3.5294,0.152,1.6095,0.6005,0.032,7.3999,7.7079,0.0039,0.9889,0.0057
1	Round_5_Replicate_5	-3128.04	6278.08	40161.56	981.04	6.3253,0.4615,0.2279,0.9416,0.4415,1.5964,4.5497,8.1757,11.7289,0.2989,0.0001
1	Round_4_Replicate_19	-3865.71	7753.42	3112.6	1183.93	1.8704,0.3594,0.2284,0.7404,0.7307,0.3532,0.2218,2.4543,1.1256,0.973,0.0414
1	Round_5_Replicate_6	-2940.89	5903.78	1152.69	922.51	0.0363,0.75,0.2822,1.8504,0.4045,6.148,0.3503,0.449,0.2107,0.0543,0.0004
1	Round_4_Replicate_20	-4171.8	8365.6	3952.34	984.81	2.3244,0.4937,0.2937,0.9104,0.7192,0.1406,0.0775,1.3017,0.9748,0.9901,0.0818
1	Round_5_Replicate_2	-2982.22	5986.44	7990.16	528.11	0.0302,12.8901,0.5716,2.1277,4.6908,0.0584,1.1195,2.2429,1.4077,0.8397,0.0052
1	Round_5_Replicate_7	-2990.61	6003.22	1525.4	619.21	1.0156,0.5955,0.6811,2.644,0.8148,0.0438,0.3679,1.5787,1.1646,0.985,0.0001
1	Round_5_Replicate_7	-3388.89	6799.78	24942.78	1114.31	0.1424,14.8254,0.3848,0.4035,0.0718,15.2959,0.0405,0.5706,3.2102,0.9067,0.0008
1	Round_5_Replicate_6	-3018.08	6058.16	1655.83	814.89	14.2423,0.6574,0.2684,1.1847,0.6343,0.0407,1.7519,3.3913,5.6453,0.7441,0.0007
1	Round_5_Replicate_7	-2987.31	5996.62	2192.22	657.5	6.9758,8.8258,0.1674,1.7869,0.5688,0.007,12.7349,5.9731,0.0303,0.9896,0.0015
1	Round_5_Replicate_7	-2887.97	5797.94	1088.34	879.01	0.0538,1.0101,0.2787,1.6267,0.628,4.4774,0.9201,0.4696,0.2061,0.0043,0.0009
1	Round_2_Replicate_5	-6629.13	13280.26	69707773.44	417.71	5.4429,0.2443,0.506,3.188,19.8,8.6394,0.1125,19.8,0.4668,0.3586,0.3196
1	Round_5_Replicate_1	-2859.79	5741.58	1093.6	668.68	1.8822,0.8635,0.354,1.9106,1.3392,0.048,0.0551,2.7384,1.1812,0.985,0.0042
1	Round_5_Replicate_8	-2895.28	5812.56	1209.91	697.62	0.955,1.0508,0.4413,1.9269,0.7841,0.0584,0.3775,2.0192,1.1531,0.9874,0.0002
1	Round_5_Replicate_3	-2962.6	5947.2	32206.44	489.05	0.1128,8.0745,0.6972,2.1924,3.772,0.0603,2.1328,2.1905,0.96,0.7191,0.0054
1	Round_5_Replicate_8	-3211.54	6445.08	4830.17	860.35	0.1672,15.2969,0.6978,0.7517,0.2249,3.4803,0.0451,0.5397,2.3316,0.5212,0.0015
1	Round_5_Replicate_7	-3376.87	6775.74	7478.73	1060.65	2.9798,4.3244,0.1177,0.6995,0.1002,0.0047,2.1243,17.1932,1.2234,0.1888,0.0003
1	Round_5_Replicate_8	-2965.65	5953.3	2870.41	638.44	18.8583,7.3428,0.1221,1.9941,0.7658,0.0206,19.9651,9.3919,0.0115,0.9878,0.0067
1	Round_5_Replicate_8	-2867.04	5756.08	1127.97	826.38	0.0602,1.9978,0.195,1.6809,0.5119,6.7178,0.316,1.0357,0.3925,0.0071,0.0002
1	Round_5_Replicate_2	-3061.93	6145.86	1538.67	645.52	2.5087,0.9955,0.7276,1.4026,1.0175,0.7046,0.0626,1.058,1.8285,0.9812,0.0002
1	Round_5_Replicate_9	-2981.69	5985.38	1288.58	990.54	0.2102,0.9195,0.2486,1.3954,0.281,0.024,0.2522,6.5266,1.5348,0.8866,0.0054
1	Round_5_Replicate_4	-2801.37	5624.74	2843.78	565.11	0.3961,4.5921,0.4219,2.0198,1.2248,0.3864,1.0348,2.836,0.6952,0.9901,0.0001
1	Round_3_Replicate_4	-7916.36	15854.72	1221806.42	850.05	8.357,0.702,1.2257,0.7685,19.8,0.6608,19.8,4.5261,0.2912,0.99,0.3746
1	Round_5_Replicate_9	-3402.43	6826.86	10282.8	1038.88	0.1451,18.0465,0.5155,0.5016,0.0809,15.8923,0.0556,0.7306,1.6695,0.9966,0.0001
1	Round_5_Replicate_8	-3045.3	6112.6	16336.18	776.7	1.8145,0.7432,0.3371,1.982,0.4888,0.0724,2.3304,3.3547,2.94,0.7746,0.0002
1	Round_2_Replicate_11	-3980.23	7982.46	5801.94	216.91	0.892,0.1406,0.4659,8.0969,19.4222,19.3668,0.9811,0.5797,0.267,0.1775,0.0339
1	Round_5_Replicate_10	-2938.21	5898.42	1146.29	984.4	0.2995,1.2258,0.1717,1.1646,0.5725,0.2547,0.0444,6.8739,1.1354,0.9929,0.0008
1	Round_5_Replicate_9	-2954.17	5930.34	1258.68	908.36	0.0971,1.4199,0.2623,1.813,0.2292,5.9248,0.3344,0.8732,0.6211,0.0454,0.0021
1	Round_5_Replicate_9	-2853.4	5728.8	2933.98	516.78	10.0656,17.6802,0.2117,1.8849,1.3262,0.0224,2.9874,5.7389,0.2994,0.9894,0.0004
1	Round_5_Replicate_3	-2862.8	5747.6	1186.26	538.0	1.2145,1.2712,0.5453,2.2848,1.8879,0.885,0.0094,1.722,1.1837,0.9715,0.0057
1	Round_5_Replicate_5	-2849.05	5720.1	14369.25	518.6	0.0871,14.8265,0.4166,2.0621,1.756,0.1648,3.6251,3.0148,1.0503,0.9933,0.0024
1	Round_2_Replicate_6	-5311.84	10645.68	148913.71	655.93	0.168,0.0779,0.1022,7.2971,18.7055,14.3127,5.0719,6.9481,4.8855,0.9898,0.1117
1	Round_5_Replicate_9	-3096.58	6215.16	8204.35	969.75	11.8541,0.3207,0.1948,1.2538,0.3544,0.0282,6.7949,3.1527,2.9449,0.9918,0.0014
1	Round_5_Replicate_10	-3273.95	6569.9	6346.13	972.0	0.133,10.4426,0.3946,0.9534,0.083,3.0466,0.0183,0.1604,2.476,0.3527,0.0002
1	Round_2_Replicate_12	-3383.27	6788.54	1883.64	848.39	0.0366,0.3188,0.4832,1.1541,9.6085,7.3929,8.2511,0.9126,0.177,0.3652,0.0348
1	Round_5_Replicate_10	-3028.64	6079.28	2216.49	846.69	7.8068,5.9372,0.1391,1.3178,0.7946,0.002,17.4841,8.5861,0.0072,0.7748,0.0005
1	Round_5_Replicate_4	-2871.9	5765.8	1184.54	753.01	0.9946,0.8037,0.2789,1.9936,0.8358,0.2461,0.5079,3.6404,1.0712,0.9924,0.0001
1	Round_3_Replicate_5	-4408.19	8838.38	4574.76	525.82	5.4158,0.4459,1.2616,0.838,13.9489,0.3464,19.0101,0.4044,1.9998,0.9898,0.0254
1	Round_5_Replicate_10	-2877.21	5776.42	1068.54	808.31	0.0428,1.4505,0.2099,1.8653,0.6393,7.0651,0.1711,0.4667,0.4227,0.0406,0.0017
1	Round_2_Replicate_13	-4011.62	8045.24	5235.24	166.8	0.2343,0.9567,1.8792,15.0329,19.0101,3.778,4.7725,0.0563,0.1106,0.2914,0.0748
1	Round_5_Replicate_6	-2950.18	5922.36	41545.73	629.65	0.1047,13.6312,0.5122,1.5086,2.1213,0.0631,3.1989,2.9214,1.4444,0.8424,0.0032
1	Round_5_Replicate_10	-3135.2	6292.4	2941.1	878.26	18.8426,0.7406,0.1528,1.5292,0.3415,0.0072,2.5918,19.2296,9.1172,0.4917,0.0008
1	Round_2_Replicate_14	-5396.38	10814.76	5441.69	1214.97	0.2647,0.1826,0.5576,0.6791,2.7393,1.4631,5.9308,1.1596,0.0169,0.0521,0.3432
1	Round_5_Replicate_7	-2888.18	5798.36	12586.99	737.41	0.0153,3.1074,0.3081,1.7006,1.1497,0.1383,2.5777,4.6095,1.3044,0.99,0.0029
1	Round_5_Replicate_5	-2879.57	5781.14	1117.75	692.84	1.2863,0.5718,0.4557,2.0183,1.017,0.8656,0.3398,3.7271,2.4324,0.6799,0.0035
1	Round_3_Replicate_6	-8231.11	16484.22	13724342544649.78	235.36	9.3493,1.2584,2.0196,5.5154,7.5939,0.7337,19.0101,4.3209,0.54,0.9898,0.3417
1	Round_2_Replicate_7	-3840.21	7702.42	3882.64	463.09	0.5101,0.8536,0.0487,3.4918,18.2656,13.3881,0.1965,3.4889,3.5819,0.2046,0.0458
1	Round_5_Replicate_6	-2844.84	5711.68	1189.4	647.01	1.0804,0.9438,0.3664,2.1535,1.268,0.3834,0.1809,2.9181,1.1117,0.9969,0.0011
1	Round_2_Replicate_8	-4002.99	8027.98	3375.22	828.26	1.1919,0.0356,0.8142,0.6605,10.185,0.7324,0.1786,1.4872,3.1787,0.9899,0.0301
1	Round_3_Replicate_7	-3762.95	7547.9	1400758.29	582.96	1.1734,1.253,0.6251,1.7079,7.3107,1.7714,19.0101,3.1856,1.9938,0.7713,0.0488
1	Round_2_Replicate_15	-27369.31	54760.62	667770.42	1643.33	0.0859,0.0374,0.2707,0.3096,16.5273,19.0101,2.4998,0.8512,0.1609,0.9898,0.9898
1	Round_5_Replicate_8	-3101.28	6224.56	36794.05	668.62	0.0218,9.1699,0.9382,1.4379,3.9912,0.1823,5.9087,1.3822,1.5884,0.787,0.0011
1	Round_5_Replicate_7	-3071.06	6164.12	1364.43	1022.42	1.0848,0.9931,0.2083,0.911,0.9361,0.1626,0.1901,5.3477,1.4804,0.9925,0.0001
1	Round_3_Replicate_1	-4270.56	8563.12	5660.52	1059.88	0.1409,0.0851,0.4935,2.0368,3.9895,3.2923,14.6892,0.4622,0.0534,0.1015,0.083
1	Round_2_Replicate_9	-3293.16	6608.32	1714.7	2422.7	0.2076,0.0522,0.1,0.4437,9.7713,0.5291,2.3154,14.6892,0.7366,0.9899,0.0378
1	Round_3_Replicate_8	-3691.38	7404.76	2464.93	717.79	1.0044,0.7537,0.6056,2.0481,19.8,0.5663,11.1464,0.8766,0.4251,0.3118,0.1199
1	Round_5_Replicate_9	-2861.33	5744.66	8256.78	451.52	0.1127,9.1317,0.4668,2.5004,2.6505,0.0814,1.8579,2.8513,0.7365,0.9118,0.01
1	Round_5_Replicate_8	-2909.56	5841.12	1349.69	506.48	1.4596,0.6757,0.7493,2.7541,1.6897,0.0966,0.1799,1.5333,1.004,0.991,0.006
1	Round_5_Replicate_10	-2974.1	5970.2	10622.3	737.35	0.0697,16.576,0.4391,1.2027,1.634,0.0297,1.9169,2.5537,1.8062,0.9922,0.0072
1	Round_5_Replicate_9	-2952.03	5926.06	1517.57	803.2	1.4656,1.2714,0.2795,1.3059,1.0403,0.096,0.5483,3.5185,2.1556,0.9991,0.0063
1	Round_3_Replicate_9	-7681.81	15385.62	18737242201.18	334.27	2.2347,4.0817,2.9435,1.6836,18.8699,0.2064,12.1483,3.441,0.8962,0.9898,0.2264
1	Round_2_Replicate_10	-7250.86	14523.72	21993.9	440.88	0.6512,0.9019,0.0459,6.2814,19.0101,14.0163,4.4895,2.6976,1.4491,0.9898,0.0536
1	Round_3_Replicate_10	-4384.99	8791.98	287006.59	473.96	1.2657,0.9916,1.714,1.1249,7.5515,0.1894,8.5773,0.5556,2.8407,0.99,0.1002
1	Round_3_Replicate_2	-6162.59	12347.18	9730.76	788.73	0.0169,0.267,1.4462,0.4775,19.0101,15.632,14.2846,0.6314,0.0628,0.3215,0.0221
1	Round_5_Replicate_10	-3090.74	6203.48	1449.69	899.96	1.34,1.5147,0.2703,0.9915,0.9355,0.2536,0.0636,4.0105,0.8529,0.9996,0.0004
1	Round_3_Replicate_11	-6701.85	13425.7	9980484.53	559.2	1.4835,1.5263,2.265,0.9885,5.7525,1.2751,19.0101,3.4287,0.3902,0.9898,0.1203
1	Round_3_Replicate_3	-5807.53	11637.06	8556.23	767.46	0.0305,0.947,1.2759,0.4125,19.0101,5.4911,14.0372,0.2869,0.598,0.2886,0.1077
1	Round_3_Replicate_4	-3265.6	6553.2	1789.77	2096.01	0.0149,0.1773,0.1305,0.6768,5.6224,18.4099,19.5995,2.6638,0.2737,0.1916,0.0469
1	Round_3_Replicate_5	-3596.84	7215.68	2679.6	1498.37	0.0263,1.1395,0.2912,0.8652,3.2661,2.8462,12.6867,0.5246,0.1911,0.2169,0.0144
1	Round_3_Replicate_12	-5189.01	10400.02	495393.77	430.68	5.0182,2.2565,1.912,0.8146,19.8,0.6917,19.8,0.563,3.9319,0.99,0.0967
1	Round_3_Replicate_6	-4288.1	8598.2	3541.5	567.94	0.1163,0.137,1.4368,1.4319,9.6096,2.197,19.8,0.9038,0.1517,0.6556,0.0726
1	Round_3_Replicate_13	-4428.77	8879.54	98808.85	507.22	2.2497,1.8014,0.6162,3.5943,6.0739,1.7248,5.9797,0.4179,1.7054,0.3795,0.1791
1	Round_2_Replicate_11	-6640.86	13303.72	125842094930266.66	535.1	0.8024,0.0458,0.4838,2.3285,19.9348,9.7006,5.3001,19.0747,1.6594,0.99,0.0329
1	Round_3_Replicate_14	-5354.11	10730.22	88117.33	692.76	0.8759,4.3443,0.5557,2.781,6.1761,0.5896,19.8,3.1195,1.1097,0.3167,0.324
1	Round_3_Replicate_7	-5627.19	11276.38	26812.73	831.53	0.0176,0.1764,1.6596,0.5101,9.4078,3.5545,19.0101,3.0511,0.091,0.4537,0.0156
1	Round_3_Replicate_8	-2939.48	5900.96	1076.6	1391.72	0.0645,0.1913,0.1898,0.8618,3.3529,11.232,6.6605,3.3424,0.2759,0.4158,0.0134
1	Round_3_Replicate_15	-6931.75	13885.5	1606461470258.7	262.23	3.0029,1.3057,3.518,2.1352,19.0101,0.3906,3.915,5.8031,2.9678,0.3772,0.1941
1	Round_2_Replicate_12	-8561.23	17144.46	28188.79	582.0	4.4669,0.5769,0.0464,18.402,18.8699,13.5993,0.9685,4.5595,4.1133,0.9898,0.0539
1	Round_3_Replicate_9	-4185.74	8393.48	10364.67	764.86	0.0707,0.1894,1.1144,1.2269,5.9043,3.96,16.3292,2.5208,0.0541,0.497,0.0108
1	Round_4_Replicate_1	-3775.78	7573.56	2617.6	454.73	1.8289,0.8465,0.9124,3.5925,14.7732,0.7664,8.8981,0.9858,0.3543,0.3498,0.1455
1	Round_3_Replicate_10	-4271.53	8565.06	3396.15	730.74	0.0894,0.1722,0.2643,1.6131,8.2969,14.4611,5.3961,0.8222,0.1279,0.7187,0.1282
1	Round_3_Replicate_11	-3895.47	7812.94	3113.11	1435.76	0.0449,0.5352,0.2245,0.7834,7.0002,11.9337,14.6791,0.2562,0.3866,0.1939,0.0724
1	Round_4_Replicate_2	-4022.75	8067.5	3607.88	553.77	1.6998,0.4157,0.5578,2.9743,17.721,0.3856,6.8085,0.5501,0.2324,0.3784,0.1146
1	Round_2_Replicate_13	-3405.16	6832.32	9653.96	184.64	1.0584,0.6629,0.1235,10.0978,19.0101,10.5763,1.3528,12.7547,0.3522,0.9898,0.0534
1	Round_2_Replicate_14	-4516.7	9055.4	75950096.19	557.0	2.6985,0.6021,0.4203,4.9915,19.0101,0.9496,3.2006,2.3888,5.2187,0.2668,0.0136
1	Round_3_Replicate_12	-3592.71	7207.42	1998.8	723.31	0.0282,0.6958,0.1905,2.0947,12.7287,19.8,14.6321,3.1099,0.0802,0.5967,0.1197
1	Round_4_Replicate_3	-3439.98	6901.96	2034.47	567.94	1.4925,0.8899,0.6665,2.3958,17.721,0.6903,16.8461,0.6415,0.5925,0.5093,0.0637
1	Round_3_Replicate_13	-4028.97	8079.94	4151.74	1594.93	0.0223,0.2641,0.1923,1.0605,5.0941,8.0885,14.6892,0.252,0.0458,0.11,0.0657
