Model	Replicate	log-likelihood	AIC	chi-squared	theta	optimized_params(nu1, nu2, m12, m21, m12i, m21i, T1, T2, P , p_misid)
Model	Replicate	log-likelihood	AIC	chi-squared	theta	optimized_params(nu1, nu2, m12, m21, m12i, m21i, T1, T2, P , p_misid)
Model	Replicate	log-likelihood	AIC	chi-squared	theta	optimized_params(nu1, nu2, m12, m21, m12i, m21i, T1, T2, P , p_misid)
Model	Replicate	log-likelihood	AIC	chi-squared	theta	optimized_params(nu1, nu2, m12, m21, m12i, m21i, T1, T2, P , p_misid)
Model	Replicate	log-likelihood	AIC	chi-squared	theta	optimized_params(nu1, nu2, m12, m21, m12i, m21i, T1, T2, P , p_misid)
Model	Replicate	log-likelihood	AIC	chi-squared	theta	optimized_params(nu1, nu2, m12, m21, m12i, m21i, T1, T2, P , p_misid)
Model	Replicate	log-likelihood	AIC	chi-squared	theta	optimized_params(nu1, nu2, m12, m21, m12i, m21i, T1, T2, P , p_misid)
Model	Replicate	log-likelihood	AIC	chi-squared	theta	optimized_params(nu1, nu2, m12, m21, m12i, m21i, T1, T2, P , p_misid)
Model	Replicate	log-likelihood	AIC	chi-squared	theta	optimized_params(nu1, nu2, m12, m21, m12i, m21i, T1, T2, P , p_misid)
Model	Replicate	log-likelihood	AIC	chi-squared	theta	optimized_params(nu1, nu2, m12, m21, m12i, m21i, T1, T2, P , p_misid)
1	Round_1_Replicate_1	-7572.97	15163.94	14247.36	1124.94	0.759,0.172,0.0966,1.5446,1.2305,2.0653,0.1353,0.1084,0.5056
1	Round_1_Replicate_1	-7167.39	14352.78	22302.14	760.58	0.4299,0.1621,4.5988,1.5602,4.2154,4.2576,5.1069,1.2688,0.5773
1	Round_1_Replicate_1	-36240.02	72498.04	3479393.86	1809.76	0.79,0.1039,0.5148,0.1189,0.4337,0.0643,1.7719,1.2317,0.9898
1	Round_1_Replicate_1	-23504.87	47027.74	479502.62	1352.5	3.8848,0.1278,0.1448,0.7299,0.5853,8.8161,1.0149,0.1205,0.9898
1	Round_1_Replicate_1	-12147.5	24313.0	39383.71	1968.23	0.2313,0.1706,0.8208,0.2005,1.1538,2.9597,0.3141,0.1021,0.6917
1	Round_1_Replicate_1	-16081.06	32180.12	86777.69	596.19	0.3159,1.7786,1.0656,0.2157,0.3308,0.0889,0.3671,5.0611,0.2369
1	Round_1_Replicate_1	-30438.87	60895.74	17216664108359.34	1021.64	1.9283,3.9987,7.2895,0.5456,9.7336,0.2188,0.1085,2.4211,0.9895
1	Round_1_Replicate_1	-30960.55	61939.1	8515185654.3	748.16	0.9813,6.1938,0.1165,0.4973,5.1186,0.3977,0.5141,9.6601,0.9895
1	Round_1_Replicate_1	-41607.05	83232.1	6476697.12	288.3	6.3353,4.1793,1.6884,0.2985,0.134,0.3075,5.5544,0.0891,0.9898
1	Round_1_Replicate_1	-30277.18	60572.36	5.611186341762246e+19	161.5	0.1402,1.6025,0.1341,7.3939,11.1964,1.5639,0.0955,9.5311,0.9898
1	Round_1_Replicate_2	-26595.16	53208.32	891300.26	1250.55	0.4788,0.6791,0.6911,0.2022,1.1056,1.1453,1.1182,2.2023,0.9898
1	Round_1_Replicate_2	-7974.56	15967.12	3000122151.06	195.73	0.5607,9.866,6.3711,11.7299,1.1242,2.9829,1.2342,0.1089,0.4043
1	Round_1_Replicate_2	-11215.26	22448.52	29200.07	364.92	8.6168,3.5158,3.0121,0.6245,0.461,0.0969,1.528,4.8316,0.1929
1	Round_1_Replicate_2	-14270.71	28559.42	2823056391.54	843.21	1.8015,0.2682,0.1188,12.8402,1.7875,8.24,0.9607,1.6706,0.8646
1	Round_1_Replicate_2	-7934.5	15887.0	15310.87	324.47	10.0038,2.4783,0.412,0.9422,0.2067,0.2527,0.9312,11.0671,0.0947
1	Round_1_Replicate_2	-29727.14	59472.28	55468231732862.59	673.45	0.1398,3.871,0.275,1.0075,7.003,0.1227,0.3974,2.1557,0.9898
1	Round_1_Replicate_2	-21122.99	42263.98	254931.3	576.91	1.1728,0.8461,0.0882,1.0936,0.3801,1.0313,2.4528,1.0806,0.99
1	Round_1_Replicate_2	-25221.92	50461.84	509731.13	3898.46	1.1165,0.0654,4.8795,0.1406,0.8104,1.2134,4.3944,15.3473,0.9898
1	Round_1_Replicate_3	-20602.08	41222.16	988118.78	426.58	0.2208,1.2158,0.0898,3.1743,0.1031,2.0224,0.2404,6.0364,0.9895
1	Round_1_Replicate_3	-6263.52	12545.04	707136423.99	168.57	10.4494,6.0242,9.6978,9.5841,0.5205,1.6584,1.7148,0.1708,0.2449
1	Round_1_Replicate_3	-32313.29	64644.58	2161233.33	1138.37	0.366,0.1163,0.5168,0.1415,0.0983,0.7753,3.5909,0.186,0.9898
1	Round_1_Replicate_3	-10554.57	21127.14	34864.66	2438.94	2.2586,0.2056,2.044,0.0838,0.2645,2.2987,0.1167,0.2644,0.0608
1	Round_1_Replicate_3	-24519.86	49057.72	123894544757471.84	386.49	0.0913,2.4528,0.9003,3.3713,0.3154,4.6031,1.6791,1.3089,0.9898
1	Round_1_Replicate_3	-27085.66	54189.32	3986865.51	654.01	0.6704,3.37,3.8643,0.2579,0.3553,11.0847,0.1029,0.3955,0.9898
1	Round_1_Replicate_2	-5844.84	11707.68	9416.3	569.06	0.3102,0.1372,14.8909,4.8424,2.1335,2.8095,12.8141,3.1522,0.1473
1	Round_1_Replicate_2	-29388.53	58795.06	1041586.42	473.75	0.2631,9.4545,0.2098,0.75,0.4414,0.3431,0.1792,0.3492,0.9898
1	Round_1_Replicate_4	-10271.09	20560.18	214671.71	173.56	0.2132,6.72,5.8314,2.5604,0.2432,0.9655,0.4093,6.2758,0.6617
1	Round_1_Replicate_3	-7578.14	15174.28	35244.92	349.19	0.2081,13.2788,0.2667,0.3023,0.1901,8.3908,1.3145,0.2671,0.1336
1	Round_1_Replicate_4	-4869.71	9757.42	2830237.46	489.29	0.1127,1.1037,2.8017,1.4295,3.7053,0.8309,2.8536,0.924,0.0733
1	Round_1_Replicate_4	-28239.33	56496.66	5.342543616864604e+17	422.51	9.0404,2.7065,13.3492,1.5959,0.832,10.7586,0.1826,1.911,0.9898
1	Round_1_Replicate_4	-26548.26	53114.52	1241877.88	1053.56	16.2004,0.1255,0.549,1.3798,0.0702,1.4192,0.0892,3.7556,0.9898
1	Round_1_Replicate_3	-3797.16	7612.32	2978.03	189.95	0.0874,0.2285,0.5799,7.6239,3.5714,0.3694,1.2889,10.1141,0.1272
1	Round_1_Replicate_4	-17919.31	35856.62	125233.07	2125.73	0.0616,0.0934,0.1066,0.4018,1.8968,1.2078,0.9308,13.7093,0.9494
1	Round_1_Replicate_4	-27283.33	54584.66	676688.01	383.79	0.8106,0.2149,0.1393,0.8413,1.979,0.322,11.8807,0.196,0.9898
1	Round_1_Replicate_3	-7587.67	15193.34	52289.0	465.47	0.0839,0.112,2.7329,1.751,7.5614,5.2751,5.7224,0.101,0.4538
1	Round_1_Replicate_5	-8811.85	17641.7	20414.51	833.7	6.7559,0.9492,1.4201,0.2308,3.97,3.0297,1.1365,0.067,0.162
1	Round_1_Replicate_4	-22591.94	45201.88	320486.35	1526.45	7.6165,0.1622,0.387,0.4888,0.588,0.8536,0.2246,5.7356,0.9898
1	Round_1_Replicate_5	-20445.29	40908.58	192037.88	1293.84	0.3911,0.9655,0.0685,0.1367,1.9527,0.5349,0.0865,0.1341,0.8588
1	Round_1_Replicate_5	-27475.74	54969.48	889142.8	721.63	0.5867,2.3574,0.147,0.3885,0.0886,1.3224,0.081,0.4224,0.9898
1	Round_1_Replicate_4	-37637.66	75293.32	4427204.08	533.13	0.7781,9.2439,0.6686,0.167,0.1709,0.1659,0.1975,0.3057,0.9898
1	Round_1_Replicate_5	-32766.89	65551.78	8.145172720695406e+21	196.66	7.671,2.6199,0.4981,5.6439,9.2873,2.4725,0.0915,5.2616,0.9898
1	Round_1_Replicate_3	-26955.1	53928.2	1004188.41	316.7	0.128,2.5963,1.4113,0.5574,0.1396,0.3215,14.0447,9.4934,0.9897
1	Round_1_Replicate_5	-22876.43	45770.86	1436007.97	646.86	0.7074,8.1831,2.1031,0.0844,6.3253,14.8598,10.98,4.5651,0.9512
1	Round_1_Replicate_5	-8270.65	16559.3	13317.22	3114.22	1.8061,0.1627,0.441,0.2584,8.8309,0.1983,0.0755,1.949,0.5364
1	Round_1_Replicate_6	-4302.95	8623.9	2702103.05	497.78	15.5259,0.4827,11.6119,4.394,0.9109,2.4497,0.4811,11.5094,0.0613
1	Round_1_Replicate_6	-27017.77	54053.54	20341232.66	163.13	1.4175,6.3819,12.8602,0.995,0.1651,6.4833,14.1962,0.1546,0.9898
1	Round_1_Replicate_6	-23642.48	47302.96	340266.95	270.22	0.0657,2.0728,6.196,2.8021,0.1261,0.3052,2.8028,3.2638,0.9898
1	Round_1_Replicate_4	-20755.37	41528.74	24591706.16	1285.89	15.772,0.2294,0.0861,2.4875,0.9871,8.1742,0.9963,10.1501,0.9898
1	Round_1_Replicate_5	-9063.88	18145.76	4.770537564793098e+16	482.94	11.0561,1.3738,11.9019,7.6882,1.7954,5.8861,0.0975,0.31,0.2773
1	Round_1_Replicate_7	-14015.64	28049.28	59042.97	1141.09	9.2796,0.4268,3.8283,0.5025,0.2816,1.0465,11.4699,7.1359,0.8174
1	Round_1_Replicate_5	-22763.11	45544.22	264037945.9	2079.18	2.1363,0.1308,5.0219,3.1511,0.2523,15.9143,14.6019,9.0673,0.9898
1	Round_1_Replicate_7	-21271.03	42560.06	252948.17	1314.12	10.3616,0.6805,3.5309,0.3928,0.0818,6.8162,0.0893,7.5548,0.9898
1	Round_1_Replicate_5	-29046.37	58110.74	983752.41	331.75	1.6089,3.0056,0.4573,1.0062,0.1485,0.2013,0.7486,4.3201,0.9898
1	Round_1_Replicate_6	-5560.1	11138.2	5748.77	542.44	0.1264,0.1824,1.3956,2.1282,4.9775,1.0501,1.5578,15.8964,0.3925
1	Round_1_Replicate_7	-25070.74	50159.48	513488.99	210.33	0.5301,12.855,0.0594,0.3504,0.5607,1.9302,5.7154,0.2346,0.9369
1	Round_1_Replicate_6	-12176.96	24371.92	537069742985.08	1327.12	0.2986,2.2011,0.0657,0.4621,12.2836,0.1366,0.2019,11.9461,0.5475
1	Round_1_Replicate_6	-8599.51	17217.02	35525.46	1567.09	7.5991,0.2063,5.7007,0.2474,0.1636,0.1095,0.1506,0.1147,0.066
1	Round_1_Replicate_6	-29258.78	58535.56	2040719.9	1390.21	3.0347,0.5034,0.5175,0.0845,9.557,6.1702,1.1939,0.1193,0.9898
1	Round_1_Replicate_7	-22907.57	45833.14	324803.21	2430.32	0.4282,0.1476,0.1735,0.3274,5.3752,0.0773,1.6375,0.6611,0.9898
1	Round_1_Replicate_8	-19561.65	39141.3	203468.53	403.82	0.0638,0.2031,1.1477,2.9234,4.4489,0.6316,2.4181,7.7075,0.9895
1	Round_1_Replicate_6	-36130.97	72279.94	7342295.67	177.25	0.0875,10.1059,0.0664,0.1127,0.3313,1.5147,4.7445,16.5434,0.9898
1	Round_1_Replicate_8	-38840.47	77698.94	6102345.69	605.23	0.4933,1.2042,1.7552,0.0948,0.3913,0.1074,7.0858,3.1997,0.9898
1	Round_1_Replicate_6	-25399.34	50816.68	611877.63	608.96	0.1625,0.067,0.5445,0.1557,0.4287,1.2206,8.7038,0.0856,0.691
1	Round_1_Replicate_7	-29437.09	58892.18	1818267.63	356.11	0.1346,14.053,2.157,0.1617,2.2465,4.0625,1.4588,11.0189,0.9898
1	Round_1_Replicate_4	-24265.53	48549.06	519181.06	1925.42	0.586,0.5073,3.4401,0.137,0.074,3.8745,12.8153,14.6059,0.9898
1	Round_1_Replicate_7	-4225.34	8468.68	4761.41	357.51	0.5241,0.6982,0.2805,5.1508,0.5929,0.2438,0.3184,1.2412,0.0943
1	Round_1_Replicate_7	-21823.55	43665.1	13447563826851.6	700.23	0.7232,1.1039,13.0974,1.76,0.1373,10.1215,0.2604,0.0991,0.9895
1	Round_1_Replicate_9	-7073.56	14165.12	18197.07	1141.0	1.1771,0.8595,4.2062,0.1801,1.9072,10.5309,0.514,0.3901,0.2083
1	Round_1_Replicate_8	-24839.97	49697.94	31769450865669.06	155.93	0.4882,2.3421,0.1485,9.2815,3.7798,0.6455,8.1608,0.8953,0.9898
1	Round_1_Replicate_7	-15185.63	30389.26	86537.6	523.94	8.3971,0.2609,0.0895,13.1884,6.4519,1.2111,0.1101,0.2379,0.8946
1	Round_1_Replicate_8	-20762.92	41543.84	286133.41	690.6	13.9301,0.1017,0.0943,1.6124,2.4201,0.3342,8.4816,14.8934,0.9898
1	Round_1_Replicate_9	-8403.44	16824.88	1.5652849411233698e+16	230.83	0.2681,3.8791,0.1093,2.2405,2.409,4.4925,1.843,5.3708,0.1968
1	Round_1_Replicate_7	-6725.01	13468.02	10267.21	147.26	1.5894,6.5705,0.107,2.6253,0.0869,0.5285,1.3623,12.848,0.3378
1	Round_1_Replicate_8	-31552.03	63122.06	1541048.05	617.65	0.2589,0.9891,2.9622,0.2674,0.1344,0.1296,3.2819,6.5321,0.9898
1	Round_1_Replicate_8	-31435.92	62889.84	2463946.52	463.73	8.8226,2.5019,6.2118,0.2161,0.3717,0.811,0.5269,16.5281,0.9898
1	Round_1_Replicate_8	-25745.42	51508.84	550227.17	2717.43	1.1673,0.1765,0.2721,0.1348,0.4007,1.1,0.0784,7.3812,0.9898
1	Round_1_Replicate_10	-5877.27	11772.54	7391.85	4245.48	5.681,0.1154,1.8488,0.1762,7.5136,0.0684,2.6349,1.0608,0.1565
1	Round_1_Replicate_9	-22463.41	44944.82	1067799.48	865.8	5.8473,0.1698,1.0087,8.6861,0.1848,5.8868,0.2912,0.9907,0.9898
1	Round_1_Replicate_9	-19167.02	38352.04	198205.54	1927.88	7.9763,0.0968,0.7449,0.2289,0.1929,7.0176,0.1138,0.0894,0.9897
1	Round_1_Replicate_10	-27934.59	55887.18	703066252846828.5	372.16	2.5984,3.6628,8.9169,10.4831,5.8836,0.8201,0.2653,0.0673,0.9897
1	Round_1_Replicate_5	-11699.35	23416.7	37258.06	886.63	4.758,1.6813,3.4903,0.1634,1.6163,1.5058,0.3516,6.0896,0.3019
1	Round_1_Replicate_9	-5440.48	10898.96	10060.55	772.4	0.0848,0.1136,0.0779,3.5511,2.3631,0.0807,0.1166,0.2749,0.0726
1	Round_1_Replicate_9	-30364.58	60747.16	720833984457.36	1866.33	0.1393,1.6081,0.4649,0.3056,15.3659,0.0805,0.1002,1.7845,0.9898
1	Round_1_Replicate_11	-33273.44	66564.88	1.3359512173042488e+21	255.52	5.6804,11.1972,0.5578,14.7253,4.4457,0.2322,0.4029,0.257,0.9898
1	Round_1_Replicate_8	-11900.34	23818.68	2710724.61	1469.82	16.6399,7.8456,0.4869,0.1661,9.1393,0.0971,6.6464,4.6751,0.1164
1	Round_1_Replicate_10	-29450.68	58919.36	3.1353989888647526e+18	674.65	0.4021,3.9244,14.4612,0.6226,8.4942,14.9677,0.1426,0.1572,0.9898
1	Round_1_Replicate_9	-29271.57	58561.14	6659543044.38	783.94	3.2251,7.0157,3.3406,0.347,6.1402,2.0874,0.7579,6.2974,0.9898
1	Round_1_Replicate_8	-26586.93	53191.86	496134.75	150.2	6.0377,1.1904,0.0584,7.2282,0.5168,0.2525,15.9917,0.8147,0.9897
1	Round_1_Replicate_10	-5661.52	11341.04	7014008452767.9	196.65	9.303,5.1577,2.3224,4.9677,0.0871,2.1433,1.6,3.1221,0.1527
1	Round_1_Replicate_11	-22112.33	44242.66	224548.44	312.35	1.488,9.5955,12.0149,0.0942,1.0558,0.1348,3.2203,1.1478,0.0755
1	Round_1_Replicate_10	-10799.38	21616.76	30845.12	387.62	3.474,6.1705,0.4178,0.413,1.2344,0.9725,0.6189,2.0737,0.2566
1	Round_1_Replicate_10	-24068.7	48155.4	313868.9	581.53	0.8496,0.2017,0.5798,1.9672,2.2017,0.2833,2.7372,0.2575,0.9898
1	Round_1_Replicate_12	-28183.72	56385.44	881450.62	952.61	5.3098,0.2152,1.476,0.5456,0.1623,0.1553,1.7493,2.4253,0.9898
1	Round_1_Replicate_10	-23404.15	46826.3	329997.39	1482.89	1.8764,0.1626,0.0985,0.6014,1.8011,0.1127,0.3515,1.256,0.9898
1	Round_1_Replicate_9	-26133.96	52285.92	1217523.09	796.36	0.6295,1.4259,1.8393,0.0928,3.6561,15.4922,2.6935,0.4089,0.9898
1	Round_1_Replicate_11	-22064.81	44147.62	5073739642349.27	263.87	6.921,1.9888,1.3833,11.8568,0.1602,2.7678,0.1674,5.9753,0.9898
1	Round_1_Replicate_9	-13822.08	27662.16	63169.72	295.3	0.5897,6.2086,0.0946,0.1847,0.4507,0.9214,1.2832,5.6323,0.0639
1	Round_1_Replicate_12	-6518.68	13055.36	69848050601.51	180.31	0.9797,5.1368,0.3012,4.853,1.859,0.2197,6.7611,1.251,0.0929
1	Round_1_Replicate_13	-34311.38	68640.76	2219008.67	1037.26	0.1045,0.4286,0.5558,0.0835,0.0744,0.3782,3.3096,0.2424,0.9897
1	Round_1_Replicate_11	-7962.48	15942.96	17580.33	822.06	0.0673,1.3108,0.4831,0.2109,0.2289,7.1924,8.9642,0.9987,0.293
1	Round_1_Replicate_12	-11212.16	22442.32	29560.55	286.24	0.2179,2.2973,8.4065,0.7954,0.2379,1.7006,10.7109,0.2329,0.4691
1	Round_1_Replicate_11	-4874.53	9767.06	956812821038.95	651.37	0.1521,0.9017,0.2935,2.5973,0.4357,5.9058,0.28,6.6888,0.0607
1	Round_1_Replicate_10	-17348.05	34714.1	208023.36	326.37	4.4302,1.2801,0.8548,0.3556,0.4268,2.0844,15.0634,0.6412,0.9898
1	Round_1_Replicate_13	-25902.74	51823.48	77281784641.96	214.43	5.7949,2.1341,3.4568,3.9217,2.8654,1.098,5.937,1.6454,0.9898
1	Round_1_Replicate_10	-33256.96	66531.92	3815498.47	164.94	0.1502,7.2329,0.9365,0.3815,0.178,0.3717,16.3312,5.0202,0.9898
1	Round_1_Replicate_11	-30196.28	60410.56	9965338.44	2206.28	1.771,0.8874,0.4711,0.1987,9.6215,0.351,5.8465,9.5196,0.9898
1	Round_1_Replicate_6	-12000.62	24019.24	35081.99	1320.26	0.1729,1.1989,4.1432,0.1334,2.3352,0.8285,14.4682,4.2852,0.2542
1	Round_1_Replicate_13	-8510.42	17038.84	1.3027102413444808e+18	444.4	3.6831,1.7028,0.4419,1.9167,7.2609,7.6302,0.1113,1.4892,0.0603
1	Round_1_Replicate_12	-25861.22	51740.44	854813.04	232.98	0.0704,0.3613,7.1382,13.0741,8.8405,0.0877,0.0955,1.3161,0.9898
1	Round_1_Replicate_14	-27067.2	54152.4	230988297.37	231.84	5.6067,4.5362,10.9542,4.6108,0.7323,0.7262,0.2009,1.7442,0.9898
1	Round_1_Replicate_11	-11834.55	23687.1	95198.84	1235.74	0.0917,0.1243,0.3897,0.758,0.0661,1.2565,7.5195,2.8018,0.373
1	Round_1_Replicate_12	-20915.36	41848.72	980682.14	330.09	0.0771,0.1529,0.6926,9.1781,10.9492,3.7063,3.1093,1.2695,0.9898
1	Round_1_Replicate_11	-25444.66	50907.32	61506476477.38	607.17	1.8284,4.5516,1.8809,2.9665,0.6969,0.3175,0.073,0.0828,0.9898
1	Round_1_Replicate_11	-17747.05	35512.1	48875100152184.53	142.39	6.8667,7.3434,3.6062,3.8008,0.1539,2.6785,0.1823,13.6728,0.9072
1	Round_1_Replicate_14	-20235.52	40489.04	226213.82	3779.61	0.8972,0.1653,3.2983,0.1448,3.1418,11.0239,10.4084,1.5828,0.9898
1	Round_1_Replicate_12	-23592.47	47202.94	378735.36	772.53	1.0069,0.397,11.6918,0.7447,1.6708,1.2,1.8478,0.2797,0.9898
1	Round_1_Replicate_15	-6193.27	12404.54	11409.67	634.18	0.5167,1.2638,0.5727,0.8632,1.0576,2.0823,0.3071,1.5162,0.3611
1	Round_1_Replicate_13	-6271.03	12560.06	9591.46	243.3	0.2583,10.4452,3.0479,4.2308,0.3177,0.2374,0.8092,0.4701,0.177
1	Round_1_Replicate_15	-23183.49	46384.98	311390.91	354.38	7.8928,0.2596,0.2198,4.2428,0.9001,0.1757,3.2666,1.2423,0.9898
1	Round_1_Replicate_13	-6389.62	12797.24	9252.08	141.98	3.4272,9.2157,3.4724,3.028,0.1201,0.5272,0.0903,6.6544,0.3001
1	Round_1_Replicate_12	-9462.22	18942.44	37937.13	529.61	0.1576,0.2958,12.293,1.3723,0.2092,0.1448,3.3828,12.0115,0.1916
1	Round_1_Replicate_7	-9155.9	18329.8	20927.62	592.16	11.8423,1.7789,0.0779,0.4558,0.0821,3.4116,0.8448,8.0073,0.527
1	Round_1_Replicate_12	-21579.32	43176.64	295214.72	1317.63	0.1957,0.2837,6.3497,0.7031,10.2579,0.7356,3.5216,5.2284,0.9898
1	Round_1_Replicate_12	-20821.42	41660.84	244893.52	329.1	2.9668,0.1251,1.1153,4.043,11.494,0.5738,3.3154,5.0201,0.9898
1	Round_1_Replicate_14	-29989.57	59997.14	785319.27	219.07	0.1399,0.5501,10.7862,3.3915,1.2546,0.4035,11.5016,0.1877,0.9898
1	Round_1_Replicate_14	-23306.12	46630.24	373746.32	1981.0	4.5206,0.1871,10.562,0.2845,0.2361,1.4062,0.3806,1.2101,0.9898
1	Round_1_Replicate_13	-3766.99	7551.98	41531.66	182.45	0.3113,1.106,4.2262,8.4132,0.6088,0.6872,5.3242,3.4076,0.1322
1	Round_1_Replicate_14	-18158.71	36335.42	83580918.15	1217.28	1.6359,16.1169,4.9314,0.1214,14.6457,0.4667,0.2208,0.1978,0.6455
1	Round_2_Replicate_1	-6120.38	12258.76	7720.95	8995.16	2.0244,0.059,0.4812,0.0816,17.2374,0.3247,2.5932,0.7917,0.2117
1	Round_1_Replicate_13	-6910.53	13839.06	11218.19	1516.07	0.5472,0.3108,3.2498,0.243,3.2118,1.5631,0.4923,0.186,0.202
1	Round_1_Replicate_13	-6909.55	13837.1	45741768174.19	762.77	1.0547,0.8232,14.6649,0.6415,1.227,12.0688,14.8195,1.372,0.2874
1	Round_1_Replicate_13	-21768.23	43554.46	549842.02	379.02	0.0742,2.8564,0.0878,0.1258,0.3169,3.7972,9.1407,0.3592,0.9898
1	Round_1_Replicate_15	-19313.75	38645.5	174469.74	1463.03	15.727,0.091,14.8461,0.749,14.6494,0.2597,0.2254,1.5079,0.99
1	Round_1_Replicate_14	-24851.92	49721.84	318042048.27	805.52	3.2628,1.1309,4.3273,1.0449,5.6888,0.769,0.0851,0.1816,0.9898
1	Round_1_Replicate_15	-9930.28	19878.56	36029.3	256.72	8.5316,4.1559,0.4977,0.2268,0.1207,3.3278,7.9409,0.3163,0.1887
1	Round_2_Replicate_1	-12759.72	25537.44	240275.55	233.07	11.2389,0.1899,19.8,19.8,0.1148,0.9173,0.0658,19.8,0.0292
1	Round_1_Replicate_15	-36354.98	72727.96	5618515.49	260.17	8.7245,1.5566,0.4333,2.5427,0.1773,0.2194,8.4149,0.1925,0.9898
1	Round_2_Replicate_2	-5040.33	10098.66	6334.39	10381.93	5.2657,0.03,3.6038,0.083,15.9479,0.3125,0.4381,1.3871,0.0368
1	Round_1_Replicate_8	-27779.42	55576.84	9275937.89	2608.37	0.0653,0.7912,1.4051,0.099,13.3634,7.8949,1.766,3.7755,0.9898
1	Round_1_Replicate_14	-31521.16	63060.32	400824948.27	2642.86	0.5209,1.9813,1.8471,0.1096,16.2045,1.8872,0.3545,3.135,0.9898
1	Round_1_Replicate_14	-26911.2	53840.4	31788652984.73	383.15	0.2487,4.2035,5.4026,0.6929,7.5509,5.3779,5.5189,0.8973,0.9898
1	Round_2_Replicate_1	-4895.13	9808.26	1005386906.96	126.39	0.8672,1.441,1.0595,10.2871,2.0204,0.9146,10.8458,8.7744,0.1569
1	Round_1_Replicate_14	-7867.74	15753.48	315639598217047.94	374.66	3.4156,2.6573,0.3032,2.1065,6.2787,0.727,0.2722,10.0486,0.0694
1	Round_1_Replicate_15	-6554.75	13127.5	14706.8	763.98	2.8977,0.2086,0.3208,2.4626,0.5451,2.474,0.3357,0.8588,0.266
1	Round_2_Replicate_2	-8039.22	16096.44	44944.12	348.98	12.3606,0.2872,4.7397,8.7053,0.1939,1.0957,0.1218,1.6545,0.0167
1	Round_2_Replicate_1	-5463.88	10945.76	192835.0	347.64	12.9913,1.3947,9.0419,7.4512,0.2988,0.8533,0.2381,0.4892,0.2209
1	Round_2_Replicate_1	-5029.94	10077.88	23546.28	493.31	0.7863,0.2442,1.3024,9.5393,1.3959,1.7676,0.2958,0.1972,0.0474
1	Round_1_Replicate_15	-26210.9	52439.8	586080.69	4805.1	4.4432,0.073,0.0923,0.0833,1.7674,0.9415,0.3223,1.1021,0.9898
1	Round_1_Replicate_15	-23815.12	47648.24	503512.58	262.56	0.2428,0.2644,0.1307,4.2403,0.3233,0.1028,0.122,12.1617,0.9897
1	Round_1_Replicate_15	-8619.38	17256.76	44754871095.32	143.92	0.1029,5.6353,0.159,6.9941,1.7266,2.614,2.7176,4.1953,0.1189
1	Round_2_Replicate_3	-5332.89	10683.78	65406.65	4112.98	19.1877,0.2109,13.8544,0.1757,19.207,0.3508,14.7529,1.7546,0.0602
1	Round_2_Replicate_1	-3776.8	7571.6	11251.45	124.02	0.9187,1.5087,3.5016,13.2008,0.2488,0.3647,6.1913,8.5322,0.0254
1	Round_2_Replicate_2	-16870.8	33759.6	8.242023042382392e+20	225.32	2.6218,10.0316,4.909,5.5903,0.3199,4.3052,0.4378,0.6633,0.7202
1	Round_2_Replicate_2	-6016.29	12050.58	182673.75	459.71	1.028,2.6346,0.7203,1.3399,2.0819,0.0327,2.4933,7.3007,0.0191
1	Round_2_Replicate_3	-4673.68	9365.36	4928.35	1114.49	4.3251,0.3393,13.3059,0.6475,1.7544,0.5109,0.1145,17.1061,0.0653
1	Round_2_Replicate_2	-8667.6	17353.2	5941874758566602.0	261.57	0.0403,1.1874,1.5745,16.6137,2.6663,4.6745,0.2548,18.8388,0.3185
1	Round_2_Replicate_1	-12029.23	24076.46	56061.66	237.17	5.4633,3.9295,18.8388,0.2365,1.3913,2.1546,11.2629,0.2283,0.0723
1	Round_1_Replicate_9	-11602.81	23223.62	51952.96	3283.23	1.6481,0.1114,9.1524,0.1209,1.2131,0.1195,0.4941,13.652,0.0634
1	Round_2_Replicate_1	-6621.18	13260.36	-8529656534078.58	234.18	0.0199,1.9515,0.0804,11.2399,1.4148,2.9879,0.1016,3.8289,0.0724
1	Round_2_Replicate_1	-5591.29	11200.58	51181.14	931.91	0.4258,0.2072,2.5858,1.2089,11.3071,1.3193,0.0607,0.857,0.3662
1	Round_2_Replicate_4	-16674.83	33367.66	218413.94	3462.68	18.6307,0.0429,0.5726,0.1041,0.9664,0.0082,0.3245,0.9781,0.2108
1	Round_2_Replicate_2	-10340.58	20699.16	42095.45	506.85	0.0795,0.3934,2.7843,2.0317,0.1386,0.3176,1.9564,1.0631,0.4898
1	Round_2_Replicate_3	-9665.16	19348.32	7.646518856997067e+24	75.18	18.8388,14.5723,0.294,17.1273,0.0326,3.8672,12.4981,0.6119,0.0268
1	Round_2_Replicate_3	-5695.73	11409.46	11285.56	429.12	0.1475,1.2965,0.0601,2.2659,0.115,0.1444,0.0524,1.8473,0.0282
1	Round_2_Replicate_4	-5740.4	11498.8	1789652645.23	736.16	18.8388,0.1992,9.0617,9.5345,4.3639,6.9398,0.1436,2.0943,0.0158
1	Round_2_Replicate_2	-18566.79	37151.58	306833.65	814.45	3.3009,0.3009,12.3912,2.374,0.1632,3.9878,2.1156,0.9367,0.9898
1	Round_2_Replicate_2	-3801.33	7620.66	3723.11	967.13	0.0755,0.1285,1.1554,1.4766,4.8013,2.8271,0.2627,0.3864,0.1183
1	Round_2_Replicate_4	-8279.01	16576.02	19084.21	131.28	1.9294,14.6892,0.7331,0.8143,0.054,0.9893,9.5959,0.842,0.0263
1	Round_2_Replicate_4	-4171.42	8360.84	3448.01	237.55	1.3315,2.9406,0.1773,3.4939,0.6384,0.0808,0.2385,5.0072,0.053
1	Round_2_Replicate_3	-3800.09	7618.18	3579.84	315.19	0.0721,0.4427,2.857,4.5227,1.04,0.8544,4.9772,7.8337,0.0721
1	Round_1_Replicate_10	-30759.01	61536.02	1862481110098.85	1283.8	13.6024,3.3947,1.4734,0.2488,16.1425,0.2645,0.0753,0.215,0.9897
1	Round_2_Replicate_3	-4767.45	9552.9	5578.68	1100.26	0.0842,0.3338,4.308,0.9267,0.6231,2.2558,10.148,19.8,0.183
1	Round_2_Replicate_3	-4951.45	9920.9	8251568.37	756.96	0.2195,2.0871,4.3941,0.8484,7.4753,6.5163,0.2776,0.0309,0.1707
1	Round_2_Replicate_3	-10377.04	20772.08	26661.77	1578.52	1.1641,0.4493,3.1591,0.225,1.0713,1.5824,13.9791,7.5596,0.5366
1	Round_2_Replicate_5	-5959.95	11937.9	10353.1	159.61	0.6826,1.8156,0.6969,14.6892,0.2651,0.1873,0.2275,2.6076,0.2802
1	Round_2_Replicate_5	-9891.96	19801.92	27941.67	14726.51	18.8388,0.0346,2.4677,0.035,10.138,0.0487,7.003,2.668,0.2276
1	Round_2_Replicate_4	-3606.37	7230.74	207762.98	85.66	0.3981,7.6153,0.7277,14.6892,0.0898,0.226,1.4976,7.8464,0.0394
1	Round_2_Replicate_5	-4328.53	8675.06	5820.7	931.82	19.8,0.6105,19.8,0.9025,0.1202,2.2843,0.2056,19.8,0.0279
1	Round_2_Replicate_5	-11181.8	22381.6	40868.7	76.78	19.8,19.8,0.5367,1.1244,0.0136,1.3047,12.4835,11.9136,0.5116
1	Round_2_Replicate_4	-7706.97	15431.94	57375263.9	2553.63	1.9246,0.7355,18.8388,0.2203,15.7728,0.2953,0.6073,1.3103,0.1346
1	Round_2_Replicate_4	-5103.89	10225.78	8719.73	543.79	3.6907,1.1742,18.7724,0.9171,1.3023,1.8414,6.2472,10.6504,0.1724
1	Round_2_Replicate_6	-7506.95	15031.9	23217.49	328.4	0.0704,0.2118,1.1212,14.6892,0.9534,0.0323,0.038,0.6317,0.1207
1	Round_1_Replicate_11	-5302.7	10623.4	10571.79	636.27	9.3399,0.3696,2.2147,9.8472,0.1418,0.2013,0.0796,0.0913,0.1361
1	Round_2_Replicate_5	-11963.77	23945.54	6.452669197109232e+18	195.12	0.2643,3.5499,1.6844,18.8388,0.3831,3.7078,2.3837,6.0369,0.5374
1	Round_2_Replicate_6	-4300.49	8618.98	818912.35	77.14	18.8388,9.3084,9.5463,14.9358,0.0561,0.2809,1.3111,10.068,0.174
1	Round_2_Replicate_6	-5119.96	10257.92	5430.2	2116.34	19.8,0.0801,5.9285,0.3397,19.8,0.0463,0.4612,0.2544,0.172
1	Round_2_Replicate_5	-22667.09	45352.18	271507.86	654.92	0.9717,1.7067,5.4683,1.3378,0.4446,0.7961,0.2506,0.0592,0.9895
1	Round_2_Replicate_5	-23060.93	46139.86	435149.29	988.23	7.2192,0.1506,18.8388,2.3232,0.2886,2.8778,3.2572,3.0862,0.9898
1	Round_2_Replicate_7	-6315.39	12648.78	9581.9	384.78	0.4675,3.2649,0.2972,0.8049,0.0791,0.8963,0.1001,2.732,0.0624
1	Round_2_Replicate_4	-4118.88	8255.76	3583.2	2356.75	0.707,0.0988,8.4826,0.414,6.5047,0.2885,12.3681,18.8388,0.0685
1	Round_2_Replicate_7	-9847.45	19712.9	34645474386.81	511.86	8.9313,0.7234,0.4662,9.8795,0.1154,4.4349,5.3418,7.7823,0.5945
1	Round_2_Replicate_6	-10867.06	21752.12	27878.31	3060.48	0.2667,0.0558,3.0278,0.0564,14.5352,0.3966,0.3573,0.0264,0.0802
1	Round_1_Replicate_12	-31971.52	63961.04	83518367.89	464.71	4.1063,13.1349,0.2257,0.4877,2.8181,0.5297,0.3615,0.6034,0.9898
1	Round_2_Replicate_6	-6029.62	12077.24	12039.63	1166.33	19.8,0.1031,13.6523,0.8313,1.4136,0.5905,0.0622,19.8,0.07
1	Round_2_Replicate_8	-5034.58	10087.16	7956.92	326.35	1.1671,0.4158,0.1134,8.2926,1.3403,0.0969,1.1665,0.7005,0.0902
1	Round_2_Replicate_6	-3897.18	7812.36	3388.03	198.42	0.0456,0.4051,0.7751,8.4085,1.2019,0.0897,5.7345,1.7774,0.0865
1	Round_2_Replicate_5	-20552.4	41122.8	259623.11	807.41	0.0409,0.1193,0.1837,7.5161,2.376,5.0694,0.2581,3.0749,0.9898
1	Round_2_Replicate_6	-9190.39	18398.78	87258777052687.64	192.25	0.3975,1.3535,19.9649,3.1617,3.6852,7.5014,18.8837,0.9021,0.1314
1	Round_2_Replicate_7	-5779.51	11577.02	135801.11	720.96	0.1015,1.0497,3.4063,0.9663,5.2603,0.1952,0.8112,0.1603,0.1953
1	Round_2_Replicate_7	-3868.52	7755.04	5183.21	1582.56	18.8388,0.1389,3.7744,0.8622,2.7863,4.4704,0.2483,1.8006,0.0875
1	Round_2_Replicate_9	-6850.79	13719.58	23851.19	537.84	3.4275,0.2358,0.0602,14.6892,0.3576,1.4299,0.1791,0.2408,0.0112
1	Round_2_Replicate_7	-9212.55	18443.1	242968.18	513.54	1.0603,1.7552,2.0228,1.134,0.1539,3.0853,1.7466,0.8792,0.6633
1	Round_2_Replicate_2	-5078.44	10174.88	422717383505.98	2278.82	0.0868,0.2325,0.1547,1.0029,0.2284,18.4268,0.2714,19.5552,0.0373
1	Round_2_Replicate_8	-19701.31	39420.62	4.8677433528050616e+16	134.14	19.8,6.0842,5.6373,19.8,0.0588,2.1703,2.4661,0.5561,0.9213
1	Round_2_Replicate_7	-11763.95	23545.9	53514.74	1206.12	16.3956,0.0257,1.5802,0.9956,3.8235,0.0572,5.1427,6.1764,0.6269
1	Round_2_Replicate_8	-4860.6	9739.2	2061687510.17	697.22	17.1254,0.8606,18.6317,1.9148,0.2274,4.985,2.8112,3.1178,0.1805
1	Round_2_Replicate_8	-11784.94	23587.88	38583.08	2230.02	0.8971,0.1635,1.1989,0.0885,3.4444,0.4969,0.0705,0.0986,0.3869
1	Round_2_Replicate_10	-13887.21	27792.42	153993.88	119.97	0.103,0.1382,0.9528,18.8388,0.1701,0.0317,2.5411,4.4055,0.4594
1	Round_2_Replicate_8	-4869.39	9756.78	522984158.58	200.01	2.0144,0.7492,1.5887,5.6177,0.4224,2.6365,14.6892,0.668,0.0559
1	Round_2_Replicate_9	-5272.59	10563.18	148586973.54	311.19	2.1561,2.3037,1.8005,3.1613,0.0677,2.1188,3.8872,9.0271,0.2725
1	Round_1_Replicate_13	-8997.17	18012.34	14810178917.04	971.04	0.4879,3.5773,4.4772,0.283,9.7962,6.0879,0.3214,8.9059,0.1745
1	Round_2_Replicate_9	-4023.06	8064.12	2927.39	1444.04	0.0901,0.0722,3.9664,0.7563,13.1525,0.2255,1.7991,1.432,0.1382
1	Round_2_Replicate_7	-23889.48	47796.96	440072.98	2799.69	0.2844,0.1322,18.8388,0.27,0.2275,2.4683,10.5317,9.2207,0.9898
1	Round_2_Replicate_9	-6094.43	12206.86	389100844304.94	211.93	0.2021,2.4024,1.04,14.6892,0.1098,1.6608,0.8788,2.7812,0.1184
1	Round_2_Replicate_3	-7155.01	14328.02	347613555700099.0	1321.12	0.5783,0.3315,0.0788,6.2569,0.0913,14.6892,0.1456,7.0371,0.0252
1	Round_2_Replicate_11	-7314.96	14647.92	23614.04	366.45	0.1219,0.1732,0.3555,3.4779,0.3963,0.1665,0.0441,5.2719,0.055
1	Round_2_Replicate_8	-6886.24	13790.48	10818.03	2220.79	4.4783,0.0844,1.1073,0.4632,5.1196,0.0359,0.6833,6.6771,0.3974
1	Round_2_Replicate_10	-7169.45	14356.9	24953.08	392.66	18.6317,0.9755,14.4135,3.3086,0.0282,0.273,0.5911,1.0131,0.2364
1	Round_2_Replicate_9	-6207.51	12433.02	41770828392553.24	407.22	3.0147,1.8001,17.4022,1.378,2.0711,6.8936,1.6616,15.8297,0.0401
1	Round_2_Replicate_10	-6405.68	12829.36	15672249769003.93	63.58	0.1942,6.1443,2.0722,18.9026,1.3313,0.1972,2.0378,18.3984,0.1144
1	Round_2_Replicate_10	-13122.89	26263.78	54027.65	2155.81	1.4854,0.2348,5.1866,0.1405,1.077,0.2466,0.2235,0.5861,0.3797
1	Round_2_Replicate_4	-6606.91	13231.82	60571383660.3	942.72	0.5294,0.9034,0.0926,0.4323,2.8314,14.6892,1.5325,1.1068,0.2015
1	Round_2_Replicate_12	-9745.51	19509.02	86842.3	484.82	3.5404,0.1709,2.1176,6.4708,0.1251,0.0483,0.0942,0.427,0.0393
1	Round_2_Replicate_11	-4255.96	8529.92	6003.31	378.19	4.2335,1.9634,2.8978,2.0999,0.0202,1.0469,0.6206,2.2432,0.0381
1	Round_1_Replicate_14	-21595.89	43209.78	304899.33	463.47	7.2317,0.2541,0.0728,3.564,0.5295,0.8879,0.1112,4.4437,0.9898
1	Round_2_Replicate_10	-4684.31	9386.62	16046515.86	231.02	18.8388,2.6107,3.6662,3.3244,1.7516,0.4015,1.9755,8.4755,0.0387
1	Round_2_Replicate_11	-7710.57	15439.14	24245.99	265.34	0.0981,6.6504,10.8126,1.2458,0.8827,0.4201,2.9734,1.2526,0.1815
1	Round_2_Replicate_11	-20966.9	41951.8	391217.08	1192.77	0.4758,0.5211,1.0084,0.3724,3.0201,7.1375,0.7844,0.3224,0.9898
1	Round_2_Replicate_13	-10646.01	21310.02	102623.11	341.84	1.7125,2.5151,0.5395,3.7997,1.1502,0.0999,0.0609,1.0581,0.7073
1	Round_2_Replicate_5	-3965.85	7949.7	154740144.64	355.35	0.0254,1.0258,1.3006,5.2055,0.5448,1.9856,1.5899,2.7501,0.0314
1	Round_2_Replicate_12	-11898.37	23814.74	3.7723089817326065e+25	127.51	18.8388,9.6122,0.4432,6.9759,0.0239,8.0857,9.0682,2.1414,0.0498
1	Round_2_Replicate_9	-4115.3	8248.6	4524.82	1222.31	6.581,0.025,1.5467,1.0322,18.8388,0.0223,0.6513,8.7477,0.0292
1	Round_2_Replicate_11	-6823.68	13665.36	97395.54	261.84	4.8499,0.7978,16.2403,11.2461,0.1473,1.1121,0.0909,2.8107,0.2429
1	Round_2_Replicate_12	-6057.22	12132.44	8677.12	1075.69	0.1976,1.1343,16.8173,0.2796,2.5222,0.2611,0.2004,0.0455,0.096
1	Round_2_Replicate_12	-10072.84	20163.68	34030.82	658.33	0.9498,0.3474,2.8289,1.3673,0.2071,0.5413,0.7214,15.4461,0.5392
1	Round_2_Replicate_8	-10162.43	20342.86	123850.8	303.54	0.7096,4.3148,4.5143,0.1356,0.342,19.1896,19.207,5.391,0.3491
1	Round_2_Replicate_14	-5237.94	10493.88	8008.22	498.63	0.0735,0.3293,0.1372,10.4922,2.1439,0.0445,0.1149,0.2785,0.0757
1	Round_1_Replicate_15	-19613.7	39245.4	239675.83	807.33	4.6988,0.1767,7.8721,4.0603,2.0498,4.303,5.3306,3.5437,0.9898
1	Round_2_Replicate_13	-11717.94	23453.88	86299.93	260.19	1.8199,0.7995,0.5595,10.6568,0.0203,1.1171,3.591,3.9795,0.6881
1	Round_2_Replicate_6	-5624.88	11267.76	7840.24	297.12	0.1629,0.2352,0.3442,6.2139,1.3491,0.8457,0.0398,18.8388,0.2652
1	Round_2_Replicate_10	-18301.48	36620.96	166857.73	2146.4	1.4642,0.3958,3.4658,0.057,1.368,0.017,0.5959,1.2673,0.1144
1	Round_2_Replicate_13	-15927.09	31872.18	98295.57	1791.97	0.2909,0.077,18.8388,0.255,1.5455,0.3988,0.1722,0.0897,0.8641
1	Round_2_Replicate_12	-4983.14	9984.28	6371.63	802.24	2.5986,0.136,13.6789,1.5637,1.9629,1.2203,2.8086,8.6025,0.1563
1	Round_2_Replicate_9	-8344.51	16707.02	9589819885279.69	321.88	0.2917,6.3047,2.2789,0.5403,4.607,10.795,3.7314,0.5291,0.0671
1	Round_2_Replicate_15	-7492.33	15002.66	316147223784.35	399.92	0.8171,5.1774,0.2235,1.5436,3.994,1.0863,1.4328,0.2567,0.0805
1	Round_2_Replicate_14	-5192.64	10403.28	218468.05	89.55	9.2265,8.8866,0.3624,9.8602,0.1139,0.4921,11.7328,1.6258,0.314
1	Round_2_Replicate_7	-7237.53	14493.06	545663025871.82	780.36	0.1195,0.496,0.4448,7.5765,0.0563,7.2751,0.0987,1.8878,0.2017
1	Round_2_Replicate_1	-16884.99	33787.98	778059.86	295.74	2.5546,0.128,13.8235,17.9243,0.0443,0.0278,0.0731,0.6864,0.2633
1	Round_2_Replicate_14	-8234.99	16487.98	4017942.66	1083.61	1.0238,1.4067,1.0064,0.2325,9.9716,3.9552,0.1111,0.0431,0.1918
1	Round_3_Replicate_1	-5997.51	12013.02	17615.64	226.46	0.7988,1.3364,0.0775,9.9665,0.1868,0.061,0.6294,1.583,0.0347
1	Round_2_Replicate_13	-4271.73	8561.46	3490388736.45	1048.1	7.3895,0.7784,17.2511,0.7424,0.3654,9.5225,0.3273,3.4784,0.0384
1	Round_2_Replicate_13	-6678.0	13374.0	2146953.65	65.74	0.0543,4.5081,8.6853,19.8,0.385,0.2818,18.5228,3.6143,0.5007
1	Round_2_Replicate_15	-4794.38	9606.76	5072.69	151.2	12.6816,4.6774,3.5988,3.4651,0.1236,0.3762,0.4321,18.2612,0.1376
1	Round_2_Replicate_10	-8788.68	17595.36	147259804.84	425.96	1.5994,2.6149,9.8098,0.542,0.2434,8.4553,7.6446,7.8011,0.4588
1	Round_2_Replicate_15	-19233.82	38485.64	171615.66	1223.32	0.4771,0.1329,3.565,0.0999,0.6596,1.5476,3.3918,0.1454,0.6979
1	Round_3_Replicate_2	-10610.82	21239.64	25455.85	278.81	0.8001,4.5755,0.1109,0.8786,0.365,0.0366,0.6992,15.4521,0.0446
1	Round_2_Replicate_14	-5475.56	10969.12	8266.04	619.51	6.0478,0.7764,5.9109,1.2627,0.1485,1.0093,1.602,6.3767,0.1715
1	Round_2_Replicate_14	-5523.21	11064.42	16541.95	694.62	0.1482,0.7161,1.2553,1.207,3.7419,0.2784,3.6678,6.4235,0.2672
1	Round_3_Replicate_1	-4458.56	8935.12	5235.43	367.93	8.0994,2.1578,4.9302,1.5021,0.0334,1.0798,1.6689,5.6169,0.0148
1	Round_2_Replicate_2	-15428.66	30875.32	523402.55	398.94	18.8388,0.154,3.0207,7.3952,0.0297,0.0344,0.1095,0.6842,0.3049
1	Round_2_Replicate_8	-10012.94	20043.88	2.287850313765405e+21	142.69	0.1049,6.1595,0.0728,2.7826,2.4512,7.053,0.6057,18.8388,0.0202
1	Round_3_Replicate_1	-4131.4	8280.8	43159.07	1401.77	0.04,0.1621,0.7321,0.9414,3.7805,5.7329,0.0742,0.6678,0.1768
1	Round_2_Replicate_11	-6513.96	13045.92	9567.5	13842.58	10.2471,0.0455,0.3968,0.0441,18.8388,0.0775,6.4692,8.1624,0.0524
1	Round_3_Replicate_3	-7949.29	15916.58	13335.95	237.73	3.0153,7.2563,0.0684,1.6672,0.5665,0.0539,0.4958,3.7962,0.0694
1	Round_3_Replicate_2	-6957.1	13932.2	16776.89	741.54	2.6003,1.0729,3.2578,0.6336,0.0076,0.7408,0.4426,0.9485,0.0131
1	Round_2_Replicate_6	-19110.6	38239.2	196928.25	2278.7	0.0316,0.0364,1.8474,0.7234,16.2334,7.6724,8.7028,18.8388,0.9898
1	Round_2_Replicate_9	-6288.98	12595.96	12745220681800.07	159.79	0.4885,2.7374,0.5883,12.6482,0.7099,1.7363,1.8423,7.9831,0.218
1	Round_2_Replicate_15	-27150.85	54319.7	656677.24	67.05	0.6412,3.6112,19.6978,19.8,0.1787,0.3667,19.8,1.6813,0.9895
1	Round_3_Replicate_2	-7199.82	14417.64	23167.74	843.11	0.1049,0.1402,4.6938,2.9891,1.735,4.4044,0.1035,0.2189,0.4551
1	Round_2_Replicate_15	-5728.97	11475.94	20340.88	706.43	19.8,0.2954,15.8408,2.4882,0.2435,1.7777,0.1824,19.8,0.0093
1	Round_3_Replicate_4	-3375.23	6768.46	1880.24	303.13	0.5727,1.2061,0.0552,3.3325,1.076,0.0593,0.2494,6.1506,0.0187
1	Round_3_Replicate_3	-4426.69	8871.38	823221547.56	514.61	5.8509,0.9105,1.3402,3.3826,0.0289,3.1179,0.5423,0.9726,0.0198
1	Round_2_Replicate_10	-6415.08	12848.16	30546781111.91	1155.23	0.0498,0.3759,0.1965,2.7438,0.0749,9.0401,0.1171,1.3835,0.2333
1	Round_3_Replicate_1	-4715.84	9449.68	4389.36	83.27	0.1931,14.6892,1.1728,8.7452,0.0804,0.1164,4.2917,5.6464,0.086
1	Round_3_Replicate_3	-5093.03	10204.06	5348.69	1597.34	0.107,0.0827,1.738,0.4089,10.742,1.416,0.3499,0.0947,0.2087
1	Round_3_Replicate_1	-4126.66	8271.32	17490.57	1767.92	18.8388,0.0734,4.3318,0.9026,4.999,7.3434,0.0998,0.5605,0.0256
1	Round_2_Replicate_3	-8675.04	17368.08	60862.19	519.94	19.8,0.2045,4.3823,19.8,0.0738,0.0319,0.0248,0.2052,0.1479
1	Round_3_Replicate_5	-5930.04	11878.08	1733964.91	168.48	4.0907,5.0663,0.0566,10.805,0.8138,0.0229,0.6849,1.7699,0.0316
1	Round_2_Replicate_12	-3434.11	6886.22	2116.42	2717.2	1.2601,0.0406,0.2419,0.4303,19.3134,0.0382,3.223,6.1427,0.0244
1	Round_3_Replicate_4	-4220.53	8459.06	11940.06	710.81	5.6116,0.7563,0.9924,1.3316,0.0082,2.3698,0.3773,0.7475,0.0193
1	Round_3_Replicate_2	-5162.42	10342.84	118396.26	107.97	0.1155,9.4283,1.575,4.3978,0.3234,0.3992,2.8307,11.6753,0.1151
1	Round_3_Replicate_2	-5058.15	10134.3	8718.91	2821.73	18.8388,0.1226,2.753,0.356,0.7108,4.3722,0.0665,2.6418,0.0303
1	Round_3_Replicate_4	-4805.67	9629.34	29659720.4	982.36	0.1538,0.34,0.6607,1.2047,10.8336,2.0627,0.0638,0.1649,0.1496
1	Round_3_Replicate_6	-6043.05	12104.1	307513205.55	188.82	0.7356,6.0022,0.0935,8.8058,0.9695,0.2573,0.6974,1.2753,0.0471
1	Round_3_Replicate_5	-6966.7	13951.4	28551.52	458.45	6.1102,0.6285,2.1486,2.4633,0.012,0.6851,1.3531,1.9328,0.0226
1	Round_2_Replicate_11	-6226.19	12470.38	69774692921.1	584.46	1.168,0.3005,0.4071,17.6937,3.5659,6.4259,0.0997,18.8388,0.0214
1	Round_3_Replicate_3	-4590.89	9199.78	32036297684.4	82.39	0.2639,8.9933,0.3016,14.6838,0.3224,0.4063,0.5688,8.1414,0.0346
1	Round_2_Replicate_7	-5320.74	10659.48	7027.45	103.0	0.0205,0.2392,5.5086,14.3201,2.3294,0.1842,5.2006,17.4517,0.2988
1	Round_2_Replicate_4	-7133.43	14284.86	34379.13	384.76	4.336,0.5492,3.6504,5.9257,0.0441,0.2676,0.482,0.4822,0.1112
1	Round_3_Replicate_5	-4715.34	9448.68	489382467.4	716.14	0.1136,0.1388,0.6658,5.5098,14.2788,7.0801,0.1488,0.2528,0.0672
1	Round_3_Replicate_3	-4669.68	9357.36	8697.94	1286.03	18.8388,0.083,4.7827,1.6937,4.3805,4.7674,0.2874,2.4254,0.0954
1	Round_2_Replicate_13	-14205.36	28428.72	127055.18	4802.97	13.624,0.0368,7.112,0.0899,1.4019,0.0314,0.4885,8.2414,0.1075
1	Round_3_Replicate_7	-3753.32	7524.64	3918.82	170.73	1.9252,3.1417,0.284,9.5465,0.3758,0.083,0.4283,2.6438,0.0152
1	Round_3_Replicate_6	-5612.67	11243.34	9271.78	542.31	1.3714,1.623,0.7242,0.8625,0.0064,1.1098,1.1805,1.4296,0.0135
1	Round_3_Replicate_4	-3833.96	7685.92	2963.18	60.58	0.7014,10.8108,0.1893,14.0549,0.0472,0.1007,3.6686,18.4749,0.085
1	Round_2_Replicate_8	-5000.5	10019.0	20112.83	725.57	0.2661,0.3787,0.7642,1.2867,3.5084,2.2563,4.205,6.2105,0.3127
1	Round_2_Replicate_12	-9485.39	18988.78	305756635.24	890.98	0.3253,0.1865,0.0586,16.4377,0.0884,6.7379,0.0488,4.7592,0.0128
1	Round_3_Replicate_4	-3818.89	7655.78	2958.44	1651.33	18.8388,0.1726,1.6914,0.4415,3.2164,4.1168,0.3496,0.5723,0.0296
1	Round_3_Replicate_6	-4656.58	9331.16	6479.78	572.57	0.0585,0.0689,2.1799,3.3861,4.3745,0.9184,0.5501,0.5591,0.0555
1	Round_2_Replicate_14	-6386.14	12790.28	705905.25	1851.9	1.345,0.2268,1.0119,0.3248,18.8388,0.2042,2.3009,0.1732,0.0497
1	Round_3_Replicate_8	-3670.94	7359.88	489686.88	148.55	3.931,1.7348,0.1904,8.8335,1.7098,0.0319,0.1075,9.5737,0.061
1	Round_3_Replicate_7	-3912.35	7842.7	53706.6	280.4	14.2705,2.4321,1.0597,3.1713,0.0567,1.257,2.3714,0.8416,0.0914
1	Round_2_Replicate_5	-9483.83	18985.66	22933.5	951.37	12.0325,0.1077,1.7039,18.8388,0.2064,0.8381,0.0284,0.0215,0.6811
1	Round_3_Replicate_5	-4559.49	9136.98	17181427.08	85.24	0.4731,13.4447,0.3607,5.5282,0.0487,0.7644,1.1947,16.0869,0.0708
1	Round_2_Replicate_13	-7363.89	14745.78	21450.8	2031.72	0.2828,0.18,0.6105,0.6193,0.0949,4.8129,0.4425,1.1255,0.374
1	Round_2_Replicate_11	-13350.02	26718.04	2623708107.08	1715.72	0.1785,0.1125,19.8,4.148,4.0557,19.8,19.8,0.7857,0.9204
1	Round_3_Replicate_5	-3533.05	7084.1	3416.24	857.48	18.8388,0.0962,2.978,1.7367,6.5574,2.5148,0.3323,0.9098,0.0422
1	Round_3_Replicate_7	-4094.32	8206.64	550420436.66	749.5	0.0456,0.1845,1.1715,3.0142,5.7785,7.9367,0.6344,0.1328,0.0651
1	Round_2_Replicate_15	-13891.31	27800.62	77195.84	2898.66	13.8528,0.057,10.0551,0.1723,2.1028,0.0375,3.3305,0.9748,0.4623
1	Round_3_Replicate_9	-5408.69	10835.38	5999.3	153.54	4.9659,6.5891,0.0861,3.8946,0.1747,0.0584,0.1981,6.9768,0.0213
1	Round_3_Replicate_8	-8290.6	16599.2	50608.55	248.76	7.3623,0.6734,4.8987,6.1567,0.018,0.2992,2.3809,2.0107,0.0372
1	Round_2_Replicate_9	-3660.71	7339.42	2344.97	2374.93	0.592,0.0971,2.2026,0.4144,10.3164,0.7722,0.3543,10.568,0.074
1	Round_3_Replicate_6	-5783.01	11584.02	1010302.79	91.6	0.3403,15.2301,1.0346,14.6892,0.1487,0.1786,0.8546,3.2174,0.1337
1	Round_3_Replicate_6	-5890.98	11799.96	7878.91	1120.13	17.978,0.2353,3.4899,0.8657,1.224,1.6346,0.0606,2.4358,0.3402
1	Round_2_Replicate_14	-11611.44	23240.88	3.1973874322856943e+25	274.41	0.0749,5.758,0.1252,4.3947,0.1587,11.2959,0.4355,2.1174,0.0233
1	Round_3_Replicate_8	-4276.67	8571.34	3838.99	796.55	0.0449,0.2017,1.5765,1.4847,2.1436,1.7221,0.926,0.3383,0.1711
1	Round_2_Replicate_6	-4849.06	9716.12	11914.47	1179.6	3.4228,0.0971,0.7422,1.466,0.1122,0.0646,0.0095,0.0184,0.2306
1	Round_3_Replicate_10	-5498.51	11015.02	140499.74	120.39	1.7558,9.1862,0.1909,5.5237,0.5178,0.0466,0.3768,12.3763,0.0583
1	Round_3_Replicate_9	-4287.71	8593.42	78746.63	277.7	6.883,3.5645,2.3707,1.7921,0.0119,1.7894,0.6029,7.2258,0.0482
1	Round_3_Replicate_7	-5684.08	11386.16	8674.62	209.98	0.4676,2.5804,1.3548,4.2861,0.1149,0.0625,0.4097,5.3098,0.1444
1	Round_2_Replicate_12	-12751.4	25520.8	-1164283359861638.0	207.88	6.2266,3.1719,19.8,2.4311,1.2149,19.8,19.8,0.5302,0.1838
1	Round_2_Replicate_15	-4638.66	9295.32	11508375.46	279.55	0.0714,3.0138,1.3496,6.2032,0.0763,0.8965,0.1386,1.1296,0.0088
1	Round_3_Replicate_7	-3332.36	6682.72	39462.9	1398.42	18.8388,0.278,7.4791,0.6103,3.993,4.8069,0.0771,6.6632,0.0303
1	Round_2_Replicate_10	-21718.08	43454.16	262072.62	1847.94	0.015,0.1583,1.9527,0.4255,2.4496,0.5662,0.9761,18.8388,0.9898
1	Round_3_Replicate_9	-3665.12	7348.24	236337061.83	921.18	0.2165,0.4626,0.4575,1.4778,1.7325,5.6631,0.0688,0.2381,0.0316
1	Round_3_Replicate_11	-4718.53	9455.06	29463505.32	123.72	0.4564,5.3541,0.2158,6.1532,0.934,0.2045,0.3094,18.8388,0.0167
1	Round_3_Replicate_10	-4091.96	8201.92	4792.38	378.88	2.576,1.9621,5.9234,2.5714,0.0892,0.6837,0.7715,0.7554,0.0218
1	Round_3_Replicate_8	-3688.22	7394.44	14084.76	201.57	0.5434,3.4241,1.2052,6.54,0.3225,0.3253,0.6892,2.1427,0.0597
1	Round_2_Replicate_7	-10215.24	20448.48	14655754.37	342.21	10.1641,1.7816,8.3771,19.8,0.0517,0.1329,0.3399,0.0495,0.5369
1	Round_3_Replicate_1	-6846.51	13711.02	578508478.64	421.1	0.0258,0.569,4.0577,11.1671,0.3287,2.9443,0.449,0.8772,0.0362
1	Round_3_Replicate_8	-6450.94	12919.88	11501.21	2000.93	7.143,0.2073,3.1987,0.2664,0.7875,1.9226,0.0984,0.7876,0.0961
1	Round_3_Replicate_10	-5592.74	11203.48	7899.93	1122.95	0.1821,0.1346,1.8274,0.8459,1.7963,1.6051,0.5037,0.1698,0.2036
1	Round_3_Replicate_12	-3451.51	6921.02	3191.3	95.27	3.1777,5.03,0.0598,14.0024,0.282,0.0443,0.0638,8.3886,0.0537
1	Round_3_Replicate_1	-5876.19	11770.38	11911.43	2157.47	0.4877,0.0228,0.5926,0.556,7.3872,0.0128,4.1993,3.7739,0.0398
1	Round_3_Replicate_11	-6566.9	13151.8	560299.74	398.07	1.1467,0.5464,1.0983,6.1845,0.0199,1.7903,1.0884,1.082,0.0391
1	Round_3_Replicate_9	-5867.84	11753.68	6784.29	159.44	1.117,8.0617,0.4877,4.1396,0.2486,0.0589,2.0546,2.984,0.0982
1	Round_3_Replicate_9	-4682.23	9382.46	538796250.62	1272.07	18.8388,0.2382,1.0392,1.6438,0.8878,9.139,0.8931,0.6116,0.037
1	Round_3_Replicate_11	-5029.88	10077.76	7416649.55	1676.66	0.0258,0.3952,3.9572,0.438,1.5057,10.9784,0.08,0.3628,0.248
1	Round_3_Replicate_2	-4121.56	8261.12	5600588.19	279.21	0.0105,3.2018,0.8799,4.4808,0.5197,0.8243,0.5546,1.2881,0.0602
1	Round_2_Replicate_8	-4753.46	9524.92	9786.33	520.83	18.9026,0.5093,17.8932,3.3809,0.1916,0.0528,0.3485,0.0823,0.0327
1	Round_3_Replicate_13	-6280.46	12578.92	8591.02	238.66	2.2715,6.8437,0.6148,3.3129,0.2661,0.033,0.4773,1.2934,0.0811
1	Round_3_Replicate_12	-4498.16	9014.32	297690.78	318.11	2.9816,3.7945,1.8521,1.7356,0.0644,1.907,0.2044,2.3526,0.0989
1	Round_2_Replicate_13	-15061.22	30140.44	5.267372212323981e+21	406.43	0.6544,1.5306,2.7263,2.0573,4.8898,18.4268,19.5552,5.1806,0.6322
1	Round_3_Replicate_2	-3349.69	6717.38	1960.04	1646.0	2.2466,0.0631,0.0747,0.7201,12.8387,0.0273,2.053,2.5064,0.0153
1	Round_3_Replicate_10	-5398.11	10814.22	6048.89	141.67	0.4633,11.6068,0.7116,3.7818,0.1769,0.2462,1.2182,3.4358,0.0521
1	Round_3_Replicate_10	-6293.73	12605.46	1158852.17	1739.2	18.8388,0.1074,0.9592,1.6516,0.9588,9.6085,0.6265,0.5674,0.0811
1	Round_3_Replicate_12	-4869.85	9757.7	14721019.13	1630.34	0.0687,0.2488,1.9619,0.9785,1.3705,8.8908,0.3104,0.8257,0.2292
1	Round_3_Replicate_3	-3452.93	6923.86	7862.81	320.56	0.0179,0.4233,4.3024,4.7634,1.497,1.0217,0.6396,8.5528,0.0449
1	Round_2_Replicate_11	-6660.82	13339.64	10829.27	428.22	0.6039,0.0382,0.5389,2.9608,18.8388,0.234,1.5046,16.5242,0.4657
1	Round_3_Replicate_14	-4039.02	8096.04	3145.38	115.05	0.4374,6.3214,0.1033,6.1237,0.1875,0.0939,0.0712,12.3814,0.0249
1	Round_3_Replicate_13	-5383.46	10784.92	9529.39	514.85	3.7685,0.9929,3.8647,1.6729,0.0434,1.0325,1.0306,2.7417,0.1362
1	Round_3_Replicate_11	-4703.08	9424.16	9308.38	114.07	0.272,4.8011,2.0142,14.6892,0.0666,0.1186,0.6789,4.0602,0.0239
1	Round_3_Replicate_13	-4947.21	9912.42	76882.31	529.71	0.0929,0.1002,4.2026,5.2646,13.003,3.6952,0.4194,0.6639,0.2585
1	Round_2_Replicate_9	-16592.19	33202.38	83422.14	471.08	17.0879,2.3767,2.3738,2.8124,0.5866,0.2117,0.0256,0.4533,0.9168
1	Round_3_Replicate_11	-5884.36	11786.72	9464.1	1372.9	13.5698,0.1462,6.6108,1.1415,1.216,3.3803,0.0674,2.3504,0.2865
1	Round_3_Replicate_3	-3730.56	7479.12	2589.96	2001.68	1.873,0.1088,0.131,0.5176,7.8219,0.1307,1.0532,8.6907,0.0547
1	Round_3_Replicate_4	-5809.57	11637.14	27537074160.58	457.49	0.0322,0.7735,5.0533,8.2876,0.2537,3.4143,0.9112,1.8317,0.0391
1	Round_3_Replicate_15	-3550.19	7118.38	2902.28	305.2	2.6117,0.975,0.6486,5.1765,0.5331,0.2305,0.5973,1.6472,0.0377
1	Round_3_Replicate_14	-4497.91	9013.82	7340.87	287.52	4.182,2.9494,3.5344,3.9692,0.0315,0.4694,0.3259,1.359,0.0268
1	Round_3_Replicate_12	-3682.67	7383.34	62186.67	75.58	1.0777,8.1418,0.2516,17.9243,0.0643,0.1957,5.2991,6.239,0.0634
1	Round_3_Replicate_14	-3758.14	7534.28	10017.54	1169.07	0.2744,0.3548,0.4667,0.6618,5.1661,2.3926,0.1735,0.2669,0.0534
1	Round_3_Replicate_12	-4255.76	8529.52	4310.4	3399.78	18.8388,0.066,1.5843,0.2578,6.6442,1.5057,0.1738,1.7052,0.0299
1	Round_2_Replicate_14	-5934.41	11886.82	5530416844723.39	1076.11	0.5477,0.6068,19.9649,0.5488,0.7634,19.9649,19.0747,0.7465,0.0476
1	Round_3_Replicate_5	-6460.37	12938.74	3201524838759.45	582.14	0.0407,0.4722,0.7673,13.9611,1.7312,6.3642,2.2317,6.1777,0.0254
1	Round_2_Replicate_10	-4720.9	9459.8	8769.86	762.29	2.4833,0.2132,0.8962,18.8388,0.2302,0.0513,0.0599,0.0478,0.0391
1	Round_3_Replicate_15	-8645.52	17309.04	33425.84	569.98	4.0938,0.8404,2.9388,1.0238,0.0111,0.4076,1.3672,4.5543,0.0777
1	Round_3_Replicate_13	-5337.19	10692.38	144337.25	123.42	0.4721,13.0056,1.8501,8.6242,0.3439,0.054,1.3629,2.1837,0.033
1	Round_4_Replicate_1	-3427.45	6872.9	1950.71	480.67	0.417,0.6988,0.0352,2.1889,1.7613,0.0393,0.3068,3.9467,0.0253
1	Round_3_Replicate_13	-8609.64	17237.28	233775.72	1589.53	18.8388,0.0746,5.2889,3.0121,1.0517,10.228,0.2551,0.4967,0.1757
1	Round_3_Replicate_15	-3763.91	7545.82	511504.99	455.79	0.1465,0.2465,2.1639,5.6937,9.7043,1.0848,0.6753,0.1442,0.0325
1	Round_3_Replicate_6	-3335.6	6689.2	144181.3	442.47	0.0352,1.3783,1.8954,2.2813,0.5091,1.4746,1.2613,0.953,0.0308
1	Round_3_Replicate_14	-5631.75	11281.5	71370530800.12	106.56	0.6273,9.3774,0.2385,14.6892,0.2855,0.4516,0.3842,3.4163,0.0397
1	Round_3_Replicate_14	-3552.18	7122.36	2555.25	934.78	9.0506,0.3614,1.5891,1.0572,1.2988,1.3243,0.0983,0.4682,0.0429
1	Round_4_Replicate_1	-4798.83	9615.66	5126.1	311.91	16.5225,3.0446,1.2103,1.9943,0.0759,0.9367,1.562,0.9684,0.1549
1	Round_2_Replicate_11	-6474.77	12967.54	3739219806409.32	847.56	3.5285,1.1834,0.321,18.8388,0.1774,0.6841,0.0495,0.0107,0.0307
1	Round_4_Replicate_2	-2992.62	6003.24	9800.03	216.66	1.1127,1.0473,0.0768,6.3223,1.7607,0.0716,0.1961,5.6645,0.0202
1	Round_4_Replicate_1	-3590.99	7199.98	1725541.46	936.77	0.1177,0.6832,0.4989,0.9275,0.8933,4.7243,0.0378,0.3844,0.0394
1	Round_2_Replicate_15	-9190.88	18399.76	345906872623.46	422.87	7.1746,0.1714,3.4017,1.6208,0.3912,19.9649,19.0747,0.1883,0.1417
1	Round_3_Replicate_7	-4798.12	9614.24	18845742763.49	178.66	0.0092,1.2517,0.666,14.4598,1.944,1.1291,0.6303,2.9019,0.0101
1	Round_3_Replicate_15	-4531.31	9080.62	7118.15	89.56	0.2724,10.11,0.5635,12.6761,0.0361,0.1214,2.3219,5.1558,0.0136
1	Round_3_Replicate_4	-3414.42	6846.84	2465.15	2085.24	0.6424,0.1114,0.1311,0.5155,14.6892,0.0563,7.0758,17.8519,0.0304
1	Round_3_Replicate_15	-4551.11	9120.22	2785015.63	1248.19	6.7647,0.4907,4.1145,0.4351,5.1455,6.709,0.0852,2.8129,0.047
1	Round_4_Replicate_2	-5271.76	10561.52	7473.68	363.55	7.0734,1.8537,1.2289,1.7158,0.0548,0.8713,2.7307,0.4913,0.0774
1	Round_3_Replicate_1	-5111.44	10240.88	2300863184.9	636.46	3.243,0.6548,14.2646,0.9883,3.6695,6.3482,17.9243,3.5834,0.0593
1	Round_3_Replicate_8	-6697.68	13413.36	198059921354037.75	342.05	0.0449,1.1919,2.6628,15.6946,0.6465,4.1297,0.8971,8.76,0.0755
1	Round_4_Replicate_3	-3062.1	6142.2	3770.44	205.51	0.4968,1.5049,0.0803,5.5616,1.2055,0.0724,0.1457,7.7765,0.0069
1	Round_4_Replicate_2	-3293.25	6604.5	12682.86	1119.26	0.2123,0.3243,0.7945,0.8069,2.7684,3.4931,0.0432,0.4574,0.0361
1	Round_2_Replicate_12	-12157.1	24332.2	1322141491473151.8	780.69	18.8388,2.3171,0.4741,5.6176,0.8819,0.8062,0.0431,0.0279,0.5914
1	Round_4_Replicate_1	-3587.84	7193.68	1470700.97	98.49	0.3174,4.5142,0.7997,14.2097,0.1106,0.3893,1.4522,12.5983,0.0597
1	Round_3_Replicate_9	-4072.36	8162.72	468393709.01	412.73	0.0109,0.9839,0.9831,4.2518,2.2064,1.6734,0.4169,0.8113,0.0416
1	Round_2_Replicate_12	-4193.89	8405.78	3860.57	3014.94	0.2506,0.0901,1.1448,0.3115,18.4268,2.2662,2.3933,19.5552,0.1705
1	Round_4_Replicate_3	-4271.19	8560.38	8121498291.35	298.13	17.4304,2.1842,0.6215,4.9116,0.0543,2.1337,1.3242,0.7173,0.0654
1	Round_3_Replicate_2	-5401.74	10821.48	7516278.23	347.51	10.0953,2.447,17.6754,1.258,0.4863,3.1143,10.8147,18.8388,0.1817
1	Round_4_Replicate_4	-3726.14	7470.28	2642.48	364.48	0.9594,0.8511,0.0563,2.6136,1.0439,0.0374,0.4355,8.8671,0.0148
1	Round_3_Replicate_5	-4321.22	8660.44	3808.7	5564.91	0.4838,0.1,0.0782,0.1474,18.8388,0.0236,2.6865,9.1303,0.0091
1	Round_4_Replicate_1	-3205.95	6429.9	10703.3	1160.08	15.5938,0.1713,6.2091,0.9707,5.5315,3.3818,0.1702,14.2487,0.0344
1	Round_4_Replicate_3	-3707.42	7432.84	24360053.08	727.71	0.1682,0.4595,0.6661,2.5118,1.3805,3.5863,0.0762,0.4111,0.0336
1	Round_4_Replicate_2	-3509.08	7036.16	2214771.5	76.01	0.5226,7.8771,0.4063,15.0932,0.0671,0.3084,0.8954,15.6737,0.0528
1	Round_2_Replicate_13	-6153.59	12325.18	15273.55	894.29	17.5674,0.1165,13.1875,4.0605,0.0388,0.4485,0.0387,0.0459,0.2839
1	Round_2_Replicate_13	-18568.89	37155.78	140127.5	223.94	0.2077,0.6756,2.3532,4.6647,1.1094,0.1482,1.4084,19.8,0.9796
1	Round_3_Replicate_10	-4243.73	8505.46	18163422985.06	181.07	0.0174,1.9133,5.0018,6.1241,1.6917,1.1694,1.2416,8.5646,0.0073
1	Round_3_Replicate_3	-8404.29	16826.58	19910.15	430.77	10.2697,2.7568,17.8712,0.3568,0.8361,1.6035,18.8388,11.7796,0.0467
1	Round_3_Replicate_6	-3701.05	7420.1	2575.08	1920.98	0.7329,0.1462,0.5464,0.5124,6.3575,0.0499,2.1278,3.6803,0.0126
1	Round_4_Replicate_4	-3767.6	7553.2	3424.19	264.86	8.5089,2.1969,0.9564,2.8934,0.1448,0.9669,4.3049,0.8287,0.0631
1	Round_4_Replicate_5	-3367.03	6752.06	2381.08	188.97	0.5377,0.8231,0.062,7.1193,0.5839,0.1165,0.489,7.6364,0.0131
1	Round_4_Replicate_4	-3728.72	7475.44	248480762.94	952.14	0.269,0.4083,0.3832,1.3609,3.1157,5.8123,0.0855,0.2297,0.0438
1	Round_4_Replicate_3	-3878.42	7774.84	712947.2	126.09	0.4506,4.7761,0.5495,11.5241,0.0992,0.3839,1.041,4.7328,0.0462
1	Round_2_Replicate_14	-12106.48	24230.96	67720.45	1595.18	0.2882,0.0709,0.2472,0.4775,0.8589,0.1345,1.5115,2.5869,0.4372
1	Round_3_Replicate_4	-8047.55	16113.1	13707.49	349.99	1.1248,1.7053,8.89,1.6875,0.9209,0.4941,2.2875,6.3287,0.5318
1	Round_4_Replicate_2	-3186.06	6390.12	10295.39	1598.07	11.8485,0.2085,7.6554,0.5731,4.5586,4.6912,0.145,11.2546,0.0172
1	Round_3_Replicate_11	-5677.29	11372.58	203728776.54	693.63	0.055,0.4267,1.2562,4.6693,0.3317,4.2401,0.549,1.5547,0.0597
1	Round_2_Replicate_14	-21493.45	43004.9	632906.56	539.0	3.2123,0.0914,0.4402,18.8388,0.0352,0.3781,0.3499,0.0663,0.9297
1	Round_4_Replicate_5	-4294.1	8606.2	363305070.17	285.61	17.4586,1.9597,1.2551,4.9503,0.0308,1.7736,1.8035,1.1525,0.0833
1	Round_3_Replicate_5	-7111.48	14240.96	11314.25	513.61	9.5037,1.2122,19.8,0.9513,0.3341,1.1852,3.4817,3.1809,0.4149
1	Round_2_Replicate_15	-5431.0	10880.0	96430863498.43	319.41	0.1741,1.1353,3.8182,3.6584,4.1139,1.7902,0.5037,2.894,0.1435
1	Round_4_Replicate_6	-2903.27	5824.54	1258.14	211.05	0.3637,0.9958,0.123,5.5762,1.1987,0.1078,0.1453,8.5498,0.0081
1	Round_4_Replicate_5	-3524.5	7067.0	94264.61	832.35	0.234,0.299,0.6265,2.0811,1.6596,2.9195,0.0834,0.2689,0.0403
1	Round_4_Replicate_4	-3723.84	7465.68	6560974.86	86.12	0.5059,8.1921,0.7834,14.2097,0.0539,0.3305,1.2028,9.0613,0.0257
1	Round_3_Replicate_12	-3222.04	6462.08	12606.97	365.84	0.0066,0.9281,4.5443,2.8314,0.7584,1.1061,1.0306,7.9313,0.0378
1	Round_2_Replicate_15	-5380.51	10779.02	8754.02	713.17	19.8,0.5622,0.629,3.7208,0.3328,0.0327,0.0242,0.1503,0.2487
1	Round_4_Replicate_3	-3367.89	6753.78	1596893.69	1258.9	16.5262,0.2099,6.9809,1.0189,5.1236,5.7797,0.0368,4.9378,0.0453
1	Round_3_Replicate_6	-5073.07	10164.14	5873.53	863.28	7.3768,0.6084,19.8,0.6986,2.3119,1.8755,1.6189,14.7994,0.2172
1	Round_4_Replicate_6	-5067.37	10152.74	7578.8	303.03	10.7612,2.581,0.8701,3.5949,0.0749,0.6345,1.2974,0.5002,0.1493
1	Round_4_Replicate_7	-3396.92	6811.84	2015.01	239.19	0.704,1.5196,0.0334,4.0149,0.9496,0.0907,0.4035,9.4618,0.0287
1	Round_4_Replicate_5	-3470.35	6958.7	32441.74	86.55	0.737,5.8977,0.4894,15.0932,0.0778,0.2052,1.2899,9.7742,0.0208
1	Round_4_Replicate_6	-3227.95	6473.9	108017.46	881.92	0.1347,0.4544,0.2194,1.47,1.2149,2.9829,0.0436,0.3063,0.0115
1	Round_3_Replicate_1	-3350.43	6718.86	3592.94	975.93	1.4835,0.2279,4.0592,1.082,8.0465,0.244,0.1687,9.9538,0.0202
1	Round_3_Replicate_7	-7993.86	16005.72	13753.87	462.19	1.7228,1.2675,19.8,1.1603,0.8243,0.5346,3.3763,13.8165,0.4936
1	Round_3_Replicate_1	-4656.66	9331.32	34491175.14	819.54	2.3499,0.4985,0.3404,18.8388,0.2868,0.0131,0.0259,0.0472,0.0195
1	Round_4_Replicate_4	-3627.72	7273.44	2558.57	1822.06	10.9342,0.2115,4.7078,0.4343,2.8652,3.5759,0.0378,11.0181,0.0456
1	Round_4_Replicate_7	-3801.97	7621.94	11380458.81	292.64	14.9953,2.8311,1.9264,2.7583,0.0678,1.7315,1.8628,1.2943,0.0463
1	Round_3_Replicate_13	-4800.16	9618.32	880098914567.27	300.96	0.0297,1.2838,0.5874,7.0242,0.6406,2.9827,6.286,2.0222,0.0115
1	Round_3_Replicate_8	-4315.92	8649.84	3564.62	598.29	6.7189,0.4193,19.8,1.4779,2.6823,0.9905,2.4931,4.6876,0.2019
1	Round_4_Replicate_8	-3844.97	7707.94	2976.71	428.42	0.3175,0.6791,0.0516,2.1716,1.1296,0.055,0.1565,10.6191,0.0148
1	Round_3_Replicate_7	-4387.53	8793.06	4843.66	7418.13	0.7746,0.0219,0.0609,0.1433,19.3134,0.1179,6.3547,2.9123,0.0366
1	Round_4_Replicate_6	-3455.47	6928.94	3492.23	102.4	0.5466,6.1634,0.5751,10.8948,0.1068,0.1581,1.2052,7.3948,0.0264
1	Round_4_Replicate_7	-3601.89	7221.78	11501042.77	1003.77	0.2268,0.2588,0.8157,1.5329,2.6177,5.8226,0.0504,0.2072,0.0439
1	Round_3_Replicate_2	-4963.49	9944.98	6643.3	2351.12	0.914,0.0638,2.7295,0.4098,4.391,1.1338,0.2111,11.1022,0.0857
1	Round_3_Replicate_2	-8226.81	16471.62	45050.33	675.6	2.4079,0.0758,0.5831,18.8388,0.557,0.0169,0.0625,0.102,0.0351
1	Round_3_Replicate_14	-4585.84	9189.68	65216766.33	494.03	0.028,0.5391,1.5043,5.0459,0.6534,2.6852,1.7031,9.682,0.0093
1	Round_4_Replicate_8	-3899.4	7816.8	25122390.21	239.77	14.8826,2.9822,1.9319,3.7268,0.0493,1.5871,3.0025,0.8519,0.0777
1	Round_4_Replicate_9	-3720.08	7458.16	2589.43	316.66	0.7895,1.5543,0.0799,3.0387,0.5595,0.0963,0.5074,3.5987,0.0221
1	Round_4_Replicate_7	-4444.34	8906.68	10933.13	111.77	0.3279,4.2804,0.8626,15.0932,0.0615,0.1894,1.1283,4.6262,0.0273
1	Round_4_Replicate_8	-3284.64	6587.28	339086.84	1127.95	0.1702,0.299,0.5665,0.9314,2.6497,5.0708,0.0479,0.1404,0.0206
1	Round_3_Replicate_3	-4417.07	8852.14	3671.54	1600.38	1.6569,0.2243,3.8201,0.5484,5.9129,0.5023,0.1182,4.0244,0.1608
1	Round_4_Replicate_5	-3456.48	6930.96	38358590.74	1167.63	11.7855,0.2509,6.0687,1.2166,4.4279,6.4861,0.0589,15.1088,0.018
1	Round_3_Replicate_9	-8636.67	17291.34	23590.61	325.79	4.8708,3.5483,19.8,0.3387,0.4032,2.4744,9.4868,19.8,0.0887
1	Round_3_Replicate_15	-3449.31	6916.62	4466.77	582.78	0.0297,0.743,1.0041,1.3961,1.1508,1.6144,1.6541,1.8803,0.0541
1	Round_4_Replicate_9	-4166.77	8351.54	4810.02	223.8	8.0283,2.8262,0.7498,3.9082,0.0467,0.7216,4.0577,1.1095,0.0846
1	Round_3_Replicate_3	-5221.59	10461.18	13283.26	821.28	1.0679,0.1485,0.5232,19.8,0.0841,0.0814,0.0218,0.0628,0.0356
1	Round_4_Replicate_10	-3240.99	6499.98	1689.17	207.79	0.6336,1.825,0.0744,4.662,0.6828,0.0928,0.2513,8.897,0.0083
1	Round_4_Replicate_8	-3399.01	6816.02	6042.93	83.73	0.5748,8.5424,1.2838,11.8594,0.1298,0.1446,3.0117,8.298,0.0335
1	Round_3_Replicate_10	-9740.66	19499.32	41996.88	433.01	1.6618,2.027,19.8,0.6794,1.3472,2.2208,9.0212,7.2696,0.5444
1	Round_4_Replicate_9	-3271.56	6561.12	26938.76	1041.42	0.1467,0.3737,0.4496,0.9661,1.5324,3.6076,0.046,0.4395,0.0227
1	Round_3_Replicate_4	-4366.38	8750.76	4305.02	1801.79	0.1877,0.0823,3.6015,0.5857,5.9344,0.3011,0.2868,18.8388,0.1065
1	Round_4_Replicate_10	-4688.16	9394.32	566330.23	247.72	12.2935,4.2099,1.0585,1.9655,0.0531,1.9541,3.1922,0.9433,0.1472
1	Round_3_Replicate_11	-5570.62	11159.24	49414.66	524.93	12.3568,1.7052,18.9026,0.8214,2.1275,1.3346,18.5326,12.1038,0.0669
1	Round_4_Replicate_6	-4309.07	8636.14	2361589.95	900.04	18.8388,0.5315,7.7405,0.7904,6.2194,2.4535,0.0677,11.3992,0.0256
1	Round_3_Replicate_4	-7566.57	15151.14	40737.12	609.27	0.6712,0.1453,0.745,18.8388,0.2082,0.0393,0.0888,0.1124,0.0192
1	Round_4_Replicate_1	-3860.48	7738.96	24247.52	347.41	0.0081,1.7341,5.5445,1.9911,1.0901,0.8999,0.9599,4.1862,0.0599
1	Round_4_Replicate_11	-3531.7	7081.4	2100.79	358.38	0.3939,1.2111,0.0997,2.9334,0.9973,0.038,0.4012,3.4139,0.0206
1	Round_4_Replicate_9	-3647.93	7313.86	1219419.04	116.75	0.262,7.1053,1.4123,7.9624,0.1046,0.4515,2.6501,6.1297,0.0507
1	Round_4_Replicate_10	-3386.01	6790.02	22195.55	1140.24	0.3513,0.3676,0.3351,0.7838,1.1228,4.5491,0.0456,0.1414,0.014
1	Round_3_Replicate_8	-4773.94	9565.88	6240.39	9428.46	0.814,0.0203,0.4291,0.1067,17.7365,0.0684,0.8493,13.4561,0.0176
1	Round_3_Replicate_5	-4442.58	8903.16	4099.13	2374.14	0.234,0.1868,2.5119,0.2844,5.0178,2.1609,0.1489,5.0949,0.0984
1	Round_3_Replicate_12	-4759.18	9536.36	50199334.11	1058.01	8.3255,0.2908,18.8388,2.2809,0.9656,5.8801,18.1669,3.7552,0.0588
1	Round_4_Replicate_11	-4946.61	9911.22	6371.87	228.41	17.41,3.6028,0.8991,2.8274,0.0503,0.6696,3.6313,0.6454,0.0699
1	Round_4_Replicate_7	-3257.43	6532.86	26353.05	1579.29	17.0751,0.2768,3.7386,0.5733,2.53,5.4848,0.0561,3.9835,0.025
1	Round_4_Replicate_10	-3690.45	7398.9	30116.47	91.88	0.3367,6.8466,0.5332,15.0932,0.136,0.174,2.121,5.5528,0.0573
1	Round_4_Replicate_12	-3289.0	6596.0	2795.25	271.28	0.4609,1.1493,0.0455,3.8432,1.5802,0.0512,0.2959,9.3782,0.0068
1	Round_4_Replicate_2	-3193.86	6405.72	2501612.52	377.91	0.005,1.0855,6.8977,2.7876,1.0849,1.6208,0.5299,4.6707,0.0128
1	Round_3_Replicate_5	-4744.77	9507.54	10222.65	881.21	2.7719,0.1143,2.3545,7.4889,0.0963,0.0136,0.0437,0.0349,0.0321
1	Round_3_Replicate_6	-3867.1	7752.2	2883.35	971.33	1.1717,0.3585,5.9696,0.8313,2.6678,0.5654,0.5733,9.3022,0.0496
1	Round_4_Replicate_11	-3389.41	6796.82	661695.27	904.0	0.1553,0.3221,0.5257,1.9168,1.9977,3.7096,0.0946,0.1505,0.0337
1	Round_4_Replicate_12	-4550.79	9119.58	24349.59	359.31	6.6061,1.2656,1.0727,2.8211,0.0652,1.5738,2.6681,0.5795,0.1538
1	Round_3_Replicate_13	-3870.31	7758.62	26152255.62	1067.68	1.6081,0.4466,16.8891,1.332,0.6418,5.482,4.3993,18.8388,0.0455
1	Round_4_Replicate_11	-3402.84	6823.68	2156711.73	75.34	0.6979,9.4063,1.0849,11.649,0.0997,0.3297,2.6773,15.6983,0.0282
1	Round_4_Replicate_13	-2842.85	5703.7	1317.91	313.33	0.339,0.6627,0.0878,4.41,1.7232,0.1259,0.1519,3.4869,0.0086
1	Round_4_Replicate_12	-3807.0	7632.0	123246.27	952.89	0.2876,0.8411,0.679,0.793,2.2707,3.023,0.0789,0.1427,0.0253
1	Round_4_Replicate_8	-3337.29	6692.58	486370.05	1613.84	18.8388,0.1609,5.9334,0.915,4.0442,6.5656,0.049,12.7017,0.0161
1	Round_3_Replicate_6	-4296.46	8610.92	96820.37	720.61	3.6858,0.4001,0.7585,14.6892,0.7081,0.1278,0.0953,0.0329,0.0092
1	Round_4_Replicate_3	-3235.65	6489.3	542501.61	228.42	0.0089,1.3229,2.9614,4.4253,1.1701,0.8279,1.5543,10.2962,0.015
1	Round_4_Replicate_13	-3793.93	7605.86	354415.32	400.8	7.745,2.0538,0.5272,1.8752,0.0686,2.0507,1.2541,0.9351,0.0466
1	Round_3_Replicate_14	-7188.53	14395.06	128252822670.86	324.61	1.0104,2.8237,18.6317,1.1545,3.0026,3.6202,2.7982,12.252,0.1199
1	Round_3_Replicate_7	-4636.58	9291.16	7086.15	3000.99	0.2152,0.2388,6.2619,0.2347,11.5066,0.8674,0.374,18.8388,0.0184
1	Round_4_Replicate_14	-4425.0	8868.0	10563.43	356.37	0.5009,2.2184,0.0784,2.1996,1.3361,0.1047,0.1957,3.7394,0.0195
1	Round_4_Replicate_12	-3879.93	7777.86	11384.17	104.12	0.2723,7.6404,0.5516,11.1038,0.0713,0.2075,1.1722,5.5771,0.0302
1	Round_4_Replicate_13	-3261.39	6540.78	275185.76	932.45	0.195,0.5535,0.2873,1.015,1.3479,3.7869,0.0848,0.4693,0.0137
1	Round_4_Replicate_9	-3561.35	7140.7	1728675.29	1165.16	9.9954,0.4248,11.2605,0.6541,3.3778,5.7737,0.0854,4.3672,0.0132
1	Round_3_Replicate_7	-6723.29	13464.58	30480.1	693.14	2.1679,0.1646,0.393,18.8388,0.0674,0.0798,0.2176,0.0118,0.1242
1	Round_3_Replicate_15	-5380.53	10779.06	6855.15	459.5	1.3107,1.5302,5.2663,0.8815,0.6035,0.7488,3.4448,5.5458,0.041
1	Round_4_Replicate_14	-4304.5	8627.0	328117.39	373.61	8.6294,2.3095,1.1293,1.9202,0.0491,2.1492,1.4378,0.6062,0.133
1	Round_3_Replicate_8	-3526.32	7070.64	2197.71	4877.6	1.7285,0.0561,0.5526,0.1936,17.7984,1.2934,0.4439,3.667,0.0219
1	Round_4_Replicate_15	-3852.72	7723.44	3285.01	276.81	0.3384,0.8565,0.095,3.6055,0.6432,0.0452,0.1248,10.0858,0.0094
1	Round_4_Replicate_13	-3265.96	6549.92	70638.9	78.81	0.2805,7.8746,1.1613,13.5065,0.0969,0.2133,0.8682,12.5604,0.0291
1	Round_4_Replicate_14	-3551.63	7121.26	77074.45	928.08	0.2314,0.8273,0.6895,0.8222,1.1509,3.6795,0.0954,0.2153,0.0172
1	Round_4_Replicate_10	-3828.06	7674.12	303946.18	1279.9	13.7973,0.5244,10.0316,0.4646,2.0198,6.9924,0.0871,3.7899,0.0249
1	Round_4_Replicate_15	-3870.18	7758.36	57632.24	269.86	10.9764,1.6388,1.8202,4.5429,0.0833,0.941,2.4778,1.3139,0.0409
1	Round_3_Replicate_8	-3838.08	7694.16	85439.76	1058.38	0.655,0.124,0.3468,18.8388,0.1415,0.0119,0.0216,0.014,0.0162
1	Round_4_Replicate_1	-3329.4	6676.8	42087.01	1002.95	1.3091,0.4011,12.3187,1.0854,1.1985,3.4455,6.1844,12.5079,0.0304
1	Round_4_Replicate_4	-3218.87	6455.74	105652.8	432.83	0.0043,0.8639,5.2694,2.4892,0.8321,1.5837,1.754,4.8388,0.031
1	Round_3_Replicate_9	-7702.74	15423.48	23602.73	7304.32	3.5407,0.0223,0.1321,0.1176,5.3589,0.0313,3.8587,18.8388,0.0062
1	Round_3_Replicate_9	-3864.12	7746.24	2618.22	653.88	0.9243,0.191,1.4804,1.6546,5.9523,0.6357,0.1504,19.8,0.1462
1	Round_4_Replicate_16	-3428.73	6875.46	2481.34	345.2	0.3907,0.7112,0.0557,3.6329,0.7116,0.1238,0.1366,3.3558,0.0075
1	Round_4_Replicate_14	-3291.25	6600.5	2812.56	129.54	0.1938,4.0421,0.6847,9.9219,0.2207,0.1578,1.8705,4.6383,0.032
1	Round_4_Replicate_15	-3356.18	6730.36	1077553.68	763.0	0.1554,0.4976,0.4214,2.1041,2.0778,2.5294,0.0426,0.2929,0.0344
1	Round_4_Replicate_11	-3227.69	6473.38	436112.3	1166.07	11.8467,0.1998,8.2553,1.1497,4.6248,4.8373,0.0754,4.8045,0.0228
1	Round_4_Replicate_16	-4462.5	8943.0	4615.79	276.93	8.3013,3.7998,1.5459,2.2289,0.0617,0.8916,1.6934,1.0545,0.0868
1	Round_3_Replicate_9	-6139.56	12297.12	21211.54	593.21	0.9977,0.3194,0.7969,8.6043,0.1976,0.0181,0.1881,0.0974,0.0665
1	Round_4_Replicate_15	-3036.46	6090.92	2408.2	97.06	0.23,4.7414,0.526,10.508,0.1748,0.1661,0.9268,13.395,0.0166
1	Round_4_Replicate_17	-3310.67	6639.34	2744.42	216.1	1.1252,2.2485,0.0284,6.061,0.6548,0.0987,0.4155,3.4545,0.0128
1	Round_3_Replicate_10	-3264.14	6546.28	1704.11	2432.38	2.0917,0.0561,0.4624,0.4739,19.8,0.0292,0.8653,6.4017,0.0217
1	Round_4_Replicate_16	-3298.55	6615.1	29188.15	1172.92	0.128,0.3,0.4023,0.8021,2.5938,4.1759,0.0522,0.4254,0.0315
1	Round_4_Replicate_2	-4077.85	8173.7	3673008549.6	810.91	2.3941,0.7259,18.8388,1.3367,1.1138,6.1553,5.6327,16.7743,0.054
1	Round_4_Replicate_12	-3776.24	7570.48	2959.0	1254.81	18.8388,0.3984,10.6542,0.499,2.4064,2.694,0.142,4.6172,0.0154
1	Round_4_Replicate_17	-4544.45	9106.9	13890.97	219.8	17.2871,3.9169,0.5587,5.2428,0.0869,0.6644,1.4798,1.0099,0.1526
1	Round_4_Replicate_5	-3397.32	6812.64	17957.2	477.69	0.0053,0.8149,2.9011,2.2248,0.608,1.5436,1.6169,14.7477,0.0499
1	Round_3_Replicate_10	-3563.41	7144.82	2342.15	4313.14	1.5384,0.053,3.3178,0.224,15.2441,1.3647,0.1065,13.5777,0.0278
1	Round_3_Replicate_10	-4947.42	9912.84	68736511.73	720.85	2.9042,0.5372,2.1127,15.5628,0.9186,0.0651,0.0548,0.0443,0.031
1	Round_4_Replicate_18	-3132.3	6282.6	4782.24	200.36	1.0552,1.607,0.0296,5.6471,1.1409,0.1059,0.2661,7.9297,0.0296
1	Round_4_Replicate_16	-3457.28	6932.56	23763.14	131.37	0.2982,4.4949,0.5148,8.0342,0.0732,0.3762,0.7806,8.8343,0.0223
1	Round_4_Replicate_17	-4033.58	8085.16	7637502274.57	749.95	0.377,0.6524,0.271,1.968,1.8695,5.0322,0.1029,0.3865,0.0325
1	Round_4_Replicate_13	-3559.37	7136.74	2823.9	1823.87	17.8958,0.172,7.5202,0.5605,2.2576,3.942,0.1264,3.9832,0.0346
1	Round_4_Replicate_18	-4066.65	8151.3	34705.53	242.39	12.9196,3.9605,2.0988,3.5773,0.0483,0.8822,1.3831,1.2217,0.064
1	Round_4_Replicate_3	-4956.43	9930.86	1396736820.56	1197.53	0.9059,0.3221,18.8388,2.0469,0.3686,7.2673,2.51,18.0093,0.0229
1	Round_4_Replicate_19	-4211.05	8440.1	10892.46	367.13	0.4089,1.5829,0.0721,2.3025,1.7587,0.0329,0.2252,10.187,0.0086
1	Round_3_Replicate_11	-5859.59	11737.18	16384.14	493.16	0.6232,0.4811,3.499,14.6892,0.1961,0.1208,0.2114,0.0735,0.0367
1	Round_4_Replicate_17	-3525.24	7068.48	36873.79	131.73	0.4384,6.2438,0.4487,6.6113,0.0733,0.4222,2.2851,5.9758,0.0162
1	Round_4_Replicate_18	-4340.82	8699.64	52981998947.77	849.1	0.1734,0.44,0.3377,2.3417,3.1437,6.6184,0.072,0.1927,0.0387
1	Round_4_Replicate_6	-3309.57	6637.14	1173169.85	351.92	0.0028,1.5367,3.5897,2.4479,0.7785,1.5304,0.909,4.6208,0.0158
1	Round_4_Replicate_19	-3844.26	7706.52	22956.96	280.45	8.6978,1.8848,1.4354,3.0311,0.0963,1.4364,4.0013,0.5845,0.0622
1	Round_4_Replicate_14	-3166.26	6350.52	22747.93	1023.53	18.8388,0.1758,11.9656,1.0895,6.5182,3.0858,0.1064,11.6171,0.0175
1	Round_4_Replicate_20	-3063.07	6144.14	27444.44	232.38	0.4862,1.1307,0.062,5.8685,1.8091,0.1126,0.1489,4.7577,0.0191
1	Round_4_Replicate_4	-3629.92	7277.84	295567.42	743.69	2.5083,0.5644,17.2683,1.6839,0.6375,2.9257,2.5987,14.6743,0.0571
1	Round_4_Replicate_18	-3533.08	7084.16	5133.26	116.79	0.5658,4.306,0.699,11.0621,0.1017,0.2016,1.4496,6.2575,0.0197
1	Round_4_Replicate_19	-3457.98	6933.96	7137217.12	758.21	0.3938,0.7864,0.6537,1.5171,1.2578,3.2903,0.0949,0.3296,0.0273
1	Round_3_Replicate_12	-4247.17	8512.34	35936.7	871.4	0.6901,0.4706,0.3822,9.7097,0.0835,0.1733,0.0712,0.0166,0.059
1	Round_4_Replicate_20	-4504.29	9026.58	6491.54	364.44	17.204,1.4747,1.4791,2.886,0.059,0.7622,1.3395,0.6731,0.0885
1	Round_4_Replicate_7	-3636.39	7290.78	6372.15	684.74	0.0102,0.5709,3.8379,1.6138,0.4654,1.8655,0.7573,8.793,0.0232
1	Round_4_Replicate_15	-4096.19	8210.38	6741.51	1814.59	15.8319,0.286,8.4294,0.3494,6.6944,3.5918,0.0989,3.2055,0.0427
1	Round_4_Replicate_19	-3529.37	7076.74	36129.07	102.33	0.649,5.5815,0.5198,13.0825,0.1096,0.2219,1.1442,6.511,0.0251
1	Round_4_Replicate_20	-3554.92	7127.84	515245.79	816.21	0.2763,0.2944,0.7273,2.2098,2.0049,3.3516,0.0716,0.3071,0.042
1	Round_3_Replicate_13	-7613.83	15245.66	45443.07	783.12	1.1027,0.0774,1.1937,17.4473,0.1669,0.1308,0.0146,0.0839,0.0382
1	Round_4_Replicate_5	-3555.35	7128.7	22882944.61	963.55	1.73,0.5092,9.0482,1.2859,0.915,5.0383,7.8484,18.8388,0.0228
1	Round_4_Replicate_20	-3229.5	6477.0	51546.04	99.18	0.2105,6.5471,0.8773,10.0864,0.1201,0.2698,1.1031,9.9398,0.0163
1	Round_4_Replicate_16	-3276.24	6570.48	3284.52	1820.57	17.0751,0.1434,11.2464,0.5263,6.471,4.3324,0.0679,6.0884,0.0392
1	Round_3_Replicate_11	-3854.27	7726.54	2966.54	7308.44	1.4594,0.0392,2.375,0.1255,19.8,1.3107,0.6825,19.8,0.026
1	Round_3_Replicate_14	-6193.4	12404.8	15107.2	573.31	0.631,0.3664,0.2435,19.8,0.3071,0.0897,0.0219,0.1659,0.1436
1	Round_4_Replicate_8	-3205.09	6428.18	3087870.19	314.8	0.0045,1.0556,2.4184,4.0338,0.9706,1.3662,1.2993,4.8171,0.0184
1	Round_3_Replicate_11	-3477.76	6973.52	2256.2	4426.88	0.4487,0.0382,0.4649,0.2484,19.9649,0.0433,6.0893,19.0747,0.0054
1	Round_3_Replicate_12	-5665.09	11348.18	105538.52	3763.45	0.4921,0.205,3.0515,0.1823,18.8388,2.316,0.3707,2.776,0.1722
1	Round_4_Replicate_17	-3587.32	7192.64	24287.14	1682.33	17.0751,0.315,3.7755,0.3936,3.8273,6.3035,0.0418,9.4749,0.0153
1	Round_3_Replicate_15	-10355.39	20728.78	123154.85	577.82	5.6312,0.105,0.2926,18.8388,0.0833,0.0573,0.0946,0.1573,0.1029
1	Round_4_Replicate_6	-4420.41	8858.82	39076688046.54	859.35	1.8602,0.8632,17.4437,1.1612,0.3939,7.7688,2.4825,16.6213,0.0524
1	Round_4_Replicate_18	-3607.84	7233.68	2491.82	2084.58	18.8388,0.1688,5.0746,0.3772,4.082,3.4265,0.0767,12.6921,0.0343
1	Round_4_Replicate_9	-3942.2	7902.4	24281.98	548.13	0.0039,0.5539,6.586,2.649,0.4642,1.7166,1.1263,8.8225,0.0451
1	Round_3_Replicate_12	-4502.95	9023.9	5916.67	4289.06	0.4094,0.125,0.8961,0.2019,18.8388,0.0202,10.4782,7.9181,0.0769
1	Round_3_Replicate_13	-3959.32	7936.64	3184.37	3706.55	0.6257,0.0507,5.39,0.2795,13.0224,0.4643,0.5566,19.8,0.0751
1	Round_4_Replicate_1	-3955.22	7928.44	509066.66	1076.9	0.6517,0.1961,0.1778,18.8388,0.0899,0.0095,0.0323,0.0081,0.0245
1	Round_4_Replicate_7	-3959.28	7936.56	166239481.79	960.95	0.9513,0.7152,9.0423,0.8367,1.0223,6.9704,2.5985,12.5155,0.0501
1	Round_4_Replicate_19	-3582.62	7183.24	36738326.62	976.73	16.1492,0.3526,7.1918,1.0884,4.4681,5.4407,0.0395,12.7926,0.0289
1	Round_4_Replicate_10	-3131.42	6280.84	23630.22	253.51	0.0049,1.3966,6.5207,4.026,0.5395,0.8068,0.9752,12.381,0.0181
1	Round_5_Replicate_1	-2812.91	5643.82	4081.81	381.37	0.4126,0.7681,0.4031,3.2779,1.5822,0.4885,0.323,2.3632,0.0002
1	Round_4_Replicate_8	-3472.74	6963.48	4474969.98	673.22	2.5108,0.6228,12.6757,1.93,0.8214,3.1417,3.7301,18.8388,0.0262
1	Round_4_Replicate_2	-3853.23	7724.46	30714.08	1103.26	0.4607,0.0966,0.2806,17.719,0.0765,0.0113,0.0153,0.0135,0.0255
1	Round_3_Replicate_14	-3225.21	6468.42	1910.02	1284.87	0.9809,0.0774,4.0848,0.9157,17.0542,0.2173,1.3065,16.2824,0.0203
1	Round_3_Replicate_13	-3332.42	6682.84	1836.96	3639.05	2.8373,0.0519,0.1142,0.3001,19.5012,0.0654,1.7704,15.4818,0.0103
1	Round_5_Replicate_1	-2854.68	5727.36	7759.64	388.87	5.4441,0.8837,0.4928,2.8803,1.3378,0.8799,2.2504,0.8928,0.0007
1	Round_4_Replicate_20	-3242.21	6502.42	76085.33	1916.54	16.5357,0.2465,9.0457,0.4756,2.6864,7.331,0.0888,3.7218,0.0154
1	Round_5_Replicate_1	-3033.8	6085.6	17770.75	648.48	0.2898,0.6881,0.1616,1.505,1.1282,1.8721,0.0087,1.6804,0.0002
1	Round_4_Replicate_11	-3226.16	6470.32	7837.42	304.75	0.0069,1.3316,6.9843,2.793,1.0712,0.6585,1.0082,5.9589,0.0166
1	Round_3_Replicate_14	-3323.35	6664.7	2100.25	997.61	2.2876,0.0727,0.2007,1.3059,9.2804,0.1218,1.1705,1.6875,0.0099
1	Round_4_Replicate_9	-3607.86	7233.72	659752.97	983.85	2.9983,0.547,17.4982,1.1154,0.4382,4.2041,7.2127,18.0804,0.0286
1	Round_3_Replicate_15	-3449.65	6917.3	2121.98	1874.05	0.6616,0.0561,1.3144,0.5861,13.0982,1.8825,0.5354,8.7103,0.0344
1	Round_4_Replicate_3	-4131.2	8280.4	6344.24	1047.99	0.3343,0.0883,0.4842,16.5225,0.2531,0.0086,0.0284,0.0131,0.0285
1	Round_5_Replicate_1	-2795.54	5609.08	2492.45	89.18	0.0949,2.2202,0.8523,14.662,0.5472,0.0777,1.0175,15.7326,0.004
1	Round_3_Replicate_15	-4408.2	8834.4	3784.57	4023.52	0.5421,0.1293,0.3407,0.2021,11.8503,0.1176,1.5904,1.5943,0.0315
1	Round_4_Replicate_12	-3295.3	6608.6	7138538.74	311.84	0.0134,1.2721,3.7588,3.8905,0.6726,1.4883,0.5138,7.6701,0.0164
1	Round_4_Replicate_10	-4094.68	8207.36	337023388.42	1066.45	1.1935,0.5321,18.9026,1.1914,0.6588,6.7069,3.9927,18.1856,0.0845
1	Round_4_Replicate_1	-3206.73	6431.46	1674.36	2069.45	1.1383,0.0633,0.732,0.5609,19.3134,0.0288,1.0678,4.1455,0.0145
1	Round_4_Replicate_4	-3820.16	7658.32	31508.49	1055.6	0.6533,0.1483,0.3077,10.6204,0.2262,0.0096,0.0332,0.0116,0.0264
1	Round_4_Replicate_13	-3401.3	6820.6	2863.71	316.33	0.0049,0.6767,8.2845,3.7552,0.6811,0.7163,0.8946,15.962,0.0159
1	Round_4_Replicate_1	-3369.4	6756.8	1983.84	1862.14	1.1363,0.0568,3.1011,0.6231,14.1327,0.185,1.6752,10.9285,0.0191
1	Round_4_Replicate_14	-3808.87	7635.74	552962.77	281.89	0.0153,1.5812,8.5071,2.6041,1.3205,1.0502,0.6137,13.0298,0.0302
1	Round_4_Replicate_11	-4530.83	9079.66	602245323.38	983.21	3.2756,0.373,17.0271,2.2281,1.0445,6.1667,7.5163,18.6317,0.0632
1	Round_4_Replicate_5	-3891.08	7800.16	9785.4	1094.21	0.7368,0.0848,0.2466,16.5225,0.1135,0.0084,0.0089,0.0192,0.0112
1	Round_4_Replicate_2	-3221.89	6461.78	1805.4	1835.45	2.5617,0.069,0.433,0.6364,19.0805,0.0163,1.0623,6.8574,0.0187
1	Round_4_Replicate_15	-3389.75	6797.5	2231.38	325.11	0.0036,1.4839,3.9073,2.5564,0.4137,0.6528,0.5469,5.4886,0.0315
1	Round_4_Replicate_2	-3207.63	6433.26	1636.99	1942.21	0.6181,0.0956,2.6788,0.5575,13.0601,0.2846,1.8625,17.2871,0.0093
1	Round_4_Replicate_12	-4750.35	9518.7	118467527.96	1514.63	3.1637,0.2334,17.571,1.508,0.8066,8.3737,6.5297,9.6814,0.0418
1	Round_4_Replicate_6	-3903.64	7825.28	95553.91	962.35	0.4335,0.237,0.3034,18.6317,0.1713,0.009,0.0263,0.0255,0.0077
1	Round_5_Replicate_2	-2789.65	5597.3	2409.76	296.53	0.6562,0.7269,0.1236,4.4214,1.6557,0.2716,0.1078,3.9771,0.0007
1	Round_4_Replicate_16	-3188.25	6394.5	254750.27	241.29	0.0091,1.3385,8.5097,4.6626,0.7675,0.8938,0.5588,9.5889,0.0374
1	Round_4_Replicate_3	-3597.46	7212.92	2293.13	3413.94	1.1511,0.0736,0.4859,0.3023,14.2705,0.0177,0.5714,7.6759,0.0304
1	Round_5_Replicate_2	-2828.13	5674.26	8090.91	263.19	17.431,1.3854,1.2279,4.5668,0.8158,0.612,2.9786,0.977,0.0063
1	Round_5_Replicate_2	-3241.59	6501.18	14279.56	879.95	0.07,0.6253,0.0628,1.0532,0.8071,2.8279,0.011,0.4968,0.0001
1	Round_4_Replicate_13	-3438.96	6895.92	93380.56	1357.25	2.0058,0.3201,17.9367,0.8338,1.1723,4.9243,6.5374,18.0483,0.0294
1	Round_4_Replicate_3	-3162.58	6343.16	1666.3	1114.69	0.6462,0.1303,3.8544,1.0003,10.0191,0.2787,2.4957,17.0751,0.0101
1	Round_4_Replicate_7	-3777.41	7572.82	12516.05	1064.59	0.5617,0.142,0.2397,14.3254,0.0865,0.0202,0.0358,0.0106,0.0118
1	Round_5_Replicate_2	-2794.63	5607.26	2561.77	92.44	0.2916,2.1323,0.4723,14.1852,0.5701,0.0806,1.0002,15.1932,0.0034
1	Round_4_Replicate_4	-3416.73	6851.46	1955.15	3738.96	2.0268,0.0542,0.41,0.2896,19.8,0.0351,0.675,3.9696,0.0262
1	Round_5_Replicate_1	-3059.63	6137.26	18880.05	1226.21	8.5579,0.2164,11.5508,0.8732,3.9863,3.7396,0.1042,5.4555,0.0009
1	Round_4_Replicate_17	-3599.65	7217.3	11394.1	368.85	0.0042,0.8445,4.4328,3.4882,0.4123,1.0746,0.9254,7.4998,0.0394
1	Round_4_Replicate_14	-3536.35	7090.7	105854.43	1246.79	1.3636,0.4844,12.0923,0.728,0.5014,5.107,6.788,12.1287,0.0187
1	Round_4_Replicate_5	-3369.9	6757.8	1857.28	2866.52	1.3883,0.0592,0.4216,0.3906,19.3134,0.0344,0.9708,4.3263,0.0362
1	Round_4_Replicate_8	-3926.1	7870.2	122436.63	939.0	0.9907,0.2115,0.6738,11.1772,0.0801,0.008,0.0446,0.0159,0.0117
1	Round_4_Replicate_18	-3965.12	7948.24	57033.02	374.9	0.0086,1.5307,2.4504,1.6428,1.3322,1.2204,1.5778,6.3178,0.0229
1	Round_4_Replicate_15	-4218.23	8454.46	39958562856.45	927.35	2.8796,0.6006,12.3339,1.5308,0.9636,7.3197,6.2736,13.8652,0.0266
1	Round_4_Replicate_4	-3232.39	6482.78	1796.83	1563.36	0.9953,0.0628,2.3314,0.7557,19.8,0.1901,1.4263,15.9955,0.0218
1	Round_4_Replicate_9	-3867.07	7752.14	88939.02	970.32	0.7589,0.2064,0.3958,18.8388,0.1385,0.0076,0.0509,0.0075,0.0077
1	Round_4_Replicate_19	-3395.56	6809.12	2843.62	510.77	0.0123,0.8169,3.1134,1.4819,1.1319,1.2697,0.8531,10.1903,0.017
1	Round_4_Replicate_16	-4227.85	8473.7	464362864.69	820.37	1.0731,0.5281,9.0698,2.1546,0.7049,4.9822,3.1711,12.3828,0.0615
1	Round_4_Replicate_6	-3345.43	6708.86	1878.28	3451.06	3.426,0.0672,0.5059,0.3089,19.3134,0.0158,1.7096,13.2133,0.0116
1	Round_5_Replicate_3	-2796.83	5611.66	3560.23	212.01	0.8739,1.078,0.2092,6.0541,1.2075,0.2041,0.3982,5.9719,0.0015
1	Round_4_Replicate_10	-3793.32	7604.64	185696.83	1127.63	0.424,0.089,0.3217,16.1665,0.1826,0.016,0.0145,0.0097,0.0095
1	Round_4_Replicate_20	-3373.14	6764.28	14004908.18	283.9	0.0026,1.0848,3.896,4.3341,1.146,1.4665,1.0016,13.3564,0.0201
1	Round_4_Replicate_5	-3250.61	6519.22	1710.85	2433.07	1.426,0.0648,4.6693,0.4583,19.3134,0.3253,1.2129,12.5898,0.0247
1	Round_4_Replicate_17	-3718.57	7455.14	663580.35	1004.27	1.0341,0.4235,9.7077,1.3201,0.7169,4.1116,9.7351,10.1614,0.0496
1	Round_5_Replicate_3	-3050.16	6118.32	2738032.83	280.49	16.0944,1.3825,1.6083,3.9487,0.6585,1.2518,3.2829,0.9838,0.0004
1	Round_5_Replicate_3	-2991.21	6000.42	3631.43	756.26	0.1307,0.4655,0.1597,1.4307,1.5648,1.6536,0.2014,1.1051,0.0001
1	Round_4_Replicate_7	-3249.17	6516.34	1724.65	2456.83	2.1174,0.0624,0.3099,0.4642,19.923,0.0184,1.5372,5.0585,0.0198
1	Round_4_Replicate_11	-3791.72	7601.44	101779.99	1088.4	0.6018,0.1116,0.3753,11.9587,0.0677,0.0128,0.0227,0.0104,0.0142
1	Round_5_Replicate_3	-2800.85	5619.7	2301.94	93.97	0.1294,2.1016,0.346,14.0725,0.5769,0.0768,0.5343,14.9422,0.0068
1	Round_4_Replicate_18	-4212.68	8443.36	1715715764.16	948.9	2.1605,0.5298,18.9026,1.7508,0.4487,6.0123,7.1739,18.0783,0.0346
1	Round_4_Replicate_8	-3256.26	6530.52	1717.75	2694.53	1.2419,0.0619,0.4108,0.4179,19.8,0.0232,0.4893,4.7173,0.0173
1	Round_4_Replicate_6	-3204.25	6426.5	1909.79	1235.34	1.0065,0.0971,6.3519,0.9414,14.2097,0.132,0.9617,11.0054,0.0165
1	Round_4_Replicate_12	-3919.93	7857.86	180608.51	1016.03	0.509,0.1656,0.4866,12.4096,0.2869,0.0085,0.0156,0.0226,0.0241
1	Round_4_Replicate_19	-3947.06	7912.12	9211732.24	1164.22	1.2049,0.4378,17.204,1.1509,0.4274,5.659,10.0719,11.0245,0.0552
1	Round_4_Replicate_9	-3297.77	6613.54	1865.0	2062.54	3.132,0.066,0.4074,0.5602,19.8,0.0546,0.5721,3.3789,0.0342
1	Round_5_Replicate_2	-3060.35	6138.7	37028.08	1854.39	4.3075,0.1439,13.4384,0.5962,6.0186,6.0357,0.1122,4.3602,0.001
1	Round_4_Replicate_7	-3208.75	6435.5	1604.47	2258.71	1.79,0.0676,2.7582,0.4878,15.476,0.4296,2.388,11.8497,0.0103
1	Round_4_Replicate_13	-3976.16	7970.32	1213496.05	1022.31	0.7822,0.1836,0.5116,9.4513,0.1131,0.0084,0.0201,0.0188,0.0232
1	Round_4_Replicate_20	-5331.29	10680.58	41951030185923.01	792.19	2.1734,0.6997,14.3857,2.366,1.2051,8.6677,3.1317,18.0501,0.0407
1	Round_4_Replicate_10	-3245.79	6509.58	1855.09	1447.72	1.6999,0.0799,0.5531,0.8119,16.43,0.048,0.5309,9.1521,0.0247
1	Round_4_Replicate_14	-3793.73	7605.46	59919.76	1087.39	0.4833,0.1072,0.3629,17.0751,0.2308,0.0187,0.0284,0.0065,0.0182
1	Round_5_Replicate_4	-2790.7	5599.4	2372.17	292.75	0.3067,0.723,0.0862,4.4589,1.647,0.2733,0.2305,4.2479,0.0017
1	Round_5_Replicate_4	-2965.44	5948.88	14636.76	727.45	0.1027,0.5312,0.2987,1.5557,1.6613,1.7878,0.0663,0.85,0.003
1	Round_5_Replicate_4	-2902.23	5822.46	20911.96	238.27	16.2689,1.8516,1.7984,4.7486,0.5261,0.7404,3.2475,0.8328,0.0067
1	Round_4_Replicate_11	-3242.17	6502.34	1727.42	1664.07	1.6284,0.0535,0.4705,0.7209,18.6498,0.0255,0.9801,5.5585,0.0118
1	Round_4_Replicate_8	-3226.74	6471.48	2008.28	1390.33	0.9944,0.1018,3.0477,0.8092,14.1463,0.3382,1.1014,17.2125,0.0217
1	Round_5_Replicate_4	-2793.86	5605.72	2406.47	81.27	0.1798,2.3721,0.5458,16.2364,0.5047,0.0678,0.6168,17.6561,0.0024
1	Round_4_Replicate_15	-3944.12	7906.24	146827.94	991.24	1.1641,0.1564,0.5808,18.158,0.1172,0.0145,0.017,0.0241,0.0133
1	Round_4_Replicate_12	-3273.12	6564.24	1716.25	2306.13	3.5876,0.0618,0.8627,0.4965,17.1808,0.0232,1.4517,6.5792,0.0191
1	Round_4_Replicate_16	-3890.04	7798.08	7778.9	1084.35	0.3605,0.0891,0.4921,9.4149,0.2324,0.0128,0.0162,0.0161,0.0144
1	Round_4_Replicate_9	-3212.55	6443.1	1876.87	722.34	0.5057,0.1144,6.0609,1.6312,10.7927,0.2558,2.6006,17.9116,0.0137
1	Round_4_Replicate_13	-3243.52	6505.04	1684.1	1869.37	1.6598,0.0625,0.3601,0.6263,16.63,0.0266,1.5896,4.7174,0.0159
1	Round_4_Replicate_17	-3726.22	7470.44	9384.88	1106.91	0.5131,0.107,0.2732,10.3477,0.2245,0.0102,0.0342,0.0068,0.0089
1	Round_4_Replicate_14	-3409.4	6836.8	1938.79	3171.64	1.7148,0.0509,0.9077,0.3537,19.5597,0.0387,1.3133,9.2757,0.0355
1	Round_4_Replicate_10	-3264.39	6546.78	2042.3	887.34	0.589,0.0735,2.4295,1.3694,16.8469,0.1416,0.8655,11.6494,0.0173
1	Round_4_Replicate_18	-3811.67	7641.34	49203.15	1105.48	1.0928,0.0897,0.2753,16.5225,0.0823,0.0062,0.0111,0.0154,0.0105
1	Round_5_Replicate_5	-3297.04	6612.08	209989.97	842.43	0.1306,0.6477,0.16,1.384,0.679,3.0757,0.0318,0.3121,0.0007
1	Round_5_Replicate_5	-2911.3	5840.6	100014.72	283.06	6.6291,1.3633,0.9889,4.0036,0.7597,1.0881,3.5899,0.6589,0.0051
1	Round_4_Replicate_15	-3447.58	6913.16	2159.15	1525.42	3.5851,0.045,0.2454,0.8013,18.8388,0.0214,1.2161,3.6682,0.0355
1	Round_5_Replicate_1	-3071.45	6160.9	258102.93	319.21	0.0012,1.0722,9.6187,3.2422,1.0308,1.1707,0.9341,7.3439,0.0007
1	Round_5_Replicate_1	-3224.25	6466.5	32944.98	701.95	2.8153,0.6962,9.2955,1.2917,0.7656,2.5196,3.2732,19.2353,0.0017
1	Round_5_Replicate_5	-2790.55	5599.1	2238.96	380.48	0.483,0.5457,0.1922,3.4815,2.2083,0.341,0.1219,2.8069,0.0006
1	Round_5_Replicate_5	-2805.39	5628.78	4148.14	92.48	0.3536,2.4292,0.5455,13.7771,0.5307,0.0998,0.6894,15.2199,0.006
1	Round_5_Replicate_3	-3067.08	6152.16	26878.8	1403.93	3.8206,0.1611,7.7583,0.8213,5.44,4.4311,0.306,15.328,0.0022
1	Round_4_Replicate_19	-3803.43	7624.86	21766.63	1045.42	0.6538,0.1265,0.4549,10.1458,0.1105,0.0155,0.0343,0.0102,0.017
1	Round_4_Replicate_16	-3348.72	6715.44	1821.17	2664.18	3.4451,0.0561,0.4624,0.4268,19.3134,0.0485,1.2805,6.2347,0.0349
1	Round_4_Replicate_11	-3296.73	6611.46	1882.38	1838.7	0.7613,0.1031,5.2933,0.5936,13.5311,0.2037,2.1095,16.5225,0.0269
1	Round_4_Replicate_20	-3783.61	7585.22	93029.01	1070.07	0.5227,0.126,0.3933,12.5207,0.151,0.0225,0.0247,0.0112,0.012
1	Round_4_Replicate_17	-3349.65	6717.3	1892.62	2048.03	3.5741,0.0757,0.2763,0.5496,12.0771,0.0171,1.704,8.6489,0.0153
1	Round_4_Replicate_12	-3292.69	6603.38	2308.35	1078.57	1.6041,0.07,7.0268,1.1057,19.4264,0.3476,1.9262,17.3584,0.0264
1	Round_4_Replicate_18	-3589.79	7197.58	2478.96	3474.05	1.5099,0.0976,0.5884,0.2824,16.6107,0.0578,1.2865,10.6358,0.0133
1	Round_5_Replicate_6	-2811.87	5641.74	1548.22	606.12	0.1361,0.3671,0.1872,2.1207,3.3824,0.4406,0.554,1.407,0.0017
1	Round_5_Replicate_6	-2944.46	5906.92	6355.97	395.91	7.1248,1.1316,1.8709,2.5112,0.8527,1.0034,1.6711,0.7562,0.0118
1	Round_5_Replicate_6	-2835.01	5688.02	5600.59	274.53	0.3588,1.1147,0.1051,4.2338,1.1837,0.375,0.1506,4.592,0.0021
1	Round_4_Replicate_19	-3195.18	6408.36	1755.25	1304.07	1.2273,0.0793,0.5315,0.9091,15.8712,0.0577,0.8768,9.3863,0.0134
1	Round_5_Replicate_6	-2792.28	5602.56	2324.08	98.23	0.1935,2.0568,0.401,13.245,0.5899,0.081,0.9533,14.3578,0.0018
1	Round_4_Replicate_13	-3255.32	6528.64	1694.07	1923.62	0.9787,0.0593,4.4422,0.598,16.7783,0.3053,1.4269,18.8388,0.02
1	Round_5_Replicate_2	-3361.79	6741.58	65101.47	1552.96	1.9787,0.376,1.5744,0.5572,0.9685,6.2056,12.7245,6.1111,0.0002
1	Round_4_Replicate_20	-3299.62	6617.24	1853.57	2292.63	1.9149,0.0704,0.2785,0.4942,18.8131,0.039,0.5809,8.4084,0.0301
1	Round_5_Replicate_4	-3083.06	6184.12	38463.69	678.94	18.0097,0.2811,17.9702,1.6958,3.7736,2.1814,0.0999,19.6894,0.0007
1	Round_5_Replicate_7	-3175.04	6368.08	307482.31	427.8	16.8617,1.3635,0.5367,1.9659,0.3761,2.303,1.6918,0.4644,0.0051
1	Round_5_Replicate_7	-3154.71	6327.42	19666.56	934.22	0.0188,0.4622,0.2752,0.9852,1.3924,3.1145,0.0107,4.3945,0.0001
1	Round_4_Replicate_14	-3396.33	6810.66	2191.88	1029.42	0.6615,0.047,4.4747,1.1889,19.3461,0.2721,2.0643,19.0301,0.0199
1	Round_5_Replicate_7	-2791.7	5601.4	2305.56	179.27	0.4984,1.2096,0.1272,7.1973,0.9794,0.1634,0.2385,7.5239,0.0018
1	Round_5_Replicate_7	-2792.63	5603.26	2441.4	134.7	0.4032,1.5405,1.0014,9.7316,0.7787,0.1181,1.1411,9.3527,0.0026
1	Round_5_Replicate_1	-3592.09	7202.18	8823.42	1200.53	0.3767,0.1316,0.4116,1.2919,0.1552,0.0101,0.0211,0.0149,0.0013
1	Round_4_Replicate_15	-3229.47	6476.94	2047.59	1178.49	0.8574,0.0706,5.9312,1.0146,18.8322,0.1914,0.7291,13.1951,0.0165
1	Round_5_Replicate_3	-3096.73	6211.46	27292.04	913.83	2.3865,0.393,18.0462,1.0944,1.8771,2.9972,0.1141,7.3248,0.0014
1	Round_5_Replicate_2	-3041.08	6100.16	162563.28	361.74	0.001,0.8357,7.5566,3.2577,1.0533,1.2682,0.7889,5.6151,0.0037
1	Round_4_Replicate_16	-3236.71	6491.42	1888.87	1376.82	1.3609,0.0969,5.2581,0.8309,14.2097,0.1976,0.6606,11.8788,0.0242
1	Round_5_Replicate_8	-2955.76	5929.52	1124765.41	277.06	19.5382,1.2237,1.2048,4.8775,0.9344,1.3938,2.9937,0.4048,0.0115
1	Round_5_Replicate_8	-2935.59	5889.18	32043.33	642.21	0.1355,0.5694,0.4177,1.7146,1.7338,1.7128,0.1531,1.3964,0.0005
1	Round_4_Replicate_17	-3425.39	6868.78	2180.27	1578.9	1.2845,0.07,2.9771,0.7167,9.9085,0.3075,2.4158,18.8388,0.0105
1	Round_5_Replicate_5	-3060.05	6138.1	28392.69	1226.75	6.1177,0.2096,11.4518,0.9036,4.1121,3.891,0.4934,16.4745,0.0013
1	Round_5_Replicate_8	-2844.23	5706.46	5282.83	282.08	0.345,1.2243,0.1018,4.2599,0.9648,0.4006,0.0634,3.6995,0.0006
1	Round_5_Replicate_8	-2847.65	5713.3	4248.71	107.05	0.3832,2.9461,0.3075,11.4795,0.4105,0.1311,0.474,11.3473,0.01
1	Round_4_Replicate_18	-3184.0	6386.0	1775.85	1341.21	1.3271,0.094,2.9309,0.8606,14.2097,0.155,0.8396,16.236,0.0131
1	Round_5_Replicate_4	-3071.12	6160.24	36468.45	774.55	0.7529,0.3541,15.5444,1.4508,2.2717,2.5263,0.4679,4.6216,0.0029
1	Round_4_Replicate_19	-3171.59	6361.18	1564.46	1872.23	0.4991,0.0669,6.0408,0.6101,16.4052,0.2847,1.7908,13.1644,0.0077
1	Round_5_Replicate_1	-3124.0	6266.0	1604.71	1148.89	0.606,0.1118,0.5573,0.9998,11.3672,0.1432,0.8267,7.9029,0.0001
1	Round_5_Replicate_9	-2910.14	5838.28	2719.53	821.64	1.1402,0.3719,0.1617,1.5656,2.9556,1.1915,0.0435,0.4437,0.0002
1	Round_5_Replicate_9	-2897.98	5813.96	145770.31	277.51	8.4531,1.2175,1.5146,4.2991,0.8078,0.937,3.2947,0.924,0.0009
1	Round_5_Replicate_2	-3594.96	7207.92	11245.3	1158.42	0.4397,0.1327,0.3669,2.7409,1.0245,0.0012,0.0416,0.0015,0.0009
1	Round_5_Replicate_3	-2979.31	5976.62	135823.7	344.06	0.0599,1.2791,13.4076,3.1911,0.8032,0.9703,1.5633,1.5056,0.0001
1	Round_5_Replicate_9	-2791.54	5601.08	2337.49	212.74	0.2266,1.0647,0.0743,5.9607,1.1049,0.2085,0.0606,6.2851,0.0003
1	Round_5_Replicate_9	-2832.76	5683.52	15481.55	99.37	0.2633,2.3388,0.7482,13.1587,0.501,0.1743,0.857,13.4593,0.0047
1	Round_4_Replicate_20	-3179.71	6377.42	1742.66	1750.11	0.91,0.0797,3.3386,0.6557,16.8032,0.112,1.0592,19.373,0.0103
1	Round_5_Replicate_6	-3070.53	6159.06	27877.48	1221.31	8.0449,0.2463,8.3448,0.8709,3.2547,3.9143,0.1205,9.8221,0.002
1	Round_5_Replicate_10	-3068.31	6154.62	18731.4	712.97	0.705,0.6924,0.4258,1.44,1.0135,2.0507,0.2424,0.6583,0.0001
1	Round_5_Replicate_10	-2862.84	5743.68	3476.35	245.27	3.5303,1.5659,1.9609,4.7989,0.7602,0.5951,3.7416,0.7125,0.0123
1	Round_5_Replicate_5	-3363.74	6745.48	46581.69	1527.64	0.916,0.3807,5.8887,0.5622,0.9512,5.9616,9.0137,5.9253,0.0001
1	Round_5_Replicate_2	-3101.71	6221.42	1669.48	993.6	0.836,0.1101,0.3318,1.1643,11.4632,0.352,0.7826,3.6965,0.0003
1	Round_5_Replicate_10	-2792.62	5603.24	2828.67	237.8	0.5639,0.8966,0.0779,5.519,1.3519,0.2317,0.0602,5.2627,0.0025
1	Round_5_Replicate_10	-2801.26	5620.52	4243.48	72.72	0.1768,2.9177,0.3637,17.7558,0.4168,0.0852,0.9132,19.7927,0.0047
1	Round_5_Replicate_3	-3610.41	7238.82	12334.18	1200.77	0.3015,0.1015,0.3149,2.6306,0.2712,0.0151,0.027,0.0046,0.0013
1	Round_5_Replicate_1	-3119.24	6256.48	1594.41	1550.64	0.9805,0.0872,5.673,0.7279,14.6385,0.337,4.5794,5.0813,0.0001
1	Round_5_Replicate_7	-3056.56	6131.12	25737.09	728.14	16.5295,0.3563,12.9108,1.4894,2.511,2.2789,0.0611,8.427,0.0007
1	Round_5_Replicate_6	-3177.17	6372.34	28258.08	729.55	1.3096,0.5929,6.5215,1.2938,1.041,2.5076,9.4288,9.1406,0.0053
1	Round_5_Replicate_4	-3037.41	6092.82	190962.44	358.22	0.0011,0.9451,11.7978,2.9721,1.0885,1.2679,0.57,6.1169,0.0005
1	Round_5_Replicate_2	-3117.53	6253.06	1547.63	873.92	0.771,0.1662,4.5602,1.2385,7.2558,0.4367,1.3503,6.0087,0.0009
1	Round_5_Replicate_8	-3055.74	6129.48	20235.91	1187.34	9.4921,0.2073,5.6855,0.9157,4.3603,3.6172,0.1458,9.3259,0.0001
1	Round_5_Replicate_4	-3624.76	7267.52	15023.86	1091.49	0.392,0.1577,0.6569,2.9669,0.2472,0.0036,0.047,0.0012,0.0062
1	Round_5_Replicate_7	-3094.56	6207.12	25275.15	401.53	0.8235,0.8796,5.3282,2.4676,0.872,1.3085,13.1264,16.921,0.0013
1	Round_5_Replicate_3	-3129.98	6277.96	1678.71	1679.29	0.705,0.0709,0.214,0.6945,18.3221,0.1229,1.4434,19.6873,0.0002
1	Round_5_Replicate_8	-3129.76	6277.52	34786.78	981.13	0.7202,0.4115,6.9972,0.9908,1.6386,3.3587,4.6315,15.3866,0.0015
1	Round_5_Replicate_5	-2945.81	5909.62	28414.62	359.82	0.0012,0.9626,19.7302,3.0923,0.8878,0.9904,0.8635,3.5481,0.0005
1	Round_5_Replicate_3	-3116.24	6250.48	1565.95	553.82	0.4017,0.2376,2.2289,2.015,5.1844,0.1888,7.4737,9.1007,0.0002
1	Round_5_Replicate_5	-3509.67	7037.34	11757.56	1132.48	0.0233,0.3156,0.9315,1.8263,0.4117,0.0286,0.0132,0.0147,0.0001
1	Round_5_Replicate_4	-3109.07	6236.14	1686.21	746.22	0.8562,0.1733,0.3869,1.5463,7.7123,0.1149,1.4241,5.6994,0.0001
1	Round_5_Replicate_9	-3106.35	6230.7	5411.46	969.47	13.5674,0.1692,14.5836,1.1381,5.8852,2.4118,0.0392,19.6707,0.0031
1	Round_5_Replicate_9	-3253.24	6524.48	13720.23	1019.67	0.6239,0.4934,9.2651,0.8248,1.1144,3.516,14.3449,6.3617,0.0001
1	Round_5_Replicate_6	-2805.78	5629.56	4089.34	227.76	0.0246,1.07,6.0577,5.5786,1.0155,0.3168,0.8254,4.7601,0.001
1	Round_5_Replicate_6	-3580.89	7179.78	17027.82	1148.04	0.4094,0.1724,0.6357,1.4125,0.1179,0.002,0.0328,0.0109,0.0015
1	Round_5_Replicate_10	-3073.29	6164.58	15048.63	1025.02	19.9962,0.2672,17.7356,1.0161,3.2723,3.0625,0.1207,12.0846,0.0038
1	Round_5_Replicate_10	-3128.79	6275.58	18581.69	441.47	1.1081,0.8577,12.4536,2.1128,0.9249,1.4234,3.465,17.6305,0.0047
1	Round_5_Replicate_4	-3113.12	6244.24	1613.35	1526.59	0.4634,0.0871,3.7233,0.7269,14.516,0.6398,1.6936,11.504,0.0005
1	Round_5_Replicate_5	-3137.23	6292.46	1696.01	1789.03	1.4826,0.0649,0.4139,0.6576,19.9537,0.0365,1.5885,19.983,0.0005
1	Round_5_Replicate_7	-3617.86	7253.72	14742.63	1165.18	0.8209,0.096,0.4016,2.5375,0.263,0.0035,0.0398,0.0018,0.0008
1	Round_5_Replicate_5	-3111.7	6241.4	1601.77	947.21	0.3894,0.1421,3.0885,1.1706,8.8855,0.382,3.6737,9.5613,0.0001
1	Round_5_Replicate_7	-2832.73	5683.46	9842.49	132.49	0.0023,1.7457,3.0314,9.1931,0.6736,0.2385,1.2428,11.1217,0.0028
1	Round_5_Replicate_6	-3110.96	6239.92	1595.81	1086.61	1.8928,0.1278,0.3218,1.0146,9.8953,0.4534,1.5945,10.598,0.0001
1	Round_5_Replicate_8	-3565.17	7148.34	12339.88	1149.82	0.2221,0.1907,1.3832,0.9684,0.1015,0.0027,0.0415,0.0012,0.0001
1	Round_5_Replicate_6	-3109.62	6237.24	1619.62	683.03	0.5253,0.2039,3.0212,1.6032,6.2161,0.3406,1.8099,6.1656,0.0001
1	Round_5_Replicate_7	-3140.52	6299.04	1722.67	1098.74	0.8352,0.0929,0.8905,1.0778,13.747,0.075,0.7664,19.9444,0.0011
1	Round_5_Replicate_9	-3605.84	7229.68	17916.06	1165.92	0.5984,0.1057,0.3724,2.6993,0.2084,0.1625,0.0317,0.0056,0.0004
1	Round_5_Replicate_8	-2963.45	5944.9	54179.81	346.76	0.0039,1.0971,7.6046,3.1711,0.8014,0.9947,1.9521,1.8381,0.0018
1	Round_5_Replicate_7	-3111.83	6241.66	1629.31	762.55	0.4804,0.1866,4.2144,1.4162,6.6907,0.4748,2.6279,18.7745,0.0005
1	Round_5_Replicate_8	-2871.08	5760.16	1458.25	675.66	1.1156,0.1998,0.4356,2.1778,6.1612,0.1185,0.3862,0.9607,0.0021
1	Round_5_Replicate_9	-2941.46	5900.92	57666.18	431.83	6.8751,1.005,18.9678,2.4279,0.9603,1.2513,1.0388,0.6507,0.0001
1	Round_5_Replicate_10	-3590.32	7198.64	16445.31	1164.22	0.5512,0.113,0.369,2.3009,0.3603,0.0028,0.0224,0.0122,0.0002
1	Round_5_Replicate_8	-3112.61	6243.22	1569.44	811.16	0.6777,0.1707,3.6969,1.3477,7.1617,0.4065,2.9951,15.8486,0.0006
1	Round_5_Replicate_9	-3161.21	6340.42	1667.16	1955.75	0.6721,0.0678,0.3427,0.5916,18.9807,0.0765,1.497,10.5764,0.0061
1	Round_5_Replicate_10	-2928.22	5874.44	77964.31	322.15	0.0014,1.1094,7.7752,3.6326,0.8733,0.8952,0.7972,3.3551,0.0001
1	Round_5_Replicate_10	-3120.09	6258.18	1609.89	925.09	1.3902,0.1299,0.987,1.2455,9.6948,0.1578,1.0758,6.2812,0.0001
1	Round_5_Replicate_9	-3114.66	6247.32	1572.47	704.02	0.6113,0.1811,5.4136,1.5965,6.8082,0.2307,1.5646,11.2266,0.0003
1	Round_5_Replicate_10	-3111.82	6241.64	1641.12	889.09	0.7315,0.1488,3.2445,1.2342,8.4117,0.5041,2.5402,19.812,0.0003
