Model	Replicate	log-likelihood	AIC	chi-squared	theta	optimized_params(nu1, nu2, m12, m21, m12i, m21i, T1, T2, P , p_misid)
Model	Replicate	log-likelihood	AIC	chi-squared	theta	optimized_params(nu1, nu2, m12, m21, m12i, m21i, T1, T2, P , p_misid)
Model	Replicate	log-likelihood	AIC	chi-squared	theta	optimized_params(nu1, nu2, m12, m21, m12i, m21i, T1, T2, P , p_misid)
Model	Replicate	log-likelihood	AIC	chi-squared	theta	optimized_params(nu1, nu2, m12, m21, m12i, m21i, T1, T2, P , p_misid)
Model	Replicate	log-likelihood	AIC	chi-squared	theta	optimized_params(nu1, nu2, m12, m21, m12i, m21i, T1, T2, P , p_misid)
Model	Replicate	log-likelihood	AIC	chi-squared	theta	optimized_params(nu1, nu2, m12, m21, m12i, m21i, T1, T2, P , p_misid)
Model	Replicate	log-likelihood	AIC	chi-squared	theta	optimized_params(nu1, nu2, m12, m21, m12i, m21i, T1, T2, P , p_misid)
Model	Replicate	log-likelihood	AIC	chi-squared	theta	optimized_params(nu1, nu2, m12, m21, m12i, m21i, T1, T2, P , p_misid)
Model	Replicate	log-likelihood	AIC	chi-squared	theta	optimized_params(nu1, nu2, m12, m21, m12i, m21i, T1, T2, P , p_misid)
Model	Replicate	log-likelihood	AIC	chi-squared	theta	optimized_params(nu1, nu2, m12, m21, m12i, m21i, T1, T2, P , p_misid)
1	Round_1_Replicate_1	-9881.96	19783.92	146056605.59	682.3	1.7222,1.2176,0.8221,2.7367,6.6594,0.0784,0.1203,1.1261,0.99,0.5025
1	Round_1_Replicate_1	-24569.16	49158.32	501222.29	307.43	0.3519,10.3372,0.5318,1.4454,7.6647,1.338,0.1878,0.892,0.9899,0.9899
1	Round_1_Replicate_1	-22070.36	44160.72	321072.97	535.21	0.2527,2.5529,11.8502,0.867,0.3105,3.3825,1.186,0.9256,0.0618,0.9899
1	Round_1_Replicate_1	-23534.27	47088.54	499743.33	833.07	0.1825,1.902,0.0942,0.7591,0.2354,2.3128,0.062,0.8737,0.5565,0.9899
1	Round_1_Replicate_1	-10536.66	21093.32	83212.54	381.75	0.1643,12.1967,0.2975,1.6478,0.6844,2.5162,2.4503,3.3892,0.0988,0.131
1	Round_1_Replicate_1	-7542.03	15104.06	12752.37	1045.3	1.0204,0.3486,3.7017,0.4416,1.2725,2.0183,0.3115,0.2486,0.0849,0.1226
1	Round_1_Replicate_1	-23910.29	47840.58	433613.54	546.45	0.1671,1.848,3.351,0.0791,0.5276,0.0975,0.2377,6.0012,0.9899,0.9899
1	Round_1_Replicate_1	-19522.43	39064.86	179351.5	685.29	0.1409,2.2143,12.7614,0.0824,0.0948,1.8765,0.1504,4.9193,0.4855,0.9895
1	Round_1_Replicate_1	-20880.58	41781.16	207230.6	2555.87	0.2084,0.371,0.3097,12.0828,0.4774,4.414,0.229,6.6541,0.5156,0.9899
1	Round_1_Replicate_1	-22095.03	44210.06	49083543021.36	758.34	1.0957,0.9578,0.0921,6.8892,0.7719,9.7659,1.6952,6.428,0.9899,0.9899
1	Round_1_Replicate_2	-32160.85	64341.7	1865579.53	351.72	14.9099,0.569,5.2156,1.8239,0.1235,0.0814,0.8137,0.1214,0.2493,0.9898
1	Round_1_Replicate_2	-12845.86	25711.72	46722507166.37	188.57	5.4783,9.9489,0.6224,1.0735,13.0722,0.5035,1.8105,0.3135,0.9899,0.3742
1	Round_1_Replicate_2	-15180.17	30380.34	140406.34	905.89	0.082,8.7268,0.538,1.2566,5.6117,14.2056,0.7958,0.2328,0.99,0.99
1	Round_1_Replicate_2	-4354.16	8728.32	4163.62	2223.69	0.1848,0.4284,2.0696,3.8388,0.3966,11.207,3.6336,1.9378,0.4334,0.1668
1	Round_1_Replicate_2	-15434.87	30889.74	69918.16	522.01	1.0218,0.2754,12.3482,0.4845,0.2775,1.3666,6.5095,0.1251,0.9899,0.4764
1	Round_1_Replicate_2	-7660.39	15340.78	15988.77	880.33	1.2728,0.2172,0.1036,0.8409,0.081,4.7751,1.9103,6.5827,0.9899,0.2056
1	Round_1_Replicate_2	-11604.45	23228.9	58665.86	1240.88	0.3225,0.3588,0.3224,0.0702,0.0805,0.5452,2.9428,14.9241,0.9899,0.2768
1	Round_1_Replicate_2	-30313.89	60647.78	1454581.78	1148.15	0.1295,0.5604,0.0986,0.1374,0.4927,0.1318,1.043,1.3336,0.1488,0.9899
1	Round_1_Replicate_3	-3753.2	7526.4	4206.97	630.15	1.1127,1.9397,9.8829,12.0853,0.5319,1.6782,0.3282,0.0976,0.9899,0.0647
1	Round_1_Replicate_3	-25069.15	50158.3	425857.32	272.4	1.5112,4.1907,12.3724,0.3547,0.5766,0.1588,4.0465,1.483,0.2552,0.9899
1	Round_1_Replicate_3	-4261.32	8542.64	1255356.54	430.28	0.3313,3.5253,0.2543,10.348,10.6149,0.0871,1.6057,0.2044,0.9899,0.1161
1	Round_1_Replicate_3	-9450.23	18920.46	1687102662186.69	225.57	1.8819,11.7401,0.1052,2.5859,7.6395,8.6822,2.4012,0.6364,0.2009,0.6095
1	Round_1_Replicate_3	-36367.8	72755.6	6.464612541279844e+18	143.81	9.202,4.9082,0.5094,2.5652,5.71,16.0618,0.3657,3.8292,0.9899,0.9899
1	Round_1_Replicate_2	-20179.07	40378.14	214241.57	840.46	0.1148,0.5924,2.9155,0.0863,0.1412,2.0377,6.371,0.451,0.275,0.9899
1	Round_1_Replicate_3	-28765.87	57551.74	1195545.32	2463.94	0.6329,0.135,7.3353,0.1019,9.8177,11.4107,0.0995,4.9922,0.2314,0.9899
1	Round_1_Replicate_3	-21976.22	43972.44	373987.85	935.04	0.0888,1.2253,11.2159,1.6908,1.234,0.8036,0.7808,12.9771,0.9899,0.9899
1	Round_1_Replicate_4	-27109.56	54239.12	38609322.52	916.81	3.3712,0.1636,4.4156,3.065,8.1786,9.4239,0.1846,0.5165,0.99,0.99
1	Round_1_Replicate_3	-21899.13	43818.26	22561937.95	1706.57	8.9356,0.1437,5.6251,8.3431,13.2762,0.0664,0.3228,9.5618,0.9365,0.8881
1	Round_1_Replicate_3	-21935.14	43890.28	284682.59	785.9	0.087,1.868,0.3278,0.9697,14.0798,4.5726,0.7639,0.1314,0.6793,0.9895
1	Round_1_Replicate_4	-24816.79	49653.58	392011.12	255.83	0.1645,8.2741,0.2446,2.6236,4.2059,0.2912,1.3965,1.2772,0.9899,0.9899
1	Round_1_Replicate_4	-17174.71	34369.42	139789.4	211.04	12.4629,0.0984,1.8748,2.3529,0.1418,4.8068,2.363,0.8551,0.9899,0.5875
1	Round_1_Replicate_4	-14228.15	28476.3	1924329302576253.0	337.69	2.7669,3.6845,0.1192,9.784,0.2677,4.3403,0.0713,8.4856,0.1211,0.7431
1	Round_1_Replicate_5	-26198.69	52417.38	820921.68	206.57	2.0474,4.9084,2.1493,0.1156,1.7273,0.0998,5.5941,0.8743,0.2564,0.9899
1	Round_1_Replicate_4	-31554.36	63128.72	2248015.82	390.68	3.3219,0.2727,5.1428,0.2441,0.1209,0.8443,0.734,4.4705,0.9899,0.9899
1	Round_1_Replicate_4	-11166.36	22352.72	115760.34	237.55	4.0175,4.5622,0.0986,0.2144,2.8011,2.613,0.0724,2.0003,0.99,0.5823
1	Round_1_Replicate_5	-10919.9	21859.8	34952.81	633.72	2.3173,0.1704,0.3716,0.7455,3.5276,4.3991,1.4883,0.3831,0.4642,0.1601
1	Round_1_Replicate_5	-29788.7	59597.4	1043049.7	387.27	5.8629,0.9073,0.1081,14.2033,0.2946,0.3442,0.5021,0.4758,0.9899,0.9899
1	Round_1_Replicate_4	-8583.24	17186.48	48431.76	1239.88	0.114,1.1497,14.5897,1.722,0.0786,1.672,0.8509,4.3587,0.9899,0.0721
1	Round_1_Replicate_4	-13354.87	26729.74	46013.39	1256.16	1.8818,0.0847,0.5226,0.4949,6.9346,1.8305,4.9817,3.113,0.7814,0.0639
1	Round_1_Replicate_5	-15911.1	31842.2	120382.58	1998.06	0.1014,0.3857,0.5289,17.2534,6.1988,6.3879,0.0734,0.117,0.3603,0.99
1	Round_1_Replicate_2	-20146.34	40312.68	226119.47	1075.59	0.2063,0.0921,0.3333,2.0566,0.1462,4.1535,12.4418,0.5336,0.6026,0.9899
1	Round_1_Replicate_5	-7118.87	14257.74	10504.36	1355.42	0.6691,0.4243,8.5792,0.2409,1.1183,0.4577,0.3577,1.043,0.3124,0.299
1	Round_1_Replicate_6	-19778.35	39576.7	16528406.76	591.92	0.8235,3.0799,2.4666,11.3727,0.6904,2.5298,2.767,1.0776,0.1195,0.9899
1	Round_1_Replicate_5	-37483.82	74987.64	3525870.91	949.05	0.6097,0.16,0.3867,1.6131,4.9655,0.0639,3.1081,0.1393,0.9899,0.9899
1	Round_1_Replicate_6	-3760.25	7540.5	4762.5	312.5	0.148,6.4155,15.9174,1.7471,0.1956,0.744,0.4512,2.995,0.2991,0.0861
1	Round_1_Replicate_6	-22119.88	44259.76	1760050.25	176.4	1.8,11.3871,0.3435,0.862,0.1508,1.6389,2.9946,2.7463,0.0988,0.9899
1	Round_1_Replicate_5	-20387.38	40794.76	200805.1	259.13	0.5268,12.3031,1.6569,4.0086,0.4261,0.2809,0.1465,13.7321,0.3217,0.9897
1	Round_1_Replicate_5	-30314.93	60649.86	653558983880.92	573.65	13.2657,1.411,0.3522,3.1129,14.2671,0.323,0.0777,4.8656,0.99,0.9895
1	Round_1_Replicate_3	-23943.83	47907.66	472489.83	1011.91	0.8466,0.5022,0.2566,0.1913,5.5529,1.7113,0.28,0.5074,0.7374,0.9895
1	Round_1_Replicate_7	-4271.25	8562.5	3279.37	1281.69	0.0782,1.0054,14.7332,0.0751,2.3034,6.2583,0.2123,2.2174,0.1777,0.2145
1	Round_1_Replicate_4	-11684.04	23388.08	70187.42	573.16	0.0837,2.5535,0.1246,0.1392,1.1353,5.3371,9.4189,1.2907,0.6275,0.319
1	Round_1_Replicate_6	-22096.29	44212.58	266776.78	667.02	0.1399,13.4532,1.3035,6.2849,8.062,0.2933,0.4232,1.8231,0.0909,0.9899
1	Round_1_Replicate_7	-23081.22	46182.44	287835.7	354.02	0.2892,3.6524,0.0731,0.423,14.8819,0.9386,0.8011,4.2054,0.9899,0.9899
1	Round_1_Replicate_7	-31253.32	62526.64	1546572.75	1312.42	0.1868,0.1152,0.2011,0.1455,5.675,0.2408,3.0584,0.227,0.4035,0.9899
1	Round_1_Replicate_4	-5836.79	11693.58	432834.64	325.67	2.9817,1.3817,2.2773,1.9492,0.0653,2.1956,0.7739,5.9417,0.1244,0.1253
1	Round_1_Replicate_8	-29791.26	59602.52	1039360717.24	410.04	4.0204,2.4513,1.2491,0.2231,3.7431,10.3571,0.0824,0.4896,0.9899,0.9899
1	Round_1_Replicate_7	-8419.97	16859.94	33495.29	627.06	0.235,5.7062,0.3998,0.3524,0.2684,2.8689,2.3195,7.9069,0.9899,0.2825
1	Round_1_Replicate_5	-29648.22	59316.44	1821150.9	801.21	13.3727,0.4875,0.0867,0.1017,9.2837,1.3971,7.2048,13.9588,0.99,0.9895
1	Round_1_Replicate_8	-8329.1	16678.2	9076070.07	570.25	0.3818,4.6806,7.6311,0.1991,3.1985,4.8561,1.131,2.7058,0.99,0.6037
1	Round_1_Replicate_6	-5285.09	10590.18	8647.68	486.38	0.3847,2.1545,13.6557,0.695,5.1202,0.3675,0.1357,15.9893,0.99,0.3319
1	Round_1_Replicate_5	-31781.53	63583.06	1.1305216041409767e+20	194.56	7.2256,5.3301,4.8016,6.9741,5.0843,7.6836,1.7638,0.1048,0.0926,0.99
1	Round_1_Replicate_6	-12779.87	25579.74	41734.03	2622.74	0.1112,0.296,0.2259,0.1793,3.4136,0.3856,11.0508,3.0221,0.9899,0.7788
1	Round_1_Replicate_8	-28723.72	57467.44	1300477.88	402.08	5.9821,0.4766,5.7837,8.0527,1.0904,0.0613,8.1548,10.0512,0.5818,0.9899
1	Round_1_Replicate_6	-13288.3	26596.6	80392.12	214.01	5.6745,0.1288,0.4876,0.2246,0.5756,3.2633,12.5349,1.462,0.9899,0.0642
1	Round_1_Replicate_8	-31697.42	63414.84	1571254.73	430.88	9.3813,0.5274,1.4778,0.0835,0.0664,0.6099,0.473,0.0852,0.9899,0.9899
1	Round_1_Replicate_9	-17944.9	35909.8	116861.79	392.64	3.4997,0.5495,3.9266,1.7168,0.0669,0.5157,2.9293,0.1005,0.124,0.8095
1	Round_1_Replicate_6	-5382.16	10784.32	6740.11	1468.53	0.6228,0.2599,0.8769,9.5499,2.9814,1.3982,0.0658,2.5754,0.2742,0.1404
1	Round_1_Replicate_7	-26228.67	52477.34	562687.05	1776.98	0.091,0.3792,0.3111,3.7927,1.3826,0.1382,0.5819,0.1234,0.9899,0.9899
1	Round_1_Replicate_6	-8967.41	17954.82	17615825.5	1271.28	0.5176,0.2233,9.5541,4.0799,6.1726,15.7943,1.2392,0.1872,0.9899,0.45
1	Round_1_Replicate_9	-10076.1	20172.2	32669.39	345.28	3.6348,0.2572,0.4216,1.2511,0.0865,2.1511,0.0757,9.8739,0.9899,0.1512
1	Round_1_Replicate_9	-27632.31	55284.62	-15501560.94	1417.02	4.5232,0.0967,9.987,1.3568,11.7713,10.232,4.9036,2.0021,0.9899,0.9899
1	Round_1_Replicate_9	-28810.03	57640.06	215380837811.75	195.52	2.8079,8.8232,2.7968,0.3065,10.4584,0.9278,1.6139,0.6289,0.0792,0.9899
1	Round_1_Replicate_7	-12862.22	25744.44	65690.32	353.96	5.4839,0.0955,2.6034,0.7045,0.6917,4.6013,2.5701,0.521,0.8589,0.1065
1	Round_1_Replicate_10	-25303.46	50626.92	593866.16	326.69	2.8455,1.2132,0.5394,0.9021,0.1575,0.8087,0.4153,5.2128,0.0922,0.9899
1	Round_1_Replicate_7	-5938.35	11896.7	7800.67	891.45	0.5021,0.6492,0.211,0.087,6.5377,0.2654,3.5839,0.3868,0.9899,0.0687
1	Round_1_Replicate_8	-6079.74	12179.48	9242.31	1541.87	0.4325,0.2356,0.7269,0.5624,6.347,3.2805,0.3713,0.1539,0.9899,0.0657
1	Round_1_Replicate_7	-11821.42	23662.84	101779.36	1641.67	8.1067,0.1348,13.8447,0.5066,6.9691,0.5452,5.957,1.7529,0.3623,0.0828
1	Round_1_Replicate_7	-7071.83	14163.66	9726.71	637.2	0.4952,0.605,3.7994,4.6325,0.2717,0.7843,4.9356,0.0797,0.1555,0.0893
1	Round_1_Replicate_10	-7782.38	15584.76	15078.45	671.86	0.2276,1.6443,4.5526,2.0402,0.9056,0.7946,0.4477,12.9616,0.99,0.4965
1	Round_1_Replicate_10	-27009.51	54039.02	840489.46	821.37	0.258,1.3661,0.0653,0.1317,0.3573,4.9106,0.791,0.2241,0.1199,0.9899
1	Round_1_Replicate_10	-10239.61	20499.22	30859.36	314.29	4.0058,0.586,1.3826,0.3353,0.8886,3.1272,4.5304,0.4067,0.4329,0.3797
1	Round_1_Replicate_8	-24053.07	48126.14	419960.97	551.87	1.2051,1.282,1.5823,1.396,1.7988,0.1257,1.0668,6.9008,0.99,0.9895
1	Round_1_Replicate_8	-8109.78	16239.56	14519.98	499.97	0.3348,12.5425,8.3519,0.2932,2.9231,0.1211,0.1601,0.1011,0.99,0.522
1	Round_1_Replicate_9	-26569.16	53158.32	693012.63	3341.96	0.0723,0.1085,7.5755,2.3679,8.7663,0.2375,0.3718,0.1023,0.9899,0.9899
1	Round_1_Replicate_8	-16036.07	32092.14	122677.17	831.74	0.2546,1.1045,0.0661,0.6124,0.0781,4.2705,3.1782,1.139,0.4142,0.8427
1	Round_1_Replicate_8	-36473.92	72967.84	4850387.6	290.99	8.8431,0.1396,0.1037,1.988,0.2915,2.9405,0.6312,1.5217,0.1172,0.9899
1	Round_1_Replicate_11	-28988.33	57996.66	642750088730237.1	285.63	10.4355,12.6374,8.7381,0.6563,0.5853,0.1148,0.1999,0.2172,0.9899,0.9899
1	Round_1_Replicate_6	-16777.68	33575.36	146538.62	168.92	8.2796,0.0921,0.2221,0.4922,0.1607,5.6708,14.8638,6.9924,0.3399,0.0779
1	Round_1_Replicate_11	-18597.77	37215.54	127354.41	164.21	1.0294,6.3753,4.4268,0.4988,1.4236,0.4447,11.5085,2.1461,0.3585,0.9677
1	Round_1_Replicate_11	-5550.6	11121.2	10572.4	296.96	1.7644,3.2242,0.169,0.0654,3.5833,0.1074,0.1891,10.8866,0.9899,0.1678
1	Round_1_Replicate_9	-10508.58	21037.16	33148.85	362.01	2.6222,3.2211,0.5758,0.451,12.7035,12.7215,0.0681,0.9455,0.1409,0.7222
1	Round_1_Replicate_9	-18004.52	36029.04	106508.88	697.0	4.6465,0.1101,13.1344,0.175,0.6047,0.1579,1.937,0.174,0.163,0.2399
1	Round_1_Replicate_10	-7770.16	15560.32	15907.49	268.6	3.7154,0.7396,0.0948,0.6431,1.8653,3.5872,7.6293,9.8231,0.0636,0.0768
1	Round_1_Replicate_11	-8833.21	17686.42	21584.12	1523.2	0.7136,0.1598,11.1198,1.011,0.1127,13.753,9.7589,1.1891,0.9899,0.4986
1	Round_1_Replicate_9	-16609.69	33239.38	277581.47	1016.46	0.1593,3.2312,0.3484,10.2078,0.5844,3.4191,5.5479,0.521,0.0783,0.9899
1	Round_1_Replicate_12	-7941.49	15902.98	2213350752.34	134.62	15.3598,10.5329,0.1833,0.3466,0.5914,0.1114,0.4128,1.4392,0.1571,0.2615
1	Round_1_Replicate_7	-22005.08	44030.16	232298.33	910.32	0.4028,1.0309,0.0793,0.9404,13.9679,14.9116,0.4718,0.445,0.2561,0.9899
1	Round_1_Replicate_12	-32996.19	66012.38	2956927.77	356.02	6.3748,0.1138,0.4144,3.8556,0.4293,7.3978,0.873,1.0959,0.9899,0.9899
1	Round_1_Replicate_10	-25838.63	51697.26	24218689.75	479.4	9.2463,0.3851,7.676,4.189,2.7723,0.1059,5.0254,1.1613,0.2155,0.9899
1	Round_1_Replicate_12	-10165.01	20350.02	40619.17	191.06	7.6772,0.6009,1.2116,0.8463,11.0002,3.4998,10.2224,0.4253,0.1953,0.0701
1	Round_1_Replicate_10	-6676.73	13373.46	30122.06	105.26	4.2559,7.6006,0.2225,0.1255,1.8046,1.9033,16.3239,2.8008,0.9899,0.1282
1	Round_1_Replicate_12	-33288.72	66597.44	1963532.33	424.45	4.5209,0.6134,16.6169,0.1093,0.2011,0.1201,2.2013,0.1235,0.5712,0.9899
1	Round_1_Replicate_9	-23602.7	47225.4	404566.64	3491.16	0.1121,0.2151,12.256,0.6552,0.2814,3.2492,4.3569,8.2267,0.9899,0.9899
1	Round_1_Replicate_13	-19078.96	38177.92	129923.69	512.27	0.784,5.115,0.3956,0.1089,0.0905,0.1602,0.1569,0.2096,0.0959,0.9641
1	Round_1_Replicate_10	-9637.9	19295.8	61021.22	295.3	0.1969,9.6826,4.223,0.0835,0.1942,0.7564,0.4226,2.1835,0.9899,0.1652
1	Round_1_Replicate_13	-23003.64	46027.28	280349.35	311.4	0.601,4.1191,1.9716,0.0652,0.3632,0.0989,1.1078,3.4539,0.0891,0.9899
1	Round_1_Replicate_8	-26194.29	52408.58	633759.83	823.46	1.0899,0.6321,1.7335,0.1418,6.4025,3.1024,1.0499,8.5393,0.1381,0.9895
1	Round_1_Replicate_13	-10347.41	20714.82	28754.85	689.57	15.4719,0.1159,5.9372,3.3432,0.9811,5.7176,0.0824,0.1081,0.9899,0.106
1	Round_1_Replicate_11	-16170.51	32361.02	130054.62	1986.9	0.1115,0.7747,6.5661,3.4042,1.2288,10.2309,0.3445,0.313,0.9899,0.9899
1	Round_1_Replicate_11	-29847.11	59714.22	101546604.68	1770.73	11.6721,0.0894,15.7257,12.8539,12.9972,0.1189,1.1426,7.8879,0.3995,0.9899
1	Round_1_Replicate_13	-9417.63	18855.26	637938382707.36	481.89	14.7343,0.9254,2.4234,3.9762,6.1827,0.473,0.1369,0.3065,0.4609,0.2636
1	Round_1_Replicate_14	-5859.15	11738.3	13101.84	671.55	2.268,0.8236,1.0681,0.1204,0.8931,6.5793,0.2588,0.0837,0.99,0.255
1	Round_1_Replicate_11	-9521.8	19063.6	28903.51	811.9	0.5425,0.1601,0.2231,0.8397,8.9941,8.3986,6.1187,0.4263,0.9899,0.0862
1	Round_1_Replicate_14	-31226.11	62472.22	1173328.38	171.11	7.6822,2.3711,1.3287,0.5553,0.3497,0.1496,5.7602,0.4471,0.3158,0.9898
1	Round_1_Replicate_9	-7779.68	15579.36	17317.4	871.54	0.2346,0.9935,1.3831,13.0887,0.7779,0.2317,0.3105,3.156,0.99,0.3452
1	Round_1_Replicate_14	-12821.24	25662.48	46255.27	763.95	0.269,2.8016,0.4952,1.5787,0.0655,6.2579,0.4819,3.4236,0.4012,0.8304
1	Round_1_Replicate_12	-23014.45	46048.9	379143.0	170.4	0.9299,15.0034,0.8354,5.8229,0.0753,0.5499,0.7388,6.6103,0.9898,0.9898
1	Round_1_Replicate_12	-8551.08	17122.16	17818.54	261.09	4.0402,3.0868,0.1756,7.1153,0.3495,0.3422,2.2066,2.3313,0.237,0.5651
1	Round_1_Replicate_14	-6525.9	13071.8	8580.33	1635.66	0.24,0.369,1.0418,0.2538,5.8746,0.3644,0.5728,0.2337,0.9899,0.2475
1	Round_1_Replicate_11	-12578.92	25177.84	55836.11	472.02	8.3809,0.0948,7.7808,14.8525,0.3849,3.5565,0.2596,10.0624,0.2401,0.3352
1	Round_1_Replicate_12	-33485.96	66991.92	2229778.16	2137.07	0.301,0.0971,9.2732,0.2869,6.4015,0.1632,0.5459,0.1081,0.3023,0.9899
1	Round_1_Replicate_15	-29626.9	59273.8	6.515286411967764e+18	374.59	7.5422,2.0855,7.2337,0.0994,6.9376,0.3956,12.0481,3.6248,0.3804,0.9899
1	Round_1_Replicate_15	-17263.42	34546.84	106942.63	425.05	4.6654,0.5313,0.1384,3.5858,0.0726,0.4046,1.0966,0.1062,0.99,0.6794
1	Round_1_Replicate_10	-16020.31	32060.62	97125.26	365.23	4.2154,0.1438,14.2023,0.8549,0.5192,0.5977,8.5212,0.1679,0.2117,0.0776
1	Round_1_Replicate_10	-21132.68	42285.36	10447345293.53	814.02	0.8736,1.2927,0.0936,7.4125,11.4653,1.8348,1.7598,1.4045,0.146,0.9899
1	Round_1_Replicate_13	-9717.1	19454.2	19823.96	1214.33	0.1558,0.7714,4.7967,0.3844,2.8282,3.3938,0.6056,0.124,0.99,0.6973
1	Round_1_Replicate_13	-5469.64	10959.28	30090.07	746.48	0.527,4.3678,0.0777,0.7719,0.1538,5.6554,0.5682,3.761,0.9899,0.0692
1	Round_1_Replicate_12	-22500.45	45020.9	249681.85	721.09	0.3351,1.7868,0.5666,0.5997,9.8767,0.7108,0.2559,0.5972,0.9899,0.9899
1	Round_1_Replicate_13	-12153.09	24326.18	179311.98	306.42	0.1307,10.6511,0.1137,0.6939,0.1204,0.0791,0.2887,1.3127,0.1094,0.1018
1	Round_2_Replicate_1	-5400.87	10821.74	6253.06	789.98	0.2699,0.8736,3.4359,0.3425,0.5307,0.0906,2.8905,0.4188,0.4489,0.0137
1	Round_1_Replicate_15	-8296.67	16613.34	21656.82	981.19	1.1888,0.1116,0.8152,3.8033,0.5649,8.0234,0.2643,8.6542,0.9899,0.0715
1	Round_2_Replicate_1	-6624.24	13268.48	785976.92	237.85	1.1785,5.3638,1.894,0.6609,2.1062,3.67,0.6695,11.9977,0.4618,0.4596
1	Round_1_Replicate_15	-7718.02	15456.04	21608.05	889.9	0.0905,0.9112,0.7144,3.1417,1.1516,0.2584,4.3627,1.6034,0.9899,0.0954
1	Round_1_Replicate_11	-7255.54	14531.08	11388.47	1793.61	0.0723,0.3457,0.8136,0.4036,6.5075,0.1471,0.8893,0.06,0.9899,0.0724
1	Round_1_Replicate_11	-21380.99	42781.98	244767.3	3672.93	0.1862,0.1678,0.9564,4.5626,0.2787,9.9434,0.3779,4.0014,0.7802,0.9899
1	Round_1_Replicate_14	-23367.47	46754.94	466483.74	1092.84	0.1408,1.9268,8.6271,3.9442,0.2055,2.8563,1.7578,4.1383,0.9899,0.9899
1	Round_1_Replicate_14	-6141.16	12302.32	12179.92	127.82	0.5343,12.8003,0.3743,0.2508,0.2837,0.2056,0.8804,16.5258,0.9899,0.1709
1	Round_1_Replicate_14	-5754.58	11529.16	8145.15	1421.57	0.1839,0.5268,0.0985,0.3354,1.942,0.6991,0.9741,1.3553,0.99,0.1827
1	Round_2_Replicate_1	-27463.24	54946.48	863976.86	930.41	0.5917,0.2036,0.2598,1.1238,2.1167,0.0654,2.9677,0.3586,0.5923,0.9899
1	Round_2_Replicate_2	-23546.7	47113.4	436463.73	125.23	0.8217,18.1496,0.1709,0.2033,0.0508,0.6876,0.3183,12.3564,0.351,0.99
1	Round_1_Replicate_12	-5272.8	10565.6	6205.92	1031.36	0.2829,0.5557,9.7307,6.75,4.616,2.124,1.9812,0.1143,0.2905,0.1281
1	Round_2_Replicate_1	-4717.73	9455.46	6522.66	600.58	0.182,4.3963,9.5282,6.9626,0.8996,2.3644,0.4143,0.1054,0.5042,0.1823
1	Round_1_Replicate_15	-4479.23	8978.46	4208.86	229.29	2.9026,2.7549,0.0682,0.1147,0.7367,0.2424,0.2695,11.1502,0.9899,0.0653
1	Round_1_Replicate_12	-32632.11	65284.22	2126411.3	1684.44	1.9101,0.1183,2.7742,1.1154,9.5163,0.8331,0.4236,5.9159,0.7159,0.9899
1	Round_1_Replicate_15	-23564.3	47148.6	557651.14	920.88	1.0061,0.2701,8.082,14.4588,2.305,0.4064,5.9698,2.461,0.1359,0.9899
1	Round_1_Replicate_15	-4740.39	9500.78	6464.26	578.11	0.1219,7.2683,4.6567,2.185,7.7768,0.2487,0.07,0.2846,0.1083,0.0821
1	Round_2_Replicate_2	-4496.13	9012.26	4053.55	1561.41	0.136,0.5311,4.6207,0.1226,18.5634,0.8449,0.1257,0.3309,0.1722,0.1056
1	Round_1_Replicate_13	-25033.92	50087.84	412954.26	1938.67	0.3777,0.088,1.5694,0.5731,1.1853,0.1106,0.2808,0.3639,0.9899,0.8725
1	Round_2_Replicate_1	-4135.16	8290.32	3725.64	773.89	0.2504,1.9433,1.7649,2.3636,0.6001,1.0491,0.0192,1.4428,0.1137,0.1354
1	Round_2_Replicate_1	-15373.25	30766.5	71270.4	229.73	0.05,12.3334,1.8452,1.9008,19.8,0.3642,1.937,0.0698,0.3962,0.8593
1	Round_1_Replicate_13	-8524.99	17069.98	18429.07	301.84	0.3476,1.925,0.2662,0.3827,2.2863,8.7889,11.7801,0.3123,0.098,0.0892
1	Round_2_Replicate_3	-5789.65	11599.3	7375.9	713.06	0.5449,0.7552,0.7193,0.6712,5.9811,2.077,3.028,0.202,0.7764,0.1931
1	Round_2_Replicate_2	-6160.17	12340.34	24405.74	492.31	0.3935,6.2705,19.8,19.8,0.0709,1.2863,0.3581,0.117,0.99,0.0113
1	Round_2_Replicate_2	-4152.08	8324.16	5104.7	168.7	0.0343,19.8,19.8,1.436,0.0689,1.162,0.3804,7.486,0.1081,0.0419
1	Round_2_Replicate_1	-4962.25	9944.5	7229.27	772.35	0.0483,19.3876,19.3344,3.1605,3.9289,1.3834,0.0436,0.0612,0.5696,0.011
1	Round_1_Replicate_14	-5679.86	11379.72	7065.82	2229.82	0.1077,0.2217,1.8472,0.3295,8.0653,2.6599,0.5445,0.1065,0.9899,0.0673
1	Round_1_Replicate_13	-16907.68	33835.36	102137.44	709.59	0.4304,0.1136,2.8437,0.1843,0.9347,0.2271,12.5959,1.3696,0.9899,0.0734
1	Round_2_Replicate_2	-11728.44	23476.88	37032.76	806.25	0.9276,0.9494,0.2813,1.7123,5.215,0.3071,0.4666,0.4219,0.99,0.735
1	Round_2_Replicate_2	-6702.03	13424.06	8376.06	116.18	0.4694,14.3563,0.1841,19.8,3.0048,0.0353,9.2231,1.0714,0.99,0.5219
1	Round_2_Replicate_3	-6275.91	12571.82	192507546689.75	600.42	3.0349,2.5024,5.2768,18.9328,0.0896,6.6741,0.1661,0.0227,0.3612,0.0278
1	Round_2_Replicate_4	-7293.77	14607.54	11742.98	2053.46	0.1318,0.2652,0.2517,1.06,18.9328,0.4968,1.7279,0.9586,0.3301,0.0651
1	Round_1_Replicate_14	-30355.25	60730.5	1.7002277076800994e+16	336.08	3.8618,2.6485,3.0671,12.8683,4.7481,0.8448,0.1734,1.479,0.4662,0.9899
1	Round_2_Replicate_3	-7918.56	15857.12	21394.95	319.3	0.43,14.6892,11.3295,0.2288,0.047,0.914,0.1748,0.5401,0.6337,0.4249
1	Round_2_Replicate_2	-5050.94	10121.88	7742.19	768.02	0.0592,1.9249,4.1918,0.287,2.7796,0.0363,0.0126,1.0382,0.085,0.0838
1	Round_2_Replicate_3	-4708.44	9436.88	4556.93	2455.83	0.2143,0.3187,2.4873,8.7241,6.3233,0.1864,0.016,1.4094,0.0412,0.2515
1	Round_1_Replicate_15	-24916.82	49853.64	589604.86	1710.26	0.1912,0.2473,1.7972,4.7488,3.3316,0.4257,1.0304,0.1116,0.0688,0.9899
1	Round_1_Replicate_14	-26490.02	53000.04	457021.72	376.73	0.3001,4.5416,0.3718,0.3908,10.1243,0.5979,1.7387,0.0915,0.1382,0.9898
1	Round_2_Replicate_3	-4896.56	9813.12	6480.86	247.78	0.1239,13.2007,6.0125,0.9889,9.6359,1.0548,0.2269,1.9324,0.0263,0.1535
1	Round_2_Replicate_3	-12499.18	25018.36	9425076324395634.0	186.48	0.6208,7.445,2.004,19.9483,19.0747,0.4666,10.9847,0.4044,0.8193,0.6207
1	Round_2_Replicate_5	-6957.28	13934.56	9574.99	1484.67	0.0996,0.4178,1.824,0.0584,18.5841,0.0787,4.0285,0.505,0.3694,0.0338
1	Round_2_Replicate_1	-4313.81	8647.62	3987.82	879.3	0.4694,1.6435,2.8805,0.2189,1.7685,0.9279,0.1442,0.0205,0.5694,0.1777
1	Round_1_Replicate_15	-6063.19	12146.38	8876.32	2978.49	0.4628,0.1453,13.9658,1.5504,0.1676,13.0522,1.8577,7.0123,0.1996,0.0681
1	Round_2_Replicate_4	-5094.2	10208.4	98305302808.26	768.99	0.8621,5.1097,19.8,19.8,0.1008,3.1124,0.0491,0.0455,0.99,0.0081
1	Round_1_Replicate_15	-23754.32	47528.64	323406.98	382.93	0.3231,7.3575,4.9964,11.6669,1.3323,1.5563,0.7632,0.1859,0.9898,0.9898
1	Round_2_Replicate_4	-13509.39	27038.78	106994.69	371.61	0.1226,7.671,11.0909,0.2319,0.1708,1.0155,0.2403,12.5154,0.9899,0.6289
1	Round_2_Replicate_4	-5620.5	11261.0	7111.97	444.66	0.1094,5.4059,5.0039,1.3388,6.5708,1.6258,0.1091,1.3105,0.0188,0.3178
1	Round_2_Replicate_4	-7363.04	14746.08	758144605.99	318.61	1.3525,2.4552,0.4315,4.0051,9.949,0.0965,5.8271,0.1678,0.9899,0.1335
1	Round_2_Replicate_6	-22931.85	45883.7	289246.28	673.91	0.2478,2.3195,0.2094,0.235,1.4301,1.0111,0.5645,0.1458,0.9899,0.9899
1	Round_2_Replicate_4	-10607.86	21235.72	200517.78	780.93	4.4032,0.2387,4.1607,2.5328,17.8789,11.2072,0.4802,12.6947,0.0591,0.2905
1	Round_2_Replicate_5	-13168.78	26357.56	4.984079597489056e+22	334.07	4.2633,3.8372,1.3404,18.9328,2.4638,8.586,0.5867,0.2341,0.9751,0.3865
1	Round_2_Replicate_1	-21644.22	43308.44	256807.65	851.82	0.4117,1.032,3.2424,0.1495,1.69,0.1448,0.0467,6.8476,0.4108,0.9895
1	Round_2_Replicate_5	-4009.71	8039.42	3614.4	505.86	0.2412,3.1078,11.5351,3.0077,0.2738,0.7356,0.1445,2.0685,0.2284,0.1773
1	Round_2_Replicate_2	-9527.53	19075.06	16643.36	914.97	0.126,0.3983,11.2034,0.5047,2.5205,0.6381,4.0109,0.0462,0.2911,0.0533
1	Round_2_Replicate_5	-6604.25	13228.5	103246823255.63	344.73	0.4059,9.9414,14.6892,0.8225,11.3148,0.0326,0.0982,0.551,0.0177,0.0164
1	Round_2_Replicate_5	-3721.36	7462.72	68571.03	642.72	0.361,2.419,0.5004,18.9328,10.4194,0.0163,0.5071,0.0774,0.9898,0.0628
1	Round_2_Replicate_1	-8394.42	16808.84	8201437.87	1081.08	2.1354,0.1883,18.4171,19.5795,6.7851,2.9466,1.1032,0.8735,0.0451,0.0212
1	Round_2_Replicate_3	-16356.89	32733.78	503503.91	334.95	0.133,18.4171,0.0654,0.7342,0.0473,1.5279,14.3033,19.5795,0.99,0.4506
1	Round_2_Replicate_5	-3963.53	7947.06	3858.3	2227.98	0.2201,0.7661,0.1194,19.8,1.8431,0.9356,0.2871,0.6108,0.1023,0.1049
1	Round_2_Replicate_7	-20469.8	40959.6	187417.99	831.97	1.6159,0.1023,0.4481,0.0364,1.1402,0.1367,0.8026,0.7004,0.3637,0.4072
1	Round_2_Replicate_6	-4421.39	8862.78	4310.61	834.33	0.1939,1.7918,6.6756,18.9328,1.0645,5.2865,0.6272,0.0395,0.434,0.1718
1	Round_2_Replicate_2	-6127.8	12275.6	7934.09	1658.56	0.2648,0.529,19.8,0.1841,0.1958,2.7717,0.0815,0.7334,0.1353,0.3506
1	Round_2_Replicate_3	-6061.93	12143.86	8933.99	1758.17	0.1198,0.3724,4.6708,2.5342,3.0969,0.5878,0.7598,0.2771,0.9899,0.0975
1	Round_2_Replicate_6	-3268.14	6556.28	3228.16	343.34	0.1208,4.1067,14.6892,1.0514,1.4308,0.7283,1.9219,3.7652,0.0417,0.0143
1	Round_2_Replicate_6	-5932.63	11885.26	10581.45	432.96	0.0846,13.6489,6.6352,1.6399,1.2886,0.1704,0.0113,0.4837,0.2038,0.0864
1	Round_2_Replicate_6	-3786.39	7592.78	3481.11	275.24	0.2473,8.1142,0.0571,5.01,3.0384,0.3271,1.7155,0.2149,0.9899,0.0448
1	Round_2_Replicate_8	-18467.57	36955.14	113092.63	525.81	0.4924,2.6006,0.7865,1.1378,6.7072,0.1492,0.2246,1.2769,0.99,0.9527
1	Round_2_Replicate_7	-7119.24	14258.48	24411.19	529.52	0.2392,10.3197,7.664,18.9328,0.3392,0.3411,0.0542,0.2267,0.9898,0.1521
1	Round_2_Replicate_6	-13012.9	26045.8	52759.37	569.65	4.0898,0.1735,0.3057,18.9328,2.2463,0.581,0.3405,2.4454,0.6495,0.5774
1	Round_2_Replicate_4	-5807.06	11634.12	12906.32	839.6	0.2193,1.8906,0.3903,0.6376,0.4192,1.7758,1.1393,18.9328,0.9898,0.096
1	Round_2_Replicate_4	-6728.76	13477.52	9710.86	621.27	0.3663,1.1427,1.1885,0.2457,1.4623,0.8895,3.4942,0.8459,0.99,0.4202
1	Round_2_Replicate_3	-21850.47	43720.94	212755.62	810.21	1.2351,0.0757,1.937,0.1467,3.7667,0.0922,2.4367,0.1416,0.1712,0.4885
1	Round_2_Replicate_7	-5183.04	10386.08	9148.88	631.17	0.0867,2.4411,1.434,0.8352,2.7004,0.1215,0.0082,1.692,0.4807,0.0096
1	Round_2_Replicate_7	-9571.78	19163.56	425834734673.44	799.84	1.4268,1.1455,0.0764,7.4198,14.6892,0.1734,1.1643,1.3345,0.9899,0.2952
1	Round_2_Replicate_8	-4762.08	9544.16	4954.3	848.82	0.1753,1.7212,19.8,7.3593,0.3384,0.4564,0.2344,0.5659,0.1724,0.2593
1	Round_2_Replicate_9	-11051.52	22123.04	56021.48	2247.47	0.0833,0.2498,0.4302,1.352,0.8566,0.1064,0.2027,0.1921,0.9899,0.2242
1	Round_2_Replicate_7	-16158.29	32336.58	106506.1	5137.98	0.0851,0.0464,0.1112,8.1582,0.8072,0.1837,0.2311,0.6376,0.4673,0.5349
1	Round_2_Replicate_2	-10927.71	21875.42	34272.17	1722.69	0.0769,0.1711,1.4844,19.8,19.8,2.551,2.7088,0.1012,0.0893,0.8945
1	Round_2_Replicate_7	-7394.7	14809.4	1630749.53	693.06	0.1116,18.4171,19.5795,3.6723,0.4806,5.8539,0.0576,1.5034,0.8715,0.0188
1	Round_2_Replicate_5	-3194.83	6409.66	1549.68	1058.52	0.1314,1.1245,1.2154,1.683,12.2923,0.3667,0.285,0.0861,0.9899,0.038
1	Round_2_Replicate_4	-9781.3	19582.6	27991.27	367.22	4.3653,0.2927,3.8286,0.1453,0.2674,1.5729,0.3057,3.0664,0.9899,0.1087
1	Round_2_Replicate_8	-5672.0	11364.0	387956.9	444.53	0.7227,7.4346,8.4366,1.586,1.2578,0.8342,0.1984,0.2028,0.1072,0.0767
1	Round_2_Replicate_8	-7468.6	14957.2	12945.86	436.34	1.6016,0.5772,0.0441,2.8713,11.7104,0.0512,7.6579,0.329,0.2424,0.1564
1	Round_2_Replicate_9	-5774.31	11568.62	10559.41	331.43	6.3481,2.4824,4.3585,8.092,0.0697,3.127,0.738,0.0223,0.9103,0.0313
1	Round_2_Replicate_8	-5575.61	11171.22	110379.0	1535.55	0.1547,1.9873,0.125,19.8,15.6128,0.6407,0.0104,0.5597,0.2453,0.3066
1	Round_2_Replicate_10	-29520.15	59060.3	1335638.28	2495.26	1.1567,0.2014,0.1942,0.15,18.9328,0.5366,1.6559,1.0222,0.9898,0.9898
1	Round_2_Replicate_6	-5030.41	10080.82	5007.18	1054.09	0.2156,0.5183,0.3652,1.4921,18.9328,9.397,2.266,0.2082,0.5525,0.0081
1	Round_2_Replicate_5	-10562.78	21145.56	35766.23	1559.64	0.1627,7.6174,0.0496,0.0964,0.0693,15.4113,1.9695,18.9328,0.9898,0.5891
1	Round_2_Replicate_8	-7743.13	15506.26	23949.89	327.05	0.5903,3.4929,2.3359,2.4576,0.0765,0.3661,0.0769,18.9328,0.9898,0.2397
1	Round_2_Replicate_9	-4848.84	9717.68	6858.25	892.95	0.1021,4.5135,7.6636,13.5337,2.7568,1.4552,0.1697,1.5285,0.348,0.0693
1	Round_2_Replicate_5	-24669.96	49359.92	493901.35	2957.97	0.1446,0.1429,4.1271,0.4687,1.2241,0.657,2.8337,0.978,0.2458,0.9899
1	Round_2_Replicate_9	-9050.29	18120.58	19820.58	2540.39	0.3635,0.0684,0.4683,18.6517,1.6888,0.2802,0.0092,0.8802,0.5827,0.0192
1	Round_2_Replicate_10	-5682.31	11384.62	6869.83	1408.26	0.3743,0.3672,7.5506,8.3383,3.4188,0.2294,0.2628,0.1716,0.9899,0.0197
1	Round_2_Replicate_11	-13382.77	26785.54	54521.57	2879.9	0.0924,0.1874,2.4765,0.1498,2.0488,0.7407,0.2004,0.5258,0.9899,0.7191
1	Round_2_Replicate_9	-3288.47	6596.94	2110.46	528.2	0.7975,1.606,0.6601,8.3629,3.0332,0.5287,3.1229,0.1766,0.1441,0.0175
1	Round_2_Replicate_7	-5144.11	10308.22	14287.15	1256.86	0.3571,0.5744,7.5544,0.0405,17.2109,6.7337,2.3047,0.4379,0.1913,0.0841
1	Round_2_Replicate_9	-6156.53	12333.06	6763.7	474.62	0.3576,3.0108,5.5691,0.5986,0.0435,0.1897,0.7292,1.0351,0.3351,0.4571
1	Round_2_Replicate_10	-3122.15	6264.3	1965.14	678.3	0.3805,2.4482,0.7347,1.283,18.5634,0.0597,0.3368,0.1302,0.4002,0.0177
1	Round_2_Replicate_6	-3986.56	7993.12	3937.11	994.18	0.296,1.2147,2.0347,0.0593,0.2787,3.6255,0.1682,0.7963,0.5986,0.0485
1	Round_2_Replicate_12	-11663.96	23347.92	381462.13	1022.95	1.6068,0.386,4.7243,1.0659,19.8,0.4835,0.4366,0.1562,0.4791,0.5593
1	Round_2_Replicate_10	-4169.73	8359.46	4937.49	1982.37	0.1083,0.94,1.0159,12.7684,10.5065,0.0269,1.6478,0.403,0.1294,0.0176
1	Round_2_Replicate_8	-6086.27	12192.54	15191.72	1714.81	0.4339,0.2784,8.0954,1.1421,7.4479,0.8039,0.635,0.3448,0.202,0.0536
1	Round_2_Replicate_10	-6587.38	13194.76	1174839.69	458.74	0.666,10.2741,2.4506,0.4059,0.0489,3.4217,0.4782,2.4737,0.9899,0.1354
1	Round_2_Replicate_10	-7994.36	16008.72	22192.36	307.41	4.0043,0.4749,0.2097,19.8,0.7827,1.8149,0.0193,11.5663,0.1227,0.2731
1	Round_2_Replicate_11	-6384.72	12789.44	510115580.41	645.06	0.2529,7.1025,19.8,19.8,0.2974,6.322,0.2993,0.1978,0.99,0.0491
1	Round_2_Replicate_6	-9249.34	18518.68	43318.17	1754.01	0.0432,1.7057,0.9028,0.4692,1.6574,6.0349,2.0543,1.5635,0.9899,0.2856
1	Round_2_Replicate_11	-6261.62	12543.24	870859437122.12	895.58	0.8679,1.668,2.2765,9.093,7.5131,0.0932,0.0248,0.0711,0.0742,0.1135
1	Round_2_Replicate_7	-31156.15	62332.3	2238103.47	464.17	3.782,0.7515,5.9364,0.1165,1.766,0.116,1.1991,0.8875,0.9899,0.9899
1	Round_2_Replicate_13	-12430.81	24881.62	48508.62	1409.39	1.1851,0.089,0.5263,0.0321,16.7931,0.7746,0.0765,0.0534,0.9898,0.0376
1	Round_2_Replicate_11	-3793.66	7607.32	563928.86	302.45	0.4603,18.605,0.3344,18.764,5.199,0.1774,9.7102,0.5688,0.2467,0.0175
1	Round_2_Replicate_3	-8845.29	17710.58	21268.73	1055.51	0.0941,0.1317,18.9328,6.4192,7.2766,1.6215,10.9634,0.2565,0.1266,0.0153
1	Round_2_Replicate_9	-7583.65	15187.3	12870.03	8010.88	0.0432,0.0587,0.3003,0.5951,18.9328,13.9422,0.3157,0.2638,0.9898,0.4385
1	Round_2_Replicate_11	-6490.46	13000.92	12105.59	1453.25	0.7217,0.1126,1.4321,18.9328,1.0244,1.7381,0.1568,0.7757,0.1526,0.0229
1	Round_2_Replicate_12	-3625.46	7270.92	2182.49	754.43	0.3132,1.2638,8.4755,1.7019,0.8051,1.086,1.5044,0.7741,0.2274,0.1021
1	Round_2_Replicate_7	-8127.79	16275.58	14776.98	403.89	0.2712,3.5179,2.4375,0.1818,0.2037,0.8759,0.4374,7.6935,0.5533,0.5875
1	Round_2_Replicate_12	-4900.5	9821.0	7254.89	1313.03	0.0336,0.9944,6.5739,6.587,17.0042,0.5978,0.1851,0.0855,0.0821,0.015
1	Round_2_Replicate_14	-5052.18	10124.36	5116.41	1286.2	0.2331,0.6341,1.1561,1.1441,11.6928,0.0601,0.265,0.1542,0.3451,0.2098
1	Round_2_Replicate_8	-7811.1	15642.2	13985.45	3231.87	0.6213,0.1391,18.9328,0.9768,1.7175,0.9085,1.4368,3.768,0.0574,0.137
1	Round_2_Replicate_4	-4912.98	9845.96	5234.56	1634.14	0.2773,0.2339,1.5145,18.9328,1.0754,7.9564,1.6716,0.1809,0.5593,0.0671
1	Round_2_Replicate_11	-7460.23	14940.46	794912.63	228.17	0.6574,18.4171,19.5795,0.2474,0.0931,1.1631,0.9927,1.7703,0.9896,0.0247
1	Round_2_Replicate_10	-4802.02	9624.04	6299.57	1072.81	0.3138,0.9195,0.3431,0.0615,1.3972,0.6029,0.1827,0.0276,0.9898,0.1121
1	Round_2_Replicate_13	-4197.29	8414.58	4333.01	671.01	0.3664,1.664,14.6892,3.065,0.1928,0.4316,1.0994,0.2087,0.2001,0.1453
1	Round_2_Replicate_13	-3282.26	6584.52	9688.18	931.8	0.2711,1.9099,7.353,0.299,18.9328,0.294,0.0792,0.0355,0.1078,0.0303
1	Round_2_Replicate_15	-6159.48	12338.96	8808.01	458.29	1.1977,1.5798,1.7444,1.4529,4.1166,0.0717,2.7444,0.1154,0.185,0.2854
1	Round_2_Replicate_12	-10983.91	21987.82	25561.09	221.14	0.089,6.9918,0.2316,2.468,19.8,0.2739,5.8928,0.6702,0.99,0.7845
1	Round_2_Replicate_9	-5287.47	10594.94	573693725.39	412.23	1.0363,2.8916,8.7276,0.2832,4.7452,0.2436,1.4575,1.19,0.3335,0.0506
1	Round_2_Replicate_12	-4120.89	8261.78	17416.19	1241.76	0.1657,1.2246,3.2572,4.6215,0.0724,3.5994,0.5863,0.9393,0.4797,0.0121
1	Round_2_Replicate_11	-9515.73	19051.46	20917.41	2237.71	0.1303,0.1499,1.946,0.3742,2.2356,13.3254,0.8111,0.0238,0.9899,0.1434
1	Round_2_Replicate_14	-5467.28	10954.56	175076.24	322.18	0.6979,14.5788,9.7926,2.0033,2.6677,1.4839,0.5101,0.0534,0.071,0.0162
1	Round_3_Replicate_1	-4920.7	9861.4	5050.1	2491.35	0.1749,0.2527,6.1077,0.448,18.9328,1.8987,0.2025,0.3523,0.6076,0.0709
1	Round_2_Replicate_8	-6733.97	13487.94	135829.78	697.53	0.2881,4.2312,1.7029,1.4175,0.0407,3.4235,17.0,2.0301,0.9899,0.0461
1	Round_2_Replicate_5	-12718.86	25457.72	60340.17	640.25	0.9124,0.1277,18.9328,7.8724,0.6997,0.5016,5.6644,0.0402,0.0436,0.0216
1	Round_2_Replicate_13	-7474.63	14969.26	10706.23	205.22	0.1796,7.5858,0.2311,2.2091,8.054,0.0723,5.4045,0.0611,0.6926,0.5084
1	Round_2_Replicate_14	-8135.91	16291.82	688827726146168.5	632.47	0.8677,3.0754,19.8,19.8,0.1873,7.6266,0.0568,0.4058,0.1625,0.0355
1	Round_2_Replicate_13	-3261.49	6542.98	1590.55	867.02	0.1387,1.2102,14.6892,1.6813,1.3797,0.6763,1.9778,1.3579,0.1756,0.019
1	Round_2_Replicate_10	-6974.72	13969.44	22399.89	1659.27	0.7119,0.2872,18.9328,0.5153,5.8776,1.2883,2.1084,5.5574,0.9406,0.1963
1	Round_2_Replicate_15	-3382.53	6785.06	3700.79	554.04	0.0737,3.4374,13.6484,6.0178,18.8995,0.0846,0.1152,1.3934,0.7731,0.0673
1	Round_2_Replicate_12	-9881.21	19782.42	21246.95	1843.48	0.0402,0.2237,9.421,0.1022,9.6742,1.6508,1.4641,0.0264,0.5188,0.0108
1	Round_2_Replicate_6	-7273.35	14566.7	673380.46	263.31	1.1574,2.295,1.9784,18.9328,7.4586,0.5525,12.098,0.0891,0.1818,0.3828
1	Round_3_Replicate_2	-6582.25	13184.5	8623.79	3884.75	0.0628,0.2307,18.6173,0.125,5.856,0.3776,0.3831,0.5291,0.4024,0.396
1	Round_2_Replicate_15	-4242.46	8504.92	8137.97	261.12	3.1558,6.0338,2.6179,6.5157,1.9154,0.4962,1.2212,0.0694,0.9899,0.0093
1	Round_2_Replicate_14	-10847.97	21715.94	543869.93	941.77	0.1092,11.6209,4.9741,5.1596,0.1593,6.0262,0.1113,1.7171,0.9899,0.0396
1	Round_2_Replicate_11	-6039.44	12098.88	9378.19	3677.97	0.0905,0.1777,3.7023,1.5096,0.1873,0.3373,0.1032,1.7612,0.0497,0.0905
1	Round_3_Replicate_1	-3521.1	7062.2	2836.89	729.27	0.2583,3.3454,1.0226,1.4645,16.473,0.1431,0.1876,0.037,0.2647,0.0074
1	Round_2_Replicate_7	-8013.0	16046.0	16399.14	3996.61	0.0984,0.1023,18.9838,15.0847,18.2851,12.7129,0.6613,0.3089,0.9898,0.4629
1	Round_3_Replicate_3	-3728.9	7477.8	3154.44	788.66	0.0732,2.1192,4.9147,0.1175,18.9328,0.5008,0.3494,0.1783,0.2046,0.034
1	Round_2_Replicate_13	-6271.33	12562.66	8492.94	1916.57	0.0628,0.1726,0.9939,0.8045,18.9838,18.5687,1.7719,0.1208,0.9898,0.0497
1	Round_2_Replicate_15	-3569.03	7158.06	2166.26	393.29	0.8949,2.4114,2.4135,5.0838,1.1945,0.1067,0.1628,6.0531,0.9076,0.0467
1	Round_2_Replicate_12	-7704.56	15429.12	495003.84	1092.98	1.9591,0.3207,3.5782,19.8,5.6086,0.231,0.2164,19.8,0.9059,0.0531
1	Round_2_Replicate_14	-5977.63	11975.26	10825.38	303.67	0.0739,4.8812,0.044,6.7262,3.7337,0.0249,4.5159,1.3469,0.9899,0.2481
1	Round_2_Replicate_12	-5509.1	11038.2	6532.13	2839.73	0.1827,0.2075,6.3299,0.4159,4.8627,2.872,0.0981,4.6353,0.9899,0.2115
1	Round_3_Replicate_2	-4244.08	8508.16	4685.92	867.86	0.1795,1.918,2.0639,2.0932,6.4776,0.0382,0.2441,0.0365,0.1189,0.0444
1	Round_3_Replicate_4	-5231.24	10482.48	6778.89	1871.17	0.0803,0.3791,2.8267,0.425,16.6994,0.3803,0.0869,0.1993,0.2007,0.0333
1	Round_2_Replicate_14	-3512.44	7044.88	2128.8	1435.12	0.0819,0.6901,6.5461,0.0968,18.9328,3.1917,0.2139,0.2804,0.3922,0.0183
1	Round_3_Replicate_1	-8003.06	16026.12	15478.21	659.27	0.1029,0.9751,2.838,0.5063,2.8096,1.1368,5.8346,0.4006,0.256,0.3902
1	Round_2_Replicate_15	-5242.69	10505.38	2263168341.56	280.33	1.5271,7.3595,0.04,18.9328,4.3912,0.0221,2.6038,0.3619,0.6341,0.0189
1	Round_2_Replicate_13	-3660.55	7341.1	12323.26	403.04	1.7184,2.7361,2.5802,1.7362,0.4785,1.1387,0.9921,0.2623,0.1419,0.038
1	Round_2_Replicate_13	-8990.27	18000.54	5211920013917884.0	694.43	4.0338,0.6074,1.7715,15.6818,11.9333,5.6644,0.0741,2.4287,0.9899,0.033
1	Round_3_Replicate_3	-3255.39	6530.78	52578.03	381.44	0.2928,5.0541,0.2742,1.4931,6.9299,0.142,0.9794,0.4299,0.9899,0.0054
1	Round_3_Replicate_5	-5673.36	11366.72	6170.58	3794.61	0.0967,0.2351,15.3561,0.0858,12.6331,0.6277,0.2597,0.6376,0.0559,0.3057
1	Round_3_Replicate_1	-4303.84	8627.68	5051.58	388.04	0.1192,3.4439,3.853,0.7186,0.5362,0.852,4.4739,2.6618,0.2596,0.0136
1	Round_2_Replicate_8	-9351.22	18722.44	26567.2	732.63	0.377,0.1784,19.8,19.8,1.8765,1.6294,6.217,0.2318,0.228,0.0221
1	Round_3_Replicate_1	-3624.68	7269.36	4285.7	394.53	0.8256,3.3952,0.8364,5.7968,1.2259,0.8355,2.3224,0.123,0.0383,0.0462
1	Round_3_Replicate_2	-4550.09	9120.18	158205603.59	663.27	0.9985,1.2506,6.6613,1.6696,1.1445,3.959,0.3819,0.989,0.2644,0.0351
1	Round_2_Replicate_14	-10043.29	20106.58	52731.0	763.3	1.7385,0.9459,10.9715,1.2929,1.4574,0.2237,0.4203,1.505,0.0396,0.5015
1	Round_3_Replicate_4	-6474.91	12969.82	51304.5	543.44	1.0763,2.7274,0.2145,0.419,14.6892,0.0145,0.3584,0.4383,0.9899,0.0302
1	Round_2_Replicate_14	-10049.85	20119.7	33127.51	1062.02	1.5807,0.0678,4.9559,18.2978,1.4566,0.2811,0.1993,1.7884,0.2638,0.0865
1	Round_3_Replicate_6	-5188.67	10397.34	5887.08	1202.14	0.0541,1.0281,2.5323,0.0507,18.9328,2.5837,0.033,0.2629,0.4673,0.2369
1	Round_2_Replicate_9	-5417.18	10854.36	6346.04	2825.04	0.2464,0.2159,2.3166,4.3952,12.6499,0.3008,4.2972,0.457,0.99,0.0225
1	Round_3_Replicate_3	-8305.7	16631.4	21602.98	944.42	1.2509,0.5298,13.2671,1.1303,1.5604,1.1134,1.3648,0.2292,0.0606,0.2668
1	Round_3_Replicate_2	-5746.54	11513.08	468341.71	681.81	0.4364,5.0365,0.7185,15.2462,6.4899,0.1284,2.0057,0.2297,0.0743,0.0186
1	Round_3_Replicate_5	-4669.26	9358.52	870295.89	788.16	0.9199,1.563,0.2961,3.5569,14.6892,0.0615,0.1592,0.0593,0.7665,0.0559
1	Round_2_Replicate_15	-13075.6	26171.2	123084.5	431.48	0.2678,3.1914,14.6892,0.1318,0.2912,2.6633,1.9171,1.8046,0.0456,0.8429
1	Round_3_Replicate_7	-7462.1	14944.2	12496.01	1553.28	0.2194,0.4119,1.3655,0.1035,5.0527,2.3576,0.2649,0.3584,0.2306,0.3361
1	Round_2_Replicate_15	-20390.15	40800.3	171673.11	971.2	0.8185,0.0401,0.7487,0.0552,18.9328,6.4438,2.9962,0.1717,0.2115,0.2677
1	Round_2_Replicate_15	-9256.71	18533.42	3.19228248437973e+17	331.73	3.9102,0.8658,5.8498,14.6892,4.0389,10.453,0.0504,3.7071,0.0509,0.0381
1	Round_2_Replicate_10	-23426.01	46872.02	582953.01	1103.65	1.3442,0.0918,5.5771,18.9328,5.2707,0.3461,0.2984,0.3405,0.0756,0.9591
1	Round_3_Replicate_2	-3362.58	6745.16	1835.49	695.59	0.0853,1.5478,18.9328,0.6694,2.8482,0.4594,4.8888,0.5671,0.1334,0.0154
1	Round_3_Replicate_3	-4730.28	9480.56	592955181.94	231.44	2.8967,3.1755,0.4434,14.6892,5.1214,0.6217,7.131,0.1477,0.3504,0.0162
1	Round_3_Replicate_4	-5972.02	11964.04	9086.83	751.29	0.7331,0.8115,11.8644,5.4808,0.2434,1.7233,2.5862,1.6081,0.122,0.2091
1	Round_3_Replicate_6	-3584.29	7188.58	2425.69	1153.67	0.1772,0.9414,1.9772,3.0751,18.9328,0.016,0.156,0.0561,0.1375,0.0361
1	Round_3_Replicate_8	-9841.29	19702.58	36737.62	2652.17	0.0553,0.2257,1.3919,0.3944,8.3451,1.0976,0.1487,0.3632,0.0414,0.1896
1	Round_3_Replicate_1	-5282.92	10585.84	983535.56	470.11	2.6954,3.8227,7.6717,0.4797,0.1736,0.5988,0.2779,0.0771,0.2562,0.0089
1	Round_3_Replicate_1	-3893.29	7806.58	3878.72	674.49	0.0666,3.3711,0.7137,0.6826,19.3616,0.2544,0.3188,0.0963,0.5688,0.0127
1	Round_3_Replicate_1	-4682.92	9385.84	7735.67	2364.11	0.1278,1.2678,0.0296,18.9328,1.4804,0.2794,0.1597,0.7409,0.0887,0.04
1	Round_2_Replicate_11	-11285.91	22591.82	619846.59	1395.14	0.9146,0.2368,19.1803,1.6268,7.6884,0.4804,1.8585,0.2251,0.2811,0.4245
1	Round_3_Replicate_3	-3409.48	6838.96	43534.32	406.14	0.1897,3.4546,9.4286,1.9538,2.1248,2.2646,4.1335,1.152,0.534,0.0048
1	Round_3_Replicate_7	-3281.64	6583.28	101644.17	900.75	0.1759,1.4904,0.2027,3.8259,14.6892,0.033,0.1841,0.5126,0.932,0.0066
1	Round_3_Replicate_4	-4533.59	9087.18	4778.05	515.08	1.7217,0.8126,0.3275,2.3312,11.3667,1.2826,2.7122,0.3526,0.1845,0.012
1	Round_3_Replicate_5	-3451.33	6922.66	15060.56	830.65	0.1564,1.7295,13.0248,3.8488,0.2089,3.1394,0.7915,2.7772,0.2927,0.0336
1	Round_3_Replicate_9	-5488.09	10996.18	10030.32	912.71	0.0579,1.6807,1.8749,0.0461,11.1695,1.576,0.1434,0.3191,0.1694,0.0308
1	Round_3_Replicate_2	-3768.85	7557.7	7124.78	247.77	0.8556,8.5977,8.3105,3.1783,0.2989,0.3113,1.5761,0.6047,0.3441,0.0093
1	Round_3_Replicate_2	-3297.37	6614.74	2119.81	857.16	0.4133,1.6947,0.5218,1.7174,14.6892,0.9625,0.154,0.0568,0.465,0.0526
1	Round_3_Replicate_2	-3603.36	7226.72	2637.89	1380.85	0.3092,0.6454,0.0431,14.9193,2.0855,0.6396,0.1391,0.1712,0.31,0.0258
1	Round_2_Replicate_12	-6421.39	12862.78	7131.53	563.99	0.1457,2.5399,10.3491,3.1223,3.6502,13.7269,1.5101,0.0392,0.0594,0.474
1	Round_3_Replicate_4	-3309.75	6639.5	1732.16	664.77	0.1184,1.7826,14.5628,0.4544,0.379,0.181,2.112,1.0364,0.2247,0.0147
1	Round_3_Replicate_5	-3848.41	7716.82	3665.14	768.8	0.2775,4.0382,0.171,18.9328,1.3157,0.6445,1.0692,0.3713,0.4103,0.0485
1	Round_3_Replicate_8	-4163.1	8346.2	4435.49	659.86	0.2212,5.4758,1.5125,0.533,10.3853,0.0439,0.0824,0.1296,0.2139,0.0591
1	Round_3_Replicate_10	-7955.13	15930.26	123179.31	1557.26	0.4733,0.2015,12.5416,0.2249,18.9328,0.2067,0.0529,0.0881,0.0434,0.0577
1	Round_3_Replicate_3	-4104.63	8229.26	82071.22	205.3	4.402,6.7612,3.1494,0.5892,0.5907,1.2383,1.8159,0.131,0.4021,0.0096
1	Round_3_Replicate_6	-4054.42	8128.84	15768691.64	358.82	0.8043,4.4518,2.5309,4.265,1.9327,1.1643,2.63,0.686,0.1546,0.0298
1	Round_3_Replicate_3	-3932.52	7885.04	2836.55	1057.26	0.1284,1.2374,2.4073,3.1752,6.7741,0.1329,0.1548,0.0954,0.7681,0.136
1	Round_3_Replicate_3	-6038.49	12096.98	9504.28	4378.56	0.1103,0.1885,0.1631,19.3616,2.8702,1.3608,0.7412,0.2772,0.1328,0.3121
1	Round_2_Replicate_13	-6134.45	12288.9	39493.81	833.04	0.6054,0.7655,14.6892,0.9199,3.6066,17.6648,1.5752,0.036,0.0516,0.0819
1	Round_3_Replicate_5	-3494.43	7008.86	2021.75	2721.73	0.0652,0.3195,19.8,3.2129,1.1788,1.932,0.6444,0.5543,0.0567,0.012
1	Round_3_Replicate_6	-4445.26	8910.52	4063417786.14	460.48	1.9458,2.4133,0.1706,8.9182,5.3794,0.5137,0.8527,0.1384,0.1136,0.0214
1	Round_3_Replicate_9	-3085.53	6191.06	1648.23	799.58	0.3168,2.2242,1.297,0.6951,15.8602,0.0413,0.1417,0.0917,0.3434,0.0104
1	Round_3_Replicate_11	-8268.25	16556.5	761265.94	2136.68	0.4931,0.2619,11.9612,0.0567,13.2709,2.1806,0.1,0.5389,0.1548,0.3331
1	Round_3_Replicate_4	-3991.95	8003.9	7539.13	307.15	1.3879,4.3322,4.1588,3.0193,0.2461,0.6069,2.0328,0.2035,0.0491,0.0247
1	Round_3_Replicate_7	-5518.49	11056.98	7069.63	1139.21	0.48,0.453,11.7608,0.4882,0.2449,2.8322,1.0244,0.2012,0.8869,0.0446
1	Round_3_Replicate_4	-3043.51	6107.02	1751.76	1003.41	0.1493,1.3847,1.1607,2.172,11.6974,0.4832,0.1463,0.0671,0.9899,0.0199
1	Round_3_Replicate_4	-5790.78	11601.56	8477.97	1866.97	0.2382,0.3965,0.1957,9.8164,0.8728,0.3422,0.7929,0.2678,0.1108,0.2526
1	Round_2_Replicate_14	-9760.32	19540.64	41999.71	341.2	0.7438,0.9206,18.9328,15.0651,7.733,0.4552,11.6684,0.0735,0.4283,0.14
1	Round_3_Replicate_6	-3734.06	7488.12	14260.69	647.49	0.108,2.9703,5.2693,3.0356,3.2693,1.6537,0.838,0.6239,0.0433,0.0062
1	Round_3_Replicate_7	-4658.7	9337.4	124013196.57	385.75	0.5236,3.657,0.7825,6.9383,7.257,0.7924,5.2468,0.2968,0.0563,0.008
1	Round_3_Replicate_10	-3505.72	7031.44	3448.4	386.61	0.1344,6.5,1.9859,1.1776,18.9328,0.0183,0.8611,0.0541,0.9066,0.0161
1	Round_3_Replicate_12	-5797.18	11614.36	8176.45	1026.6	0.0524,1.5882,7.831,0.2821,5.6342,2.0034,0.0406,0.1802,0.2959,0.3138
1	Round_3_Replicate_8	-3964.32	7948.64	2799.7	613.28	0.2614,1.3882,11.4158,3.9366,0.5113,0.9113,3.3727,0.5396,0.2365,0.0733
1	Round_3_Replicate_5	-4066.16	8152.32	586364639.03	209.07	0.6677,8.2259,5.6203,1.7277,0.3902,2.2066,3.6829,0.2315,0.0376,0.0613
1	Round_3_Replicate_5	-4905.32	9830.64	6239.73	1650.66	0.3648,0.4098,0.4567,0.5561,12.3226,0.9067,0.8907,0.3315,0.9899,0.0094
1	Round_3_Replicate_5	-4772.55	9565.1	6113.26	3436.91	0.1525,0.2897,0.1148,18.9328,1.0566,1.4533,0.8919,1.0851,0.1652,0.1745
1	Round_2_Replicate_9	-16566.46	33152.92	219114.9	204.45	0.0509,17.7775,0.1935,1.265,0.9864,1.0142,17.8007,3.4083,0.3467,0.7896
1	Round_3_Replicate_8	-3552.14	7124.28	547463.76	684.6	0.341,4.5534,0.1712,18.9328,5.8035,0.8752,3.6275,0.4889,0.2931,0.0203
1	Round_3_Replicate_13	-3061.88	6143.76	1263.39	973.68	0.1244,1.3475,6.1735,0.4541,18.9328,2.4255,0.2609,0.1672,0.2877,0.0331
1	Round_3_Replicate_11	-5135.93	10291.86	6984.88	1276.39	0.1981,0.6661,1.234,0.5472,9.2187,0.1419,0.2496,0.0337,0.1504,0.0193
1	Round_2_Replicate_15	-7413.56	14847.12	1513930277974768.8	782.7	0.6666,1.1647,18.4171,3.0978,19.5795,14.5569,0.6988,0.2035,0.0763,0.0467
1	Round_3_Replicate_7	-4061.78	8143.56	1432.7	747.41	0.1715,1.5723,14.6892,4.8935,2.4682,2.4401,4.963,3.3379,0.0533,0.0624
1	Round_3_Replicate_6	-3613.42	7246.84	2654.51	801.57	0.4856,1.4135,5.1125,0.9424,0.5145,2.2002,0.3685,0.1003,0.0518,0.1148
1	Round_3_Replicate_6	-7680.15	15380.3	28025.06	683.43	0.0479,3.4893,1.4825,0.6295,3.9593,0.569,0.3596,0.0338,0.2837,0.017
1	Round_3_Replicate_6	-5673.85	11367.7	10407.19	2231.12	0.1479,1.0983,0.1984,14.5104,1.4724,0.2569,0.9251,0.4547,0.0451,0.23
1	Round_3_Replicate_9	-4593.64	9207.28	5152.06	766.02	0.8212,0.8855,16.3786,3.347,0.3691,0.9916,4.0136,2.5467,0.2029,0.0322
1	Round_3_Replicate_9	-4770.61	9561.22	28616576.99	556.95	1.4023,0.5077,0.4605,12.2053,5.4932,0.4503,4.2471,0.2053,0.0407,0.0281
1	Round_3_Replicate_14	-4686.76	9393.52	31869.12	957.49	0.489,0.8978,7.7332,0.1858,17.6498,1.6816,0.3947,0.1163,0.0567,0.0977
1	Round_2_Replicate_10	-25299.29	50618.58	893393.36	401.09	0.1889,5.6863,1.7191,0.7468,0.0841,0.9078,3.1927,8.8591,0.9899,0.9899
1	Round_3_Replicate_12	-3446.14	6912.28	63636.45	527.44	1.3637,2.8007,0.7185,1.2752,18.9328,0.0182,0.3269,0.1988,0.2043,0.0067
1	Round_3_Replicate_1	-7279.47	14578.94	13581.53	1919.59	0.1209,0.2528,2.5322,11.658,1.5464,3.8032,0.8486,0.1128,0.9899,0.1012
1	Round_3_Replicate_8	-3252.96	6525.92	5638.24	565.93	0.2567,2.3781,10.5447,0.4965,3.5239,0.4679,1.0949,0.6878,0.0531,0.0097
1	Round_3_Replicate_7	-4493.0	9006.0	4106.04	925.24	0.7941,0.6812,1.8766,1.0443,0.2088,0.4051,0.3469,0.0984,0.0403,0.0285
1	Round_3_Replicate_7	-6972.32	13964.64	20336.92	3444.25	0.073,0.6851,0.045,18.9328,0.7546,1.6663,0.071,0.9854,0.1025,0.2914
1	Round_3_Replicate_7	-4097.46	8214.92	3063.15	1644.47	0.0665,0.4904,4.4266,2.48,19.3616,0.9721,0.671,0.0678,0.9898,0.0371
1	Round_3_Replicate_10	-4014.84	8049.68	4341.4	422.13	0.1409,3.8894,18.9328,0.7659,0.289,0.328,1.6031,0.3589,0.6123,0.0427
1	Round_3_Replicate_13	-3614.0	7248.0	6741.03	661.78	0.1783,3.4883,1.1251,0.7444,14.6892,0.0331,0.1935,0.1341,0.9899,0.0161
1	Round_3_Replicate_10	-7482.46	14984.92	191855.24	276.24	1.7517,2.4178,0.1958,3.7745,1.1885,0.5013,6.8701,0.0774,0.1099,0.0133
1	Round_3_Replicate_15	-4257.11	8534.22	4260.92	3407.38	0.1393,0.2407,14.8874,0.1174,16.1185,1.4043,0.031,0.8197,0.1157,0.033
1	Round_3_Replicate_2	-4724.19	9468.38	62368425958.61	1437.58	0.4018,0.9143,0.3801,13.852,3.8816,16.7126,1.7359,0.5513,0.2808,0.0399
1	Round_3_Replicate_8	-5504.69	11029.38	248225.38	507.91	4.911,1.4608,1.7159,0.6417,1.3479,1.4143,0.2845,0.0907,0.0344,0.0353
1	Round_3_Replicate_8	-5820.34	11660.68	12803.39	1606.83	0.0921,2.3192,0.1433,16.9185,1.7254,1.8118,0.104,0.3315,0.2361,0.0487
1	Round_3_Replicate_8	-3215.15	6450.3	11317.61	812.73	0.4315,2.3691,2.6645,0.4663,6.0244,1.2091,0.1346,0.0241,0.9899,0.0128
1	Round_3_Replicate_11	-4795.3	9610.6	5016.08	1691.29	0.1528,0.4689,7.5547,1.2675,0.3038,1.5948,1.7967,1.3938,0.5043,0.0803
1	Round_2_Replicate_11	-5347.33	10714.66	37908.4	616.39	0.4416,4.0154,0.1317,1.4985,0.272,3.8906,14.5623,5.469,0.6876,0.042
1	Round_3_Replicate_14	-4408.8	8837.6	1846635.08	643.49	1.0191,2.9797,0.8875,2.2295,14.6892,0.1963,0.179,0.0525,0.658,0.0123
1	Round_3_Replicate_11	-4917.66	9855.32	453854.71	438.21	1.6182,0.7909,0.3907,6.9189,3.1082,0.1333,7.5084,0.5045,0.1569,0.0077
1	Round_3_Replicate_9	-5631.14	11282.28	6592.57	993.23	0.0716,0.7855,18.9328,2.0643,0.601,0.4534,3.2683,0.6879,0.5607,0.0288
1	Round_3_Replicate_3	-4858.78	9737.56	26763.52	895.48	0.188,0.6719,0.6505,7.347,1.897,6.1948,3.5952,0.3047,0.9899,0.0372
1	Round_3_Replicate_9	-3986.64	7993.28	6787.71	323.94	0.9775,4.0046,1.4875,0.4344,0.2158,2.1363,2.4462,0.1247,0.1093,0.0248
1	Round_3_Replicate_9	-3747.89	7515.78	2590.74	1518.6	0.0678,0.65,1.0978,4.008,19.8,1.0027,0.2867,0.1952,0.99,0.0842
1	Round_3_Replicate_9	-4497.18	9014.36	5527.05	1110.18	0.6699,1.0885,0.1124,13.3664,1.1088,0.2332,0.232,1.8367,0.0558,0.1429
1	Round_3_Replicate_12	-5018.75	10057.5	5802.96	1728.64	0.1668,0.4549,2.3209,1.9147,3.0219,0.5055,0.4083,1.3727,0.2365,0.1658
1	Round_4_Replicate_1	-2990.57	6001.14	1188.4	969.3	0.1695,1.3152,4.9208,0.715,19.6466,2.8667,0.1626,0.229,0.364,0.0278
1	Round_2_Replicate_12	-7212.63	14445.26	23825.58	265.77	0.2332,10.8748,0.6102,0.5671,0.4471,0.9964,0.6935,5.6771,0.7463,0.0502
1	Round_3_Replicate_15	-4226.35	8472.7	4283.13	916.66	0.9024,0.6478,0.2325,4.0812,18.9328,0.1098,0.3563,0.0848,0.141,0.0072
1	Round_3_Replicate_12	-6081.72	12183.44	55160.62	282.8	0.9222,1.8715,1.564,9.4856,8.2052,0.3517,11.6065,0.0651,0.1041,0.0043
1	Round_3_Replicate_10	-4921.14	9862.28	5166.62	1669.99	0.3314,0.3628,7.6972,1.3437,5.1931,0.4552,0.8371,0.527,0.5423,0.0413
1	Round_3_Replicate_4	-6626.57	13273.14	11421.92	2394.52	0.3836,0.1005,1.4891,18.9328,1.4583,7.1737,0.668,0.5858,0.1921,0.194
1	Round_3_Replicate_10	-3598.3	7216.6	366455.2	644.1	0.1921,2.4861,0.4512,3.2291,14.6892,0.107,0.5781,0.2707,0.9899,0.0473
1	Round_3_Replicate_10	-6687.91	13395.82	10664.04	358.5	2.7782,0.8557,0.642,0.7358,0.1359,0.3796,3.6846,0.7722,0.3053,0.0778
1	Round_3_Replicate_10	-4830.65	9681.3	7857.93	1884.29	0.1906,2.2511,0.0772,19.5795,2.1377,0.283,0.5002,0.3313,0.0454,0.0268
1	Round_3_Replicate_13	-5020.7	10061.4	31353.87	495.45	0.5506,1.5875,14.6892,3.2735,1.5186,1.7106,4.3091,0.6148,0.1069,0.027
1	Round_2_Replicate_13	-5910.17	11840.34	10517.66	157.35	1.2,8.6001,0.0525,0.9415,0.2484,0.6191,14.7537,5.045,0.99,0.3771
1	Round_4_Replicate_2	-3221.17	6462.34	1846.86	1108.42	0.0998,1.0687,11.9283,0.8375,18.9328,1.4247,0.211,0.3142,0.1838,0.0415
1	Round_3_Replicate_13	-5784.02	11588.04	15176.73	339.45	0.2674,6.3009,0.283,9.5271,6.1699,1.0314,2.2756,0.0664,0.1248,0.0376
1	Round_3_Replicate_5	-7759.05	15538.1	17817.06	1037.19	0.9974,0.2186,4.4271,16.701,4.0292,2.527,0.9902,0.2868,0.947,0.0783
1	Round_3_Replicate_11	-6195.99	12411.98	8148.54	1810.04	0.1234,0.3318,1.2428,0.6705,18.2293,1.1077,0.9015,0.1749,0.2681,0.0264
1	Round_3_Replicate_11	-4658.07	9336.14	4434.94	1363.89	0.4954,0.532,6.4325,0.4344,1.0388,0.256,1.8244,5.0309,0.075,0.0591
1	Round_4_Replicate_1	-3131.36	6282.72	1605.17	738.22	0.5948,1.9256,1.2024,0.7538,16.0938,0.0315,0.2493,0.0702,0.2984,0.0111
1	Round_3_Replicate_11	-9204.94	18429.88	9.605549449884946e+19	228.16	6.0894,7.0509,0.8407,3.198,1.1232,4.2136,0.5367,0.7234,0.0972,0.0148
1	Round_3_Replicate_11	-4726.27	9472.54	4912.95	1465.88	0.2661,0.5353,0.4497,7.4332,2.154,2.2044,0.1937,0.2466,0.2333,0.1974
1	Round_3_Replicate_14	-3710.62	7441.24	1585647.23	436.92	0.7354,2.5569,18.9328,0.4935,1.1451,2.0713,3.0919,1.5571,0.6392,0.0533
1	Round_4_Replicate_3	-3464.49	6948.98	2030.48	1376.69	0.0905,0.7083,6.0073,0.237,18.9328,4.9145,0.1581,0.1693,0.3558,0.0182
1	Round_3_Replicate_14	-4395.33	8810.66	3519.16	825.01	0.2551,0.8976,2.3144,18.9328,1.5226,0.3599,3.4629,0.1157,0.0987,0.0199
1	Round_3_Replicate_12	-3365.69	6751.38	60793.94	663.15	0.3687,3.4245,4.752,0.6504,5.1276,0.8469,0.1547,0.1275,0.9899,0.0092
1	Round_3_Replicate_12	-9240.03	18500.06	33360.25	1788.21	0.075,0.841,0.2132,18.9328,0.681,0.5174,0.9104,0.2186,0.3755,0.4088
1	Round_3_Replicate_15	-4897.39	9814.78	14636504.54	391.29	0.6781,3.9725,19.8,1.3862,3.0633,1.626,0.8088,0.9716,0.7835,0.2285
1	Round_3_Replicate_12	-3735.09	7490.18	15886.14	621.77	0.482,2.9709,1.1098,4.5606,1.8827,0.7143,1.3848,0.8703,0.0834,0.0135
1	Round_3_Replicate_12	-5194.52	10409.04	6533.32	2155.77	0.0663,0.3161,4.6064,6.6501,1.6133,1.4563,1.4511,0.4009,0.1687,0.0218
1	Round_4_Replicate_2	-2876.46	5772.92	1152.25	828.21	0.3404,1.5791,2.4342,1.1416,15.0688,0.0507,0.2631,0.1637,0.2642,0.0045
1	Round_3_Replicate_13	-3707.79	7435.58	2628.88	898.01	0.0936,2.4611,0.3695,0.5471,14.6892,1.2833,0.07,0.0851,0.9899,0.1154
1	Round_3_Replicate_13	-4892.53	9805.06	9806.22	1755.68	0.1245,1.327,0.1116,8.2436,7.526,1.7962,0.7633,1.1992,0.1006,0.0973
1	Round_3_Replicate_13	-4108.24	8236.48	8801.11	448.73	1.7559,1.1505,1.7211,3.8259,0.2857,2.5076,2.6138,0.2412,0.0594,0.0148
1	Round_3_Replicate_13	-4037.54	8095.08	3648.99	1004.32	0.5112,0.8349,14.6892,1.0247,0.7878,0.4396,1.2422,1.1893,0.1739,0.0111
1	Round_4_Replicate_4	-2993.0	6006.0	1553.92	796.29	0.1258,2.0379,7.731,0.4291,14.3409,2.7309,0.1992,0.301,0.321,0.0157
1	Round_3_Replicate_15	-5593.93	11207.86	20273.83	243.23	0.2757,6.3574,1.1252,16.9627,1.6244,1.4554,8.5922,0.0755,0.0434,0.0059
1	Round_3_Replicate_6	-9503.37	19026.74	26696.33	803.52	0.1716,0.1184,1.9383,5.3182,3.8495,12.3701,6.8474,0.1359,0.6896,0.1095
1	Round_4_Replicate_3	-3197.44	6414.88	1892.59	735.45	0.2769,2.36,0.9729,0.3832,18.5121,0.0343,0.2397,0.1282,0.3368,0.0115
1	Round_4_Replicate_1	-3576.22	7172.44	100779.49	983.69	0.2545,1.1236,14.3641,2.3592,0.2857,3.9951,0.6878,5.1331,0.3239,0.029
1	Round_3_Replicate_14	-4214.11	8448.22	4390.55	1279.65	0.1268,0.7609,4.6417,3.6891,3.1774,0.284,0.1034,0.1137,0.9899,0.0247
1	Round_3_Replicate_14	-3869.18	7758.36	4586.04	1646.22	0.451,0.5613,0.1153,14.6892,3.0924,0.2296,0.3625,0.8769,0.0463,0.0398
1	Round_3_Replicate_14	-4204.23	8428.46	4114.31	622.94	1.3954,0.8492,0.8839,1.6384,1.6142,2.8563,0.5838,0.8617,0.1139,0.0446
1	Round_3_Replicate_7	-9888.64	19797.28	23599.83	801.32	0.56,0.1773,3.9451,18.9328,1.0698,6.1486,4.2731,0.0706,0.9898,0.0377
1	Round_4_Replicate_5	-3499.92	7019.84	2305.05	1080.03	0.0979,1.0399,5.1311,0.4812,12.6409,1.6221,0.5066,0.1645,0.2153,0.0237
1	Round_4_Replicate_1	-3542.28	7104.56	6509.59	347.48	0.9717,3.1564,0.6147,11.1248,2.7132,0.9666,5.5196,0.1635,0.1462,0.0074
1	Round_3_Replicate_15	-4004.56	8029.12	2800.9	992.75	0.2141,0.9147,0.3091,3.0112,9.5583,1.4589,1.038,0.0676,0.99,0.1044
1	Round_3_Replicate_15	-4070.45	8160.9	3641.51	1681.88	0.2475,0.9515,0.0814,19.8,1.4422,0.3151,0.1688,2.0617,0.2581,0.131
1	Round_3_Replicate_15	-5348.19	10716.38	1788002874149.37	297.81	1.8237,2.9279,3.2625,3.1402,0.5629,3.5061,3.5917,0.3932,0.0864,0.0606
1	Round_4_Replicate_4	-3235.81	6491.62	2633.76	750.04	0.5324,2.381,1.9165,0.4162,9.2249,0.0376,0.1473,0.0693,0.1909,0.0104
1	Round_3_Replicate_8	-5330.74	10681.48	7767.8	2118.2	0.0945,0.7705,0.5541,18.9328,2.5196,5.7351,0.7661,0.6631,0.6673,0.2376
1	Round_4_Replicate_2	-3348.78	6717.56	2890.32	1082.63	0.1027,1.3445,12.7564,4.9318,0.3969,2.3558,0.6706,3.2991,0.1449,0.0341
1	Round_4_Replicate_6	-3132.03	6284.06	1385.96	1095.35	0.1761,0.9304,4.8638,0.5951,16.4011,2.2515,0.4111,0.299,0.3446,0.0194
1	Round_4_Replicate_2	-3367.52	6755.04	1898.14	494.69	0.8391,1.7435,0.9597,7.3919,1.8175,0.4148,3.6077,0.3126,0.2698,0.0235
1	Round_3_Replicate_9	-4192.65	8405.3	7195.94	1524.45	0.2936,0.3982,0.6028,7.106,1.907,11.021,1.0398,0.2726,0.16,0.0215
1	Round_4_Replicate_1	-4171.86	8363.72	5832.62	1186.56	0.2147,1.0779,0.0335,8.6472,1.0665,0.9341,0.0694,0.1456,0.1902,0.0174
1	Round_4_Replicate_1	-3015.24	6050.48	1747.51	963.99	0.1517,1.598,1.2763,3.2001,11.9532,0.8704,0.149,0.0437,0.9893,0.0216
1	Round_4_Replicate_1	-4179.79	8379.58	73455.99	663.87	0.6178,2.6856,2.5556,1.6263,0.862,2.6356,0.2039,0.1193,0.0394,0.1909
1	Round_4_Replicate_5	-3077.29	6174.58	1432.45	984.62	0.2966,1.2631,1.6733,1.0393,13.592,0.0514,0.0984,0.0973,0.3565,0.0127
1	Round_4_Replicate_3	-3358.24	6736.48	4322.67	948.41	0.2575,1.44,6.8231,6.1524,0.1243,1.7632,0.7728,6.2569,0.2365,0.0276
1	Round_3_Replicate_10	-5776.89	11573.78	105248.45	813.1	0.8137,0.1846,0.5492,19.8,1.1748,18.6378,3.6159,0.1085,0.99,0.0221
1	Round_4_Replicate_7	-3103.1	6226.2	1961.7	946.03	0.1968,1.3338,8.2908,0.5135,14.0696,3.6752,0.2871,0.0998,0.403,0.031
1	Round_4_Replicate_3	-3569.13	7158.26	2441681.04	334.92	1.401,2.3931,0.7055,9.391,5.3459,0.3325,5.4061,0.1364,0.0954,0.0124
1	Round_4_Replicate_2	-4317.7	8655.4	4295.5	1505.46	0.3019,0.4024,0.0752,8.4869,2.839,0.4718,0.1119,0.2204,0.4885,0.0228
1	Round_4_Replicate_2	-3535.25	7090.5	2046.67	903.15	0.4505,1.1728,3.2665,0.684,0.7513,1.5579,0.2549,0.0782,0.06,0.0682
1	Round_4_Replicate_2	-3182.08	6384.16	10108.86	817.28	0.2293,2.5475,2.222,2.2415,11.1739,0.5393,0.1188,0.0651,0.8276,0.0136
1	Round_4_Replicate_6	-3367.94	6755.88	2448.43	824.43	0.2039,2.5323,1.1131,0.992,18.9328,0.0374,0.0953,0.1042,0.2713,0.0108
1	Round_3_Replicate_11	-4396.27	8812.54	4118.59	1541.08	0.2579,0.3397,1.0353,18.9328,2.8984,3.5875,3.9165,0.6691,0.5144,0.0162
1	Round_3_Replicate_14	-3819.87	7659.74	3102.29	1690.16	0.0562,0.6706,18.9328,6.1206,4.6496,0.6489,7.972,4.3707,0.6356,0.0077
1	Round_4_Replicate_8	-3151.5	6323.0	1522.61	1059.04	0.1258,1.1858,5.4028,0.6486,16.3828,2.3971,0.1318,0.1812,0.1431,0.0174
1	Round_4_Replicate_4	-3930.28	7880.56	13790581.47	700.33	0.263,2.6261,7.3463,5.2684,0.2454,4.273,0.444,3.9723,0.1554,0.0342
1	Round_4_Replicate_4	-4371.74	8763.48	177592689.29	325.91	1.4022,2.8672,0.834,10.0658,5.1563,0.8134,5.6582,0.1945,0.1039,0.0232
1	Round_4_Replicate_3	-4086.75	8193.5	4208.44	1491.5	0.2113,0.6019,0.0269,19.2704,1.1789,1.2812,0.1704,0.0984,0.3387,0.0361
1	Round_4_Replicate_7	-3257.95	6535.9	2258.64	838.98	0.2242,2.308,1.0442,1.3216,18.9328,0.0239,0.082,0.1246,0.3147,0.0164
1	Round_4_Replicate_3	-3592.63	7205.26	3016.31	895.69	0.5958,1.0946,5.1345,1.1696,0.3466,1.9047,0.21,0.068,0.0372,0.0503
1	Round_4_Replicate_3	-3070.57	6161.14	2211.48	995.93	0.1589,1.6574,1.7857,3.3574,10.3125,0.6956,0.0855,0.0389,0.9898,0.0216
1	Round_3_Replicate_15	-4161.1	8342.2	4001.39	1250.38	0.0742,0.8453,7.3137,0.5014,4.1753,1.4873,1.5654,1.1251,0.4193,0.0496
1	Round_3_Replicate_12	-6377.22	12774.44	11164.3	2973.28	0.3014,0.072,0.6934,19.8,2.7538,19.8,1.432,0.6152,0.8818,0.0813
1	Round_4_Replicate_9	-3101.77	6223.54	1278.68	1012.21	0.1394,1.285,7.3733,0.2794,18.9328,2.2634,0.209,0.0891,0.215,0.0385
1	Round_4_Replicate_5	-3946.7	7913.4	113334447.5	778.41	0.225,2.123,9.7924,5.8915,0.1269,5.9684,1.3635,2.3742,0.1726,0.0179
1	Round_4_Replicate_5	-3484.95	6989.9	251637.89	575.12	0.8249,1.1938,0.6945,4.8592,5.166,0.4332,2.8458,0.2226,0.1123,0.0172
1	Round_4_Replicate_4	-3996.45	8012.9	4763.73	1165.86	0.2259,1.2398,0.0612,11.2532,1.1674,0.3647,0.0705,0.1448,0.2341,0.0213
1	Round_4_Replicate_8	-3574.0	7168.0	3008.85	750.86	0.2645,2.5072,0.9051,0.622,18.9328,0.071,0.1933,0.1104,0.1667,0.0125
1	Round_4_Replicate_4	-3891.9	7803.8	3216.48	857.61	0.4626,1.4033,6.6825,0.5928,0.6828,1.5203,0.2025,0.0889,0.0791,0.1346
1	Round_4_Replicate_4	-3203.27	6426.54	1919.64	871.66	0.1155,2.0378,2.1736,1.7458,19.0998,0.5667,0.1492,0.1318,0.5357,0.0276
1	Round_4_Replicate_1	-3047.06	6114.12	14905.19	440.61	0.2036,3.4276,9.0458,0.2825,5.4551,0.5365,1.4828,0.7828,0.0454,0.0149
1	Round_4_Replicate_10	-3054.6	6129.2	1424.84	922.04	0.0968,1.6113,9.1065,0.6168,19.0312,3.4821,0.2764,0.1255,0.4969,0.0275
1	Round_4_Replicate_6	-3208.13	6436.26	3059.61	402.84	1.5243,2.3319,0.4029,6.8077,2.0749,0.3744,2.2968,0.1637,0.092,0.0154
1	Round_4_Replicate_5	-3559.12	7138.24	3003.81	1049.92	0.3357,1.2139,0.0881,13.3831,3.2667,0.4874,0.2152,0.0894,0.1826,0.0181
1	Round_4_Replicate_6	-3208.38	6436.76	8974.33	955.74	0.1961,1.261,8.3801,1.9913,0.129,3.1977,0.6289,4.4384,0.3604,0.029
1	Round_3_Replicate_13	-10594.21	21208.42	29977.96	827.23	0.1121,0.1564,1.6818,8.3205,2.3233,16.3386,5.9462,0.0932,0.1363,0.1338
1	Round_4_Replicate_9	-3021.92	6063.84	1430.0	835.53	0.1959,1.9759,0.8616,0.5476,12.1593,0.0275,0.151,0.15,0.6253,0.0045
1	Round_4_Replicate_5	-3439.42	6898.84	1853.4	896.45	0.2959,1.1238,6.7882,0.6206,1.0223,2.0058,0.7186,0.1033,0.0451,0.0571
1	Round_4_Replicate_5	-3274.11	6568.22	1659.64	1276.25	0.1444,0.7237,1.7818,1.1495,9.9394,0.55,0.0901,0.045,0.9897,0.0077
1	Round_4_Replicate_2	-3141.34	6302.68	5107.5	395.5	0.1475,4.1481,13.8728,0.8255,3.5745,0.6817,1.3498,0.9849,0.0883,0.0121
1	Round_4_Replicate_11	-3543.86	7107.72	2149.26	1252.38	0.1312,0.7569,4.7068,0.3589,15.3814,1.2682,0.4572,0.1486,0.2835,0.0206
1	Round_4_Replicate_7	-3282.55	6585.1	2687.33	691.84	0.644,2.7016,0.4482,14.2911,1.7911,0.7473,1.6345,0.3432,0.2971,0.0236
1	Round_4_Replicate_6	-3855.57	7731.14	3338.78	2040.69	0.2056,0.4396,0.0581,18.8522,2.7811,0.486,0.1628,0.2005,0.1921,0.0308
1	Round_4_Replicate_7	-3307.99	6635.98	2800.5	691.1	0.1199,1.8816,13.945,2.1905,0.1357,1.7828,1.5287,1.617,0.1778,0.0252
1	Round_4_Replicate_10	-2999.46	6018.92	1412.77	731.41	0.285,2.4517,1.9991,0.5934,19.1822,0.0388,0.2167,0.128,0.2898,0.0062
1	Round_2_Replicate_14	-12259.36	24538.72	139320.98	224.01	0.063,18.9604,0.8559,0.8881,0.046,0.685,16.8385,18.9161,0.3469,0.0626
1	Round_4_Replicate_6	-4320.69	8661.38	26543.27	742.62	0.7826,1.3579,5.8933,1.0952,0.8499,2.1842,0.3275,0.1776,0.0937,0.1145
1	Round_4_Replicate_6	-2959.46	5938.92	1212.05	814.17	0.2459,1.9957,1.3328,1.7287,13.2504,0.2681,0.2428,0.0616,0.526,0.0095
1	Round_4_Replicate_3	-3104.91	6229.82	3135.81	433.96	0.2042,3.1728,9.4411,0.7774,3.4279,0.3384,2.1744,0.533,0.028,0.0165
1	Round_4_Replicate_12	-3265.87	6551.74	1544.4	1144.53	0.1802,0.8949,3.507,0.3403,12.1636,1.7937,0.2098,0.1151,0.5776,0.046
1	Round_3_Replicate_14	-7301.64	14623.28	264011.6	2247.27	0.073,0.6574,1.6567,19.8,0.2767,13.7555,6.6437,0.3495,0.99,0.0711
1	Round_4_Replicate_7	-3694.2	7408.4	2837.76	1377.49	0.363,0.5227,0.0332,17.9451,1.3784,0.4739,0.2026,0.1133,0.2493,0.013
1	Round_4_Replicate_8	-3667.29	7354.58	337029.2	392.31	1.497,1.6529,1.1462,10.3377,5.1458,0.4028,4.22,0.1153,0.1155,0.0116
1	Round_4_Replicate_11	-3020.17	6060.34	1390.84	792.2	0.2621,2.3198,2.1141,0.8249,19.2473,0.0266,0.1892,0.0553,0.4248,0.0134
1	Round_4_Replicate_8	-3504.44	7028.88	87541.97	1093.7	0.1859,1.195,14.3641,5.992,0.3804,4.3405,1.122,2.6594,0.369,0.0219
1	Round_4_Replicate_7	-3390.68	6801.36	2510.64	765.46	0.5806,1.5837,4.1982,1.7781,0.4884,1.4755,0.3062,0.0864,0.0268,0.0801
1	Round_2_Replicate_15	-11435.11	22890.22	42420.53	1086.48	0.0685,1.5518,0.1592,0.1769,1.4566,2.6356,2.0381,1.5033,0.9899,0.7097
1	Round_4_Replicate_7	-3113.66	6247.32	8180.69	861.71	0.2049,2.3765,1.6778,3.2097,14.8194,0.5764,0.1164,0.0534,0.525,0.0129
1	Round_4_Replicate_4	-3281.33	6582.66	28771.0	576.83	0.378,1.8971,6.0619,0.5907,4.6438,0.5615,1.7948,0.8267,0.0984,0.0178
1	Round_4_Replicate_13	-3716.02	7452.04	2660.93	1135.38	0.1166,0.9148,3.5622,0.4575,18.9328,4.043,0.5107,0.1907,0.1623,0.0315
1	Round_3_Replicate_15	-5540.71	11101.42	7564.2	1966.35	0.2756,0.1433,0.85,10.7381,4.3888,14.4372,0.6805,0.109,0.3505,0.0402
1	Round_4_Replicate_8	-3673.62	7367.24	3005.7	1732.94	0.2728,0.6452,0.0452,19.3616,1.1079,0.3615,0.1415,0.329,0.2279,0.0241
1	Round_4_Replicate_9	-3455.16	6930.32	2147.42	902.79	0.474,1.0175,1.1655,9.5537,2.5179,0.2769,1.8217,0.3436,0.2043,0.0107
1	Round_4_Replicate_12	-3131.36	6282.72	1488.12	962.06	0.2806,1.3237,0.7494,0.3662,9.9506,0.0456,0.107,0.118,0.5857,0.0126
1	Round_4_Replicate_9	-3649.39	7318.78	18023.69	747.45	0.2153,2.2272,14.1375,4.533,0.3918,2.7465,0.4272,1.8935,0.5155,0.0499
1	Round_4_Replicate_8	-4077.65	8175.3	169297.44	587.63	0.8451,2.7842,3.7342,0.4852,0.2876,2.116,0.2662,0.1502,0.0386,0.1176
1	Round_4_Replicate_8	-3386.8	6793.6	2148.61	942.42	0.1506,1.7313,1.3409,2.8022,7.1049,0.5545,0.1624,0.0455,0.6464,0.0099
1	Round_4_Replicate_5	-3056.33	6132.66	1846.53	590.02	0.1745,2.1271,12.0442,0.4864,2.0966,0.7503,1.5616,1.3186,0.0918,0.0051
1	Round_3_Replicate_1	-6240.46	12500.92	166352.95	446.89	0.3724,6.58,0.2179,1.0467,0.3173,2.3034,18.9328,3.2038,0.9898,0.0098
1	Round_4_Replicate_1	-4515.19	9050.38	4583.15	1112.79	0.3456,0.5247,0.486,4.9959,2.9959,16.4324,1.6537,0.1742,0.253,0.0229
1	Round_4_Replicate_14	-3093.61	6207.22	1422.71	726.18	0.1711,2.3453,3.6906,0.3497,13.2173,4.707,0.3655,0.174,0.3171,0.036
1	Round_4_Replicate_9	-3409.43	6838.86	2095.07	1139.27	0.3778,0.8601,0.0466,14.7296,2.2201,0.3573,0.1606,0.152,0.5203,0.0184
1	Round_4_Replicate_10	-3798.73	7617.46	67763.96	463.56	1.0516,1.3956,1.1166,11.4637,5.5254,0.3894,4.2957,0.1119,0.0944,0.0272
1	Round_4_Replicate_13	-3244.03	6508.06	2275.51	833.88	0.3119,2.2946,1.1828,1.3606,17.8847,0.0481,0.1206,0.0584,0.191,0.0148
1	Round_4_Replicate_9	-3411.56	6843.12	1900.07	973.62	0.2423,0.9973,5.4059,0.9301,0.8786,2.8079,0.709,0.2137,0.0813,0.0669
1	Round_4_Replicate_9	-3238.74	6497.48	2560.17	835.66	0.2249,2.1834,1.0831,1.495,14.2511,0.3244,0.1749,0.0289,0.9896,0.0298
1	Round_4_Replicate_10	-3586.1	7192.2	75653.76	668.88	0.0918,3.1656,15.5526,2.9162,0.1875,5.3884,1.1754,1.7526,0.3651,0.0314
1	Round_4_Replicate_6	-3032.33	6084.66	3014.03	447.68	0.2246,3.8183,5.6967,0.9537,2.455,0.4052,0.9497,0.6173,0.0375,0.0131
1	Round_4_Replicate_15	-3181.59	6383.18	2058.73	1064.75	0.1662,1.0667,7.8919,0.8472,18.9328,3.1462,0.138,0.2892,0.2602,0.0356
1	Round_4_Replicate_2	-3837.22	7694.44	3672970.57	1704.23	0.2957,0.6446,0.3716,8.6537,2.1588,16.9061,0.8056,0.4631,0.1848,0.0112
1	Round_3_Replicate_2	-6163.85	12347.7	26497.34	480.83	0.3427,7.3791,0.4697,1.2836,0.1014,4.3955,9.7868,15.4903,0.5397,0.0447
1	Round_4_Replicate_10	-3654.02	7328.04	2952.78	1582.41	0.1978,1.156,0.0237,19.3711,3.7222,0.8334,0.1447,0.2423,0.2309,0.0242
1	Round_4_Replicate_11	-3905.05	7830.1	25488.77	603.6	0.9227,0.8819,0.3898,10.6631,4.8512,0.7951,3.2688,0.135,0.0825,0.022
1	Round_4_Replicate_14	-3309.36	6638.72	2209.71	957.54	0.2602,1.5705,1.0074,1.1153,18.9328,0.0756,0.1074,0.0475,0.1749,0.012
1	Round_4_Replicate_10	-3714.48	7448.96	2401.44	881.09	0.4959,1.1786,2.7622,0.5758,0.7451,3.1248,0.2851,0.0732,0.101,0.0801
1	Round_4_Replicate_10	-3102.99	6225.98	2914.01	1046.82	0.1442,1.3096,0.7523,3.1417,16.3879,0.487,0.0865,0.1177,0.6864,0.0164
1	Round_3_Replicate_3	-4202.03	8424.06	117255684.93	523.88	1.0724,2.8825,0.1036,2.737,0.2166,5.8377,18.9328,4.4689,0.37,0.0563
1	Round_4_Replicate_16	-3222.55	6465.1	1480.38	1035.42	0.1089,1.171,3.7638,0.2222,18.9328,1.7082,0.3136,0.2316,0.5593,0.0514
1	Round_4_Replicate_7	-2886.41	5792.82	1062.31	720.06	0.1727,1.7869,9.0406,0.2638,1.8387,0.4101,1.0206,0.4001,0.0838,0.0059
1	Round_4_Replicate_3	-4121.81	8263.62	455339.37	1290.62	0.562,0.3345,0.6551,11.4957,2.6878,10.4286,0.562,0.1781,0.0898,0.0107
1	Round_4_Replicate_11	-3392.66	6805.32	2530.21	942.87	0.1853,1.3093,12.199,4.7997,0.2869,1.6456,0.7645,5.5264,0.367,0.0458
1	Round_4_Replicate_11	-3494.09	7008.18	2523.37	1078.53	0.5344,0.8248,0.0272,9.6085,1.5705,0.8154,0.1216,0.2501,0.2485,0.0261
1	Round_4_Replicate_12	-4630.84	9281.68	4275.83	607.94	0.5276,1.0525,0.3884,5.7767,3.4527,0.3065,3.9094,0.1718,0.0988,0.0271
1	Round_4_Replicate_15	-3130.28	6280.56	1480.74	933.75	0.2657,1.3976,1.8776,0.6942,15.9013,0.0346,0.1722,0.1037,0.2388,0.016
1	Round_4_Replicate_11	-5240.52	10501.04	6520.84	842.71	0.8889,0.7704,5.1535,1.6513,0.7528,3.5112,0.5295,0.0754,0.0403,0.1723
1	Round_4_Replicate_11	-3147.33	6314.66	1548.36	826.66	0.0923,2.213,1.1904,2.4789,13.8508,0.5323,0.2734,0.0434,0.8879,0.0129
1	Round_4_Replicate_17	-3098.24	6216.48	1351.15	1076.77	0.1241,1.0523,7.6298,0.4262,18.0139,4.4334,0.3867,0.1825,0.1853,0.0166
1	Round_3_Replicate_4	-4017.32	8054.64	120358460.3	1207.76	0.5038,1.083,0.0614,4.7445,0.4844,8.605,18.9328,3.2608,0.9898,0.0149
1	Round_4_Replicate_8	-3080.97	6181.94	1490.59	761.23	0.1868,1.444,11.072,0.9875,2.665,0.7781,1.5876,0.6045,0.1132,0.0049
1	Round_4_Replicate_4	-4968.88	9957.76	5550.15	1376.04	0.3864,0.3338,0.5671,4.0167,1.1335,13.0655,0.8916,0.188,0.1768,0.0342
1	Round_4_Replicate_12	-3465.52	6951.04	2287.8	1307.5	0.2485,0.9679,0.0207,18.9328,2.5428,0.8108,0.0983,0.1855,0.4444,0.0315
1	Round_4_Replicate_12	-3591.18	7202.36	1285266.06	918.82	0.1522,2.0526,12.4941,3.4757,0.1377,5.6924,0.6131,2.7017,0.5287,0.0177
1	Round_4_Replicate_16	-3189.11	6398.22	1689.28	759.49	0.543,1.7948,0.9613,0.4311,18.9328,0.0298,0.2343,0.1142,0.2509,0.0154
1	Round_4_Replicate_13	-3987.53	7995.06	3898.8	440.13	0.4517,2.958,0.4571,5.6192,3.3554,0.3227,2.7239,0.125,0.1666,0.0281
1	Round_4_Replicate_12	-3342.05	6704.1	1669.34	1058.62	0.2699,0.929,5.874,1.8493,0.2485,1.5349,0.292,0.0992,0.0313,0.0678
1	Round_4_Replicate_12	-3138.55	6297.1	1453.1	1035.82	0.2052,1.1384,0.6399,3.5289,9.5124,0.6157,0.2027,0.0453,0.9896,0.0257
1	Round_3_Replicate_5	-7203.73	14427.46	63153.34	547.77	0.3002,5.8577,0.3227,1.5199,0.2544,2.3707,7.273,8.8808,0.9899,0.1204
1	Round_4_Replicate_18	-3311.16	6642.32	1773.06	1198.43	0.1067,0.9145,11.4315,0.2536,14.8805,4.2625,0.3504,0.2012,0.1618,0.0366
1	Round_4_Replicate_9	-2891.05	5802.1	2288.79	541.56	0.3383,2.3392,4.6545,0.3412,4.8468,0.3903,1.3427,0.4653,0.0422,0.0107
1	Round_4_Replicate_5	-3712.29	7444.58	634293.6	1050.48	0.5372,0.7052,0.345,6.4524,1.0372,14.3343,0.7615,0.2148,0.2964,0.0126
1	Round_4_Replicate_13	-3458.28	6936.56	2275.41	1169.47	0.3574,0.8056,0.0235,19.81,1.5219,0.932,0.1098,0.1007,0.5953,0.0269
1	Round_4_Replicate_13	-4160.06	8340.12	1952000.38	715.25	0.2294,2.8749,11.6501,6.9753,0.1211,3.7083,0.6031,3.3616,0.2488,0.0203
1	Round_4_Replicate_17	-3171.34	6362.68	1930.58	735.81	0.2901,2.7837,1.8482,0.8558,18.9761,0.0708,0.1737,0.0927,0.1942,0.005
1	Round_4_Replicate_14	-3251.23	6522.46	32279.42	362.56	1.4301,3.1163,0.3661,6.8426,3.4782,0.2723,2.4022,0.1327,0.118,0.0173
1	Round_4_Replicate_13	-4587.67	9195.34	65357.13	839.07	0.714,1.0762,7.0296,1.6323,0.259,4.0221,0.3059,0.099,0.0753,0.1545
1	Round_4_Replicate_13	-3013.51	6047.02	1489.23	992.94	0.1604,1.324,0.7585,1.2089,11.68,0.6788,0.1933,0.0842,0.9899,0.0105
1	Round_4_Replicate_19	-3111.27	6242.54	1702.86	851.01	0.0827,1.883,10.0553,0.674,17.4706,3.7662,0.2525,0.2405,0.2456,0.0169
1	Round_4_Replicate_10	-3331.19	6682.38	2461.01	700.23	0.313,1.4772,8.3886,0.6503,3.2737,0.2383,1.6301,0.3499,0.0797,0.0115
1	Round_4_Replicate_6	-4974.86	9969.72	5537.09	1175.63	0.4409,0.3432,0.4702,4.35,1.8617,18.8789,1.7626,0.26,0.1496,0.0125
1	Round_4_Replicate_14	-3476.69	6973.38	2783.5	1037.44	0.553,0.8156,0.0451,7.4998,2.2119,0.3569,0.1017,0.1379,0.2193,0.0144
1	Round_4_Replicate_18	-3394.8	6809.6	5067.59	737.9	0.441,3.3479,0.7537,1.1363,9.6693,0.0345,0.1185,0.0544,0.3456,0.0072
1	Round_4_Replicate_14	-3400.96	6821.92	2669.93	1049.36	0.1646,1.0681,13.8019,5.4738,0.2842,1.9674,1.3003,1.4523,0.32,0.0215
1	Round_4_Replicate_15	-4015.14	8050.28	18039.17	530.65	1.0643,0.8656,0.4046,5.0698,3.3449,0.3988,4.1658,0.303,0.1298,0.0089
1	Round_4_Replicate_14	-4493.13	9006.26	16576.65	720.79	0.7509,1.3457,7.6842,0.7123,0.7975,2.5281,0.5685,0.1166,0.0259,0.095
1	Round_4_Replicate_20	-3184.45	6388.9	2049.48	908.87	0.1064,1.629,11.0685,0.7581,18.9328,3.8259,0.15,0.2811,0.1611,0.0524
1	Round_4_Replicate_14	-3030.64	6081.28	1616.14	771.13	0.1442,2.3917,1.4223,2.0047,10.5512,0.7052,0.278,0.0657,0.9898,0.0234
1	Round_3_Replicate_6	-6354.15	12728.3	15354.81	433.9	0.5443,2.9021,0.1007,0.4535,0.1127,2.7416,19.8,19.8,0.2681,0.146
1	Round_4_Replicate_11	-3447.8	6915.6	119348.31	417.03	0.3617,3.4312,8.2033,0.7371,4.5201,0.273,1.1355,1.154,0.0664,0.0052
1	Round_4_Replicate_7	-5089.58	10199.16	6528.41	1887.22	0.206,0.2901,0.4447,6.4956,1.7257,14.4991,2.0702,0.3822,0.0847,0.0239
1	Round_4_Replicate_15	-3434.32	6888.64	2348.67	1113.0	0.351,1.2146,0.0244,17.7843,1.3454,0.3754,0.1404,0.2104,0.4736,0.0239
1	Round_4_Replicate_19	-3010.63	6041.26	1357.22	901.75	0.2747,1.6403,1.6065,0.4949,16.2213,0.0591,0.1169,0.099,0.4882,0.0072
1	Round_4_Replicate_15	-3385.84	6791.68	3421.01	1043.39	0.1978,1.2362,7.8169,4.6982,0.1155,2.1832,0.4025,1.4981,0.4192,0.0221
1	Round_4_Replicate_16	-3389.11	6798.22	2688.49	457.7	0.4043,3.1281,1.2832,4.8387,2.5046,0.5872,2.6135,0.2426,0.0976,0.0093
1	Round_4_Replicate_15	-3612.21	7244.42	2029.2	835.52	0.3097,1.7481,5.5182,0.5737,0.5219,1.1827,0.2142,0.0813,0.067,0.1381
1	Round_4_Replicate_15	-3522.2	7064.4	7191.75	859.07	0.0988,2.8061,1.4293,3.306,18.5306,0.6286,0.0978,0.0834,0.5178,0.0152
1	Round_4_Replicate_12	-3048.02	6116.04	1334.14	822.59	0.1767,1.4148,6.9803,0.2702,3.2438,0.4029,0.7946,1.1917,0.0448,0.0112
1	Round_4_Replicate_8	-3824.78	7669.56	4082.66	2448.07	0.2656,0.2509,1.0635,14.1757,3.3695,6.4395,0.5303,0.5186,0.1747,0.0327
1	Round_4_Replicate_16	-4284.45	8588.9	4370.28	1707.24	0.2095,0.4461,0.0385,18.1594,1.7085,0.9094,0.2486,0.1419,0.4804,0.0238
1	Round_3_Replicate_7	-5794.92	11609.84	20275215975.13	598.37	1.4495,1.6482,0.2921,4.6718,0.066,12.277,12.6365,14.8402,0.7258,0.1559
1	Round_4_Replicate_20	-3146.28	6312.56	8892.64	695.85	0.539,2.5891,1.8365,1.3236,12.5697,0.027,0.1825,0.1083,0.1611,0.0094
1	Round_4_Replicate_17	-3990.28	8000.56	3352.08	553.17	0.9093,0.8347,0.7419,6.1133,2.3565,0.619,4.523,0.3139,0.1036,0.0161
1	Round_4_Replicate_16	-3681.15	7382.3	5429.46	642.61	0.4898,2.6264,4.3163,0.7285,0.5789,1.6801,0.301,0.1294,0.0576,0.1341
1	Round_4_Replicate_16	-3186.88	6393.76	1585.09	1051.38	0.1197,1.187,1.1535,1.4536,7.1376,0.4765,0.2324,0.1065,0.99,0.0146
1	Round_4_Replicate_16	-3385.5	6791.0	4342.75	1256.34	0.1285,1.1775,13.0273,7.2834,0.1678,2.6769,0.9913,4.5132,0.2014,0.0317
1	Round_4_Replicate_13	-3078.39	6176.78	4359.29	418.87	0.2861,4.4905,5.3252,0.3715,2.0385,0.4246,0.8093,0.4387,0.0306,0.0069
1	Round_4_Replicate_9	-4263.94	8547.88	244301.98	1391.78	0.2881,0.5258,0.5435,8.2706,1.4026,12.4676,0.7749,0.1915,0.0819,0.0333
1	Round_4_Replicate_17	-3375.82	6771.64	2053.92	1634.67	0.2383,0.7811,0.0278,19.8,4.0074,0.616,0.2241,0.3194,0.365,0.0349
1	Round_4_Replicate_18	-3171.23	6362.46	6252.59	577.04	0.4814,1.9941,1.0575,5.3002,4.1477,0.7469,2.0311,0.2079,0.1172,0.0105
1	Round_4_Replicate_17	-4536.72	9093.44	5414.45	676.55	0.9459,1.3249,7.4487,0.5016,0.5031,1.4383,0.6796,0.1236,0.0588,0.0707
1	Round_4_Replicate_17	-3288.82	6597.64	1660.49	1177.05	0.2181,0.7932,1.331,2.7915,9.1804,0.4662,0.2117,0.0683,0.8484,0.0093
1	Round_4_Replicate_17	-3795.79	7611.58	3716.53	813.26	0.1168,2.061,8.8557,2.2879,0.2978,2.62,0.9643,2.0689,0.4915,0.0626
1	Round_4_Replicate_14	-3643.54	7307.08	5394.81	786.43	0.3018,1.4657,11.6769,0.5699,2.9479,0.2751,0.6696,0.6724,0.027,0.0062
1	Round_4_Replicate_10	-3881.13	7782.26	95538.05	1980.81	0.2944,0.3076,0.7695,11.4231,3.5456,17.8972,1.5529,0.3671,0.1649,0.0087
1	Round_4_Replicate_18	-3891.2	7802.4	3166.27	1164.01	0.5751,0.5336,0.065,14.1149,2.2253,0.5703,0.0719,0.1298,0.3635,0.0348
1	Round_4_Replicate_19	-3410.29	6840.58	2131244.71	375.04	1.2058,2.0386,1.087,7.139,5.3062,0.9753,4.6448,0.1442,0.1947,0.026
1	Round_4_Replicate_18	-4113.2	8246.4	2753.46	932.05	0.3473,1.2236,5.7163,0.6982,0.4855,1.3764,0.2473,0.0608,0.1156,0.1945
1	Round_4_Replicate_18	-3021.06	6062.12	2091.11	874.32	0.2004,1.844,2.1359,2.6908,7.4485,0.5874,0.1498,0.1072,0.8559,0.0243
1	Round_4_Replicate_18	-3256.05	6532.1	52617.15	769.47	0.2411,1.7165,8.0172,2.3375,0.3365,3.0631,1.0761,2.8778,0.4046,0.0236
1	Round_4_Replicate_15	-2907.0	5834.0	1692.14	476.73	0.1687,3.2703,9.1089,0.3268,2.1512,0.4148,1.3709,0.4073,0.0379,0.0036
1	Round_4_Replicate_19	-3473.02	6966.04	2314.19	1152.57	0.4644,0.8154,0.0235,13.6943,1.5716,0.4659,0.2099,0.2024,0.3148,0.0242
1	Round_3_Replicate_8	-7961.8	15943.6	39701.89	1058.67	0.1502,2.3967,0.0538,0.5554,0.1811,3.5798,17.3258,5.0764,0.9898,0.1578
1	Round_4_Replicate_11	-5309.03	10638.06	7033.15	1863.77	0.2201,0.2772,0.4303,4.4744,3.2015,7.2897,0.6745,0.2952,0.1338,0.0218
1	Round_4_Replicate_20	-3240.38	6500.76	1700.31	475.48	0.863,2.174,0.3599,8.9368,1.856,0.35,2.9329,0.1827,0.2379,0.0096
1	Round_4_Replicate_19	-4162.7	8345.4	5725.16	758.89	0.9113,1.322,7.6542,0.7207,0.474,2.3213,0.2968,0.0638,0.1015,0.0717
1	Round_4_Replicate_19	-3073.04	6166.08	3711.79	764.76	0.1568,2.6144,0.7707,1.8549,9.5991,0.8298,0.1969,0.0979,0.9906,0.0098
1	Round_4_Replicate_16	-4096.56	8213.12	2951492.74	399.79	0.3426,3.9169,12.6868,0.411,6.5603,0.3639,1.1827,0.8511,0.0785,0.01
1	Round_3_Replicate_9	-5134.07	10288.14	3030024.74	283.26	1.0535,11.8715,0.0629,0.6974,0.4998,2.198,4.1522,17.4746,0.9898,0.0417
1	Round_4_Replicate_20	-3859.45	7738.9	3146.69	1408.83	0.3494,0.4252,0.0632,12.4463,3.4818,0.8376,0.1411,0.1259,0.357,0.0174
1	Round_4_Replicate_12	-4897.22	9814.44	5615.56	1617.51	0.2168,0.3745,0.7846,4.3214,1.3195,9.0569,0.6583,0.1844,0.2396,0.0357
1	Round_4_Replicate_19	-3577.19	7174.38	453704.26	870.93	0.1754,1.675,13.7326,4.4558,0.2632,4.5352,1.3717,5.4445,0.3368,0.0188
1	Round_4_Replicate_20	-4579.03	9178.06	5068.1	849.15	0.9328,0.9392,7.684,1.0063,0.7988,1.1158,0.2601,0.0596,0.0833,0.0768
1	Round_3_Replicate_10	-4831.37	9682.74	15840.69	554.48	1.4565,1.8613,0.1036,0.7251,0.4074,8.6033,18.9328,6.6836,0.9898,0.0121
1	Round_4_Replicate_20	-3116.23	6252.46	2272.05	985.11	0.276,1.3126,0.6504,1.7263,7.3134,0.581,0.12,0.0511,0.9897,0.0209
1	Round_5_Replicate_1	-2814.77	5649.54	901.6	857.38	0.2603,1.3809,2.7212,0.9897,14.6014,2.4026,0.4349,0.2209,0.3873,0.0007
1	Round_4_Replicate_17	-2981.67	5983.34	4648.03	370.84	0.2786,4.1096,5.8206,0.7163,2.2773,0.4593,1.9537,0.5426,0.0291,0.0086
1	Round_4_Replicate_13	-4072.05	8164.1	812275.22	1707.78	0.1982,0.7487,0.9692,8.0791,1.0907,12.7742,1.1375,0.4437,0.283,0.0214
1	Round_4_Replicate_20	-3614.15	7248.3	5862.58	823.66	0.1571,2.0242,15.1534,6.8373,0.1266,1.7392,0.5232,4.1561,0.2606,0.0354
1	Round_3_Replicate_11	-6880.03	13780.06	38173.14	293.92	0.5374,8.6706,0.5025,0.4778,0.0901,1.1958,18.9328,4.9187,0.9898,0.02
1	Round_4_Replicate_18	-2963.2	5946.4	1194.34	804.19	0.2207,1.4685,5.9699,0.2867,2.7241,0.6411,0.7219,0.4612,0.0849,0.0084
1	Round_4_Replicate_14	-5546.78	11113.56	8172.44	2225.59	0.1612,0.2594,0.6099,4.3246,1.229,18.8024,0.7991,0.3504,0.1546,0.029
1	Round_5_Replicate_1	-3131.53	6283.06	1435.02	1169.14	0.157,0.936,1.951,0.7897,16.6143,0.0935,0.2781,1.2284,0.8025,0.0003
1	Round_3_Replicate_12	-3989.86	7999.72	3719.52	394.9	0.9422,3.5563,0.2623,0.6648,0.2453,3.8317,19.8,6.9384,0.6284,0.1088
1	Round_4_Replicate_19	-4561.41	9142.82	51375.3	693.23	0.4445,1.5419,14.3641,0.3067,5.1432,0.3748,2.0254,0.4189,0.0998,0.0121
1	Round_4_Replicate_15	-4844.91	9709.82	5532.42	1469.82	0.2147,0.3596,0.8706,6.2051,1.1288,6.5515,1.7311,0.2906,0.2104,0.0137
1	Round_3_Replicate_13	-5931.05	11882.1	393103.33	363.81	0.6723,10.7403,0.0963,0.682,0.2808,2.3288,8.5929,7.7763,0.9899,0.0212
1	Round_4_Replicate_20	-2829.38	5678.76	1257.61	570.94	0.2253,2.419,5.688,0.2716,3.8417,0.3314,1.1493,0.4069,0.0363,0.0042
1	Round_4_Replicate_16	-4653.9	9327.8	5594.91	1005.18	0.5193,0.461,0.3324,5.6204,1.0638,17.7029,1.9306,0.2064,0.131,0.0103
1	Round_3_Replicate_14	-4751.25	9522.5	56068083.45	487.62	1.4998,1.0993,0.2064,5.2959,1.0491,4.0896,18.764,11.0096,0.9898,0.0969
1	Round_4_Replicate_17	-5296.87	10613.74	6690.89	1417.54	0.4145,0.2786,0.3824,4.022,2.6598,7.9609,0.8049,0.2402,0.1291,0.0206
1	Round_5_Replicate_1	-2968.56	5957.12	1282.59	859.64	0.4866,1.1336,1.6523,3.6601,2.0282,0.6039,0.4795,0.2126,0.0853,0.0005
1	Round_4_Replicate_18	-4224.12	8468.24	925333.53	1912.62	0.2156,0.473,0.3595,10.5035,1.6441,12.4253,0.603,0.2588,0.2629,0.0314
1	Round_5_Replicate_1	-3071.04	6162.08	1716.36	1562.76	0.1111,0.8873,0.0557,14.4429,11.7031,0.4536,0.2486,2.1387,0.6461,0.0021
1	Round_3_Replicate_15	-9802.61	19625.22	385564.89	610.36	0.1835,11.3742,0.0423,3.7188,0.6718,2.6401,18.9328,4.5882,0.169,0.0218
1	Round_5_Replicate_1	-2924.01	5868.02	1025.35	1012.4	0.2435,1.0554,5.4227,2.2746,0.5381,0.7837,0.3423,0.1103,0.0203,0.0025
1	Round_5_Replicate_2	-3009.57	6039.14	1186.28	1141.38	0.1686,0.9182,3.8093,0.6655,14.7564,2.7368,0.1059,0.3007,0.5025,0.0002
1	Round_4_Replicate_19	-4574.78	9169.56	6121.48	1965.04	0.2224,0.4048,0.3114,5.2215,1.185,17.8274,1.0959,0.534,0.1241,0.014
1	Round_5_Replicate_1	-2783.69	5587.38	809.23	798.7	0.2408,1.6654,1.0605,1.1834,11.5104,2.97,0.5373,0.0667,0.7503,0.0023
1	Round_4_Replicate_20	-4106.27	8232.54	425765992.88	1067.41	0.5164,0.6842,0.9204,9.5132,2.147,16.7166,1.7298,0.3315,0.1168,0.0296
1	Round_4_Replicate_1	-3891.74	7803.48	3059.37	319.31	1.5594,2.9121,0.1691,0.4429,0.1236,7.4893,17.9049,13.2079,0.3752,0.0816
1	Round_5_Replicate_1	-3040.79	6101.58	3898.99	1174.58	0.1858,0.9878,7.8657,1.3574,0.75,5.138,1.0308,9.7896,0.3688,0.0001
1	Round_5_Replicate_2	-2789.38	5598.76	3580.21	771.65	0.292,1.6978,4.3872,2.2916,12.7084,0.0623,0.5434,0.0966,0.2551,0.0003
1	Round_4_Replicate_2	-3641.12	7302.24	5768.53	415.59	1.4262,3.0262,0.2467,0.8712,0.1793,6.294,11.2725,6.2022,0.7043,0.0705
1	Round_4_Replicate_3	-6343.8	12707.6	426980011.87	399.25	1.7091,6.7314,0.1951,1.1429,0.1395,6.14,18.9328,9.3969,0.9882,0.0581
1	Round_5_Replicate_1	-2773.62	5567.24	1177.47	555.85	0.3239,2.446,3.9748,0.4372,4.0822,0.2684,1.03,0.3385,0.0271,0.0017
1	Round_4_Replicate_4	-3598.75	7217.5	2665.05	456.29	1.0944,2.1921,0.245,0.6991,0.295,3.7041,12.1921,12.28,0.5377,0.0602
1	Round_5_Replicate_2	-3177.76	6375.52	14284.32	673.77	0.6998,1.2784,0.6673,2.7733,5.5145,0.7053,1.2435,0.3174,0.1437,0.0001
1	Round_5_Replicate_2	-3209.14	6438.28	1770.6	1308.85	0.3118,0.8281,0.0084,17.8272,2.4918,1.2304,0.1349,0.2743,0.4921,0.0001
1	Round_4_Replicate_5	-5215.75	10451.5	7396.27	273.35	0.7843,5.4736,0.1693,0.5646,0.3153,3.0501,17.1296,4.9174,0.4525,0.1631
1	Round_5_Replicate_2	-2906.6	5833.2	1006.54	1009.77	0.2574,1.0767,4.9093,2.845,0.0258,0.4345,0.2985,0.0968,0.0123,0.0001
1	Round_5_Replicate_3	-2827.05	5674.1	1245.0	739.66	0.2361,1.7971,2.9985,0.8038,9.5985,1.7613,0.0267,0.8993,0.5097,0.0029
1	Round_5_Replicate_2	-2946.03	5912.06	1133.13	940.51	0.1999,1.6243,1.4411,1.2728,19.7075,0.1122,0.1531,0.0359,0.6017,0.004
1	Round_4_Replicate_6	-3803.1	7626.2	5565.35	376.06	1.7566,1.9036,0.4721,1.0605,0.4113,4.0377,16.6404,10.1417,0.6405,0.07
1	Round_5_Replicate_1	-3176.96	6373.92	1711.13	699.6	0.8572,1.1048,0.3945,1.1428,0.8564,4.2003,0.9954,0.3636,0.8238,0.0007
1	Round_5_Replicate_2	-2973.84	5967.68	11790.48	665.88	0.4641,1.5629,3.3307,1.2166,0.1896,2.1411,0.5957,1.6884,0.2245,0.0001
1	Round_4_Replicate_7	-4090.53	8201.060000000001	3496.37	631.45	0.694,1.7483,0.4389,0.9348,0.2165,6.4231,17.3216,10.8779,0.4613,0.1501
1	Round_5_Replicate_3	-2829.58	5679.16	1014.9	785.68	0.2245,1.7764,2.8394,0.5786,15.1114,0.0733,0.2701,0.3835,0.4825,0.0015
1	Round_4_Replicate_8	-4573.48	9166.96	669304.03	430.37	1.2068,3.508,0.1341,1.2637,0.1666,2.6205,18.2495,9.6048,0.9547,0.1578
1	Round_4_Replicate_9	-4441.92	8903.84	434715.03	509.43	0.6104,3.876,0.3598,1.2731,0.4628,2.3981,18.9328,8.5885,0.9898,0.0821
1	Round_5_Replicate_2	-2851.39	5722.78	1628.94	549.83	0.2542,2.626,5.2027,0.1173,5.4345,0.3797,0.9255,0.5929,0.0621,0.0039
1	Round_5_Replicate_3	-2771.29	5562.58	5212.45	439.01	0.6727,2.8049,1.2459,1.7693,6.3525,0.9653,1.7977,0.1764,0.4328,0.008
1	Round_5_Replicate_3	-3119.56	6259.12	1545.37	1693.03	0.2495,0.7143,2.1674,16.4604,4.0288,0.248,0.0614,3.6639,0.3856,0.0001
1	Round_4_Replicate_10	-5293.28	10606.56	12512.21	405.23	0.5433,5.2773,0.1982,0.8858,0.1392,4.8645,17.3034,11.1802,0.3209,0.0723
1	Round_5_Replicate_3	-2905.7	5831.4	1080.25	949.02	0.3315,1.1003,4.7903,3.0713,0.0364,1.3176,0.3626,0.1158,0.0598,0.0001
1	Round_5_Replicate_4	-2979.01	5978.02	1145.72	1084.15	0.2055,0.9475,3.0045,0.703,8.9644,3.0141,0.2772,0.2122,0.6416,0.0001
1	Round_4_Replicate_11	-3833.5	7687.0	3712.84	559.17	0.9664,1.968,0.2058,0.3702,0.1968,2.7024,12.9123,4.1026,0.9898,0.0792
1	Round_5_Replicate_2	-3103.2	6226.4	1723.26	670.52	0.8205,1.1648,1.0714,2.2691,2.4297,7.3526,1.2797,0.1701,0.5159,0.0001
1	Round_5_Replicate_3	-2955.92	5931.84	1328.85	1048.61	0.1806,1.1288,1.2169,1.7614,8.7099,1.1941,0.0628,0.2612,0.8445,0.0006
1	Round_4_Replicate_12	-4794.32	9608.64	11680.53	432.43	0.7936,3.8299,0.1735,1.1118,0.2009,2.8015,11.9736,10.8949,0.4194,0.1571
1	Round_5_Replicate_4	-3119.23	6258.46	1374.09	1141.46	0.1904,0.925,2.2673,0.7045,19.551,0.0741,0.1798,0.3047,0.5203,0.0034
1	Round_5_Replicate_3	-3093.54	6207.08	1529.16	1266.8	0.1245,0.8582,11.9148,1.3121,0.165,1.9914,0.7846,4.6881,0.1726,0.0036
1	Round_4_Replicate_13	-5055.27	10130.54	9689.24	579.19	0.679,3.1612,0.3009,0.6584,0.2075,2.8248,17.8274,9.3356,0.9895,0.1976
1	Round_4_Replicate_14	-4033.21	8086.42	8694.27	443.19	0.7469,3.4043,0.3745,1.0749,0.154,2.9128,18.764,9.4975,0.4289,0.0819
1	Round_5_Replicate_3	-2730.35	5480.7	776.14	611.57	0.3154,2.2744,4.8963,1.1278,1.7993,0.0806,0.88,0.1458,0.0471,0.0008
1	Round_4_Replicate_15	-3597.39	7214.78	2540.63	456.79	1.2314,2.3619,0.2268,0.7198,0.1525,7.266,15.1534,4.1788,0.7268,0.0517
1	Round_5_Replicate_4	-3058.06	6136.12	1785.52	1466.84	0.1691,1.0539,0.0105,18.9214,6.8416,1.1059,0.4971,0.3129,0.4822,0.006
1	Round_5_Replicate_4	-2725.74	5471.48	1583.83	441.47	0.5099,2.8931,0.8873,1.6175,5.6345,0.489,1.902,0.1746,0.6655,0.0028
1	Round_5_Replicate_3	-3311.1	6642.2	2168.72	1851.57	0.296,0.5724,0.2301,19.5785,1.3579,1.8135,0.4481,0.4136,0.24,0.0054
1	Round_4_Replicate_16	-3951.0	7922.0	3859.2	339.6	0.921,4.4429,0.2676,0.3837,0.1709,3.0687,10.2515,15.2281,0.5794,0.0742
1	Round_5_Replicate_4	-2937.58	5895.16	1103.08	959.41	0.3292,1.0508,4.1975,2.6426,0.2531,1.5604,0.399,0.1279,0.0404,0.0028
1	Round_5_Replicate_5	-3008.92	6037.84	1252.85	1114.63	0.1935,1.0538,3.0271,0.3172,5.9695,4.0183,0.083,0.0738,0.7992,0.0049
1	Round_4_Replicate_17	-4512.89	9045.78	7764.2	704.25	0.7385,2.7281,0.3473,0.5312,0.4019,6.0511,13.6879,3.9161,0.9894,0.105
1	Round_5_Replicate_4	-2792.08	5604.16	16857.1	726.58	0.2681,1.8927,3.416,3.9394,16.4116,0.0972,0.6688,0.0676,0.4383,0.0007
1	Round_5_Replicate_5	-2792.4	5604.8	1001.66	736.82	0.2605,2.0071,5.2534,0.9251,19.9048,0.0161,0.4536,0.0934,0.1642,0.001
1	Round_4_Replicate_18	-3544.54	7109.08	206080.51	221.16	1.767,5.4525,0.3813,0.8124,0.207,2.681,14.4784,5.1863,0.4602,0.0497
1	Round_4_Replicate_19	-4435.36	8890.72	8604.94	382.77	1.2656,4.0615,0.2358,0.4457,0.3668,2.5743,18.764,11.6144,0.9898,0.1561
1	Round_4_Replicate_20	-4015.92	8051.84	3052.59	259.81	1.4765,3.046,0.5061,0.4711,0.3825,5.915,14.3641,3.5815,0.3992,0.0911
1	Round_5_Replicate_4	-2729.7	5479.4	843.13	546.76	0.355,2.5102,4.0199,0.9129,2.0485,0.1506,1.1209,0.1979,0.0238,0.002
1	Round_5_Replicate_5	-2956.07	5932.14	1888.71	1011.47	0.2743,1.334,0.0015,17.7911,4.273,0.9846,0.1148,1.5326,0.6465,0.0078
1	Round_5_Replicate_5	-2884.59	5789.18	44226.06	723.83	0.4561,1.6671,0.628,4.9366,9.1151,0.4102,0.6371,0.085,0.5696,0.0001
1	Round_5_Replicate_4	-3399.88	6819.76	3253.76	741.85	1.06,1.332,0.2398,3.5034,0.9768,16.2837,0.3111,0.0363,0.5497,0.0043
1	Round_5_Replicate_4	-3044.35	6108.7	1757.8	1299.95	0.1507,0.9488,8.5634,0.8783,0.077,9.8128,0.9734,11.6351,0.3049,0.0003
1	Round_5_Replicate_6	-2890.04	5800.08	1296.75	908.52	0.1534,1.4771,6.6401,0.621,18.7013,6.0258,0.0943,0.4967,0.2619,0.001
1	Round_5_Replicate_5	-2924.17	5868.34	1113.62	875.55	0.2992,1.2239,5.7102,1.0408,1.8989,0.8109,0.0605,0.8271,0.3196,0.0005
1	Round_5_Replicate_5	-2894.87	5809.74	951.04	944.8	0.1828,1.3324,1.1468,1.3592,15.0015,0.4581,0.3475,0.0605,0.7748,0.0002
1	Round_5_Replicate_6	-2795.02	5610.04	2112.5	578.39	0.4052,2.3529,1.9667,1.1376,10.0908,0.0203,0.912,0.3083,0.3277,0.0043
1	Round_5_Replicate_1	-3105.89	6231.78	1931.22	362.43	1.0656,3.1145,0.6079,0.4536,0.4744,1.555,2.1688,9.4766,0.8316,0.0014
1	Round_5_Replicate_6	-3162.15	6344.3	2168.26	1869.76	0.2106,0.8355,0.0033,18.2162,5.9738,0.7613,0.5725,0.6938,0.2785,0.0005
1	Round_5_Replicate_5	-3214.95	6449.9	129642.42	783.66	0.7815,1.3205,0.6888,2.883,1.1411,15.8123,0.2591,0.2989,0.1985,0.0001
1	Round_5_Replicate_5	-2729.03	5478.06	829.4	427.26	0.3246,3.3689,4.7176,0.5217,2.9384,0.0869,1.7871,0.1932,0.1106,0.0002
1	Round_5_Replicate_6	-2832.71	5685.42	1085.91	277.22	0.9072,4.2375,0.887,0.7403,15.8808,1.3107,4.188,0.3193,0.2767,0.0059
1	Round_5_Replicate_7	-2796.99	5613.98	834.59	837.61	0.3017,1.6591,2.3418,0.388,9.012,3.7075,0.2998,0.0594,0.6757,0.0021
1	Round_5_Replicate_6	-2749.5	5519.0	871.17	661.51	0.3412,1.9059,4.2977,1.1775,0.339,1.2539,0.8445,0.1998,0.0666,0.0003
1	Round_5_Replicate_5	-3040.88	6101.76	4443.47	805.89	0.2955,1.3838,5.2941,0.9005,0.0772,3.1311,0.7397,3.4997,0.3037,0.0034
1	Round_5_Replicate_6	-3007.81	6035.62	1248.05	1077.9	0.1655,1.0432,1.3721,3.0443,12.7254,0.4149,0.2913,0.0844,0.7325,0.0022
1	Round_5_Replicate_7	-2976.16	5972.32	1166.35	1028.58	0.2108,1.0634,2.7651,1.2439,19.9258,0.1789,0.3459,0.3219,0.3859,0.0002
1	Round_5_Replicate_7	-3048.97	6117.94	1492.71	1474.27	0.1914,1.0346,0.1368,18.9048,5.5824,0.4588,0.5255,0.391,0.4642,0.0007
1	Round_5_Replicate_6	-3096.28	6212.56	1658.33	1424.72	0.3048,0.7553,0.1003,16.0553,2.9445,1.7033,1.4758,8.0935,0.4827,0.0002
1	Round_5_Replicate_2	-3266.49	6552.98	5036.5	355.77	1.5762,2.6799,0.2238,0.8834,0.4013,2.4622,8.1201,11.9787,0.6869,0.0097
1	Round_5_Replicate_7	-2701.64	5423.28	901.44	328.38	0.7581,4.0309,1.2258,0.6427,4.6385,0.6096,2.4814,0.2999,0.4467,0.0011
1	Round_5_Replicate_6	-2726.41	5472.82	1058.32	447.43	0.3614,3.0889,3.7754,0.6226,8.4167,0.627,1.7214,0.2213,0.0188,0.0021
1	Round_5_Replicate_8	-2993.22	6006.44	1115.7	1177.69	0.1596,0.915,3.4238,0.74,14.2505,7.6402,0.1567,0.0603,0.6653,0.0001
1	Round_5_Replicate_7	-2995.6	6011.2	1164.66	1101.96	0.145,1.005,9.771,0.9156,0.2736,1.3168,0.2923,0.1032,0.0429,0.0001
1	Round_5_Replicate_8	-2942.14	5904.28	1815.01	838.98	0.388,1.3801,1.4224,2.0531,14.7037,0.0425,0.4041,0.185,0.29,0.0006
1	Round_5_Replicate_7	-2920.33	5860.66	1294.1	887.88	0.1461,1.7815,1.6981,1.8975,12.1848,0.2198,0.2133,0.0699,0.9392,0.0041
1	Round_5_Replicate_6	-3087.12	6194.24	2000.34	753.06	0.2545,1.3965,5.9328,1.1773,0.3094,1.5939,0.9072,19.51,0.2068,0.0045
1	Round_5_Replicate_7	-3183.99	6387.98	2238.06	769.92	0.897,1.3757,0.1703,15.2344,1.1177,1.0512,0.25,0.3233,0.6053,0.0001
1	Round_5_Replicate_8	-3086.5	6193.0	1920.12	1949.79	0.1622,0.673,0.0218,19.4558,8.4483,1.0576,0.2322,1.2914,0.481,0.001
1	Round_5_Replicate_3	-3188.4	6396.8	24814.64	304.26	1.5848,3.1107,0.2794,0.908,0.4294,1.3444,6.1412,19.9772,0.7685,0.0012
1	Round_5_Replicate_8	-2857.8	5735.6	37216.96	295.19	0.9967,4.3927,1.1012,2.8484,3.3557,0.4469,3.2619,0.2095,0.3073,0.0198
1	Round_5_Replicate_9	-2960.78	5941.56	1190.22	1066.31	0.2017,1.0991,2.8601,1.2986,19.45,1.2244,0.0628,0.1759,0.344,0.0002
1	Round_5_Replicate_7	-2762.74	5545.48	959.91	497.73	0.3616,2.9688,3.7473,0.3868,6.801,0.3196,1.1217,0.2053,0.0408,0.0003
1	Round_5_Replicate_8	-3028.6	6077.2	1273.08	943.3	0.413,0.955,3.5568,4.1951,0.1141,1.0649,0.5219,0.146,0.1303,0.0034
1	Round_5_Replicate_9	-2827.58	5675.16	1318.13	697.29	0.3997,1.9666,2.116,1.174,19.4758,0.0173,0.4514,0.2103,0.1457,0.0031
1	Round_5_Replicate_8	-2797.76	5615.52	945.66	702.55	0.2529,2.0231,1.8784,1.4592,11.747,0.1582,0.6207,0.1189,0.646,0.0016
1	Round_5_Replicate_8	-3212.25	6444.5	12289.72	796.38	0.7933,0.912,1.2783,3.8885,2.0825,11.9996,0.7388,0.1538,0.2194,0.0011
1	Round_5_Replicate_7	-3108.72	6237.44	1755.0	1074.84	0.198,0.9835,6.6473,3.2686,0.1506,1.6195,0.931,3.0117,0.1699,0.0019
1	Round_5_Replicate_9	-3011.94	6043.88	1538.77	1405.13	0.1733,0.999,0.0117,17.5317,6.9416,0.6962,0.0896,1.238,0.5775,0.0014
1	Round_5_Replicate_4	-3243.34	6506.68	16362.17	430.37	1.3,2.1299,0.6669,1.1761,0.3281,3.7834,4.8902,8.7216,0.5759,0.0049
1	Round_5_Replicate_9	-2769.83	5559.66	21523.86	507.21	0.5513,2.4301,0.6001,3.5575,3.9172,1.1154,1.4855,0.2109,0.7483,0.0038
1	Round_5_Replicate_8	-2787.34	5594.68	1624.59	549.64	0.3415,2.469,3.3975,0.5162,9.4259,0.2196,0.8383,0.6041,0.0235,0.0001
1	Round_5_Replicate_10	-2925.27	5870.54	1095.31	968.09	0.2053,1.1339,2.7273,0.9795,10.3168,2.2903,0.1777,0.6804,0.569,0.0013
1	Round_5_Replicate_9	-2907.68	5835.36	1080.24	836.68	0.377,1.1972,3.3701,3.4023,2.1238,1.155,0.7368,0.2371,0.3512,0.002
1	Round_5_Replicate_10	-3007.97	6035.94	1262.23	1069.64	0.2169,0.9972,3.6696,1.2616,19.7857,0.0226,0.207,0.2922,0.2815,0.0025
1	Round_5_Replicate_9	-3402.45	6824.9	6648.89	766.29	1.024,0.9725,0.4062,4.324,0.5242,13.2226,0.4759,0.0912,0.3553,0.0001
1	Round_5_Replicate_9	-2879.93	5779.86	1022.24	873.28	0.1697,1.7134,0.6276,1.7279,14.5272,0.2792,0.2779,0.0598,0.7977,0.0009
1	Round_5_Replicate_8	-2886.19	5792.38	27766.68	520.97	0.5513,2.7561,1.9261,1.0476,0.1631,17.2782,0.5821,1.4641,0.1605,0.0001
1	Round_5_Replicate_10	-3250.98	6521.96	1893.3	1255.72	0.2036,1.1698,0.0234,18.3337,6.1901,0.1913,0.171,0.219,0.5404,0.0122
1	Round_5_Replicate_5	-3414.27	6848.54	1289527.14	291.96	1.802,3.6055,0.3301,1.1648,0.1828,1.3533,5.2721,4.5421,0.9464,0.0015
1	Round_5_Replicate_10	-2823.38	5666.76	1555.08	489.21	0.8494,2.3261,1.3336,4.072,2.6293,0.5032,1.4769,0.1778,0.2984,0.0012
1	Round_5_Replicate_9	-2821.07	5662.14	959.84	738.51	0.2035,1.7664,6.1734,0.7407,1.8174,0.4419,0.6505,0.3225,0.0672,0.002
1	Round_5_Replicate_10	-3319.24	6658.48	13938.97	762.92	0.8689,0.9724,0.6245,4.4279,0.6918,19.4703,0.9425,0.1372,0.2838,0.0023
1	Round_5_Replicate_10	-2954.21	5928.42	1039.73	1111.43	0.1669,1.0477,9.245,1.8184,0.2343,0.8431,0.1357,0.0497,0.0491,0.0021
1	Round_5_Replicate_10	-2786.99	5593.98	892.37	667.47	0.2776,2.081,1.4755,1.0625,12.1,0.3916,0.7359,0.1487,0.5616,0.0002
1	Round_5_Replicate_9	-3093.81	6207.62	2096.35	637.94	0.1596,1.9177,9.2555,1.4899,0.0627,1.0686,1.4931,1.2403,0.1154,0.0049
1	Round_5_Replicate_6	-3307.63	6635.26	28332.02	347.89	1.4351,3.0848,0.5425,0.9164,0.1871,2.1531,18.9094,8.6727,0.7614,0.0065
1	Round_5_Replicate_10	-2811.46	5642.92	1316.3	432.67	0.3507,3.3402,3.5791,0.1245,2.9968,0.5957,1.4491,0.6262,0.0459,0.0006
1	Round_5_Replicate_7	-2904.22	5828.44	2011.88	262.88	1.2904,4.6306,0.711,0.2986,0.5045,1.1495,0.3122,5.416,0.5028,0.0011
1	Round_5_Replicate_10	-3065.45	6150.9	3455.47	1160.23	0.2157,1.0357,5.8384,1.6548,0.2495,10.7112,0.4839,19.3753,0.3633,0.004
1	Round_5_Replicate_8	-2891.22	5802.44	2560.54	192.91	1.7553,6.8482,0.6022,0.22,0.3791,2.0101,0.3839,8.5724,0.3734,0.011
1	Round_5_Replicate_9	-2892.55	5805.1	4260.57	271.92	1.1293,5.8021,0.913,0.3262,0.0539,5.2612,2.9932,4.7681,0.4205,0.0014
1	Round_5_Replicate_10	-2872.56	5765.12	4403.17	265.76	1.3227,4.7374,0.9175,0.326,0.123,2.0444,2.3516,2.3088,0.2321,0.0006
