Model	Replicate	log-likelihood	AIC	chi-squared	theta	optimized_params(nu1, nu2, m, mi, T1, T2, P)
Model	Replicate	log-likelihood	AIC	chi-squared	theta	optimized_params(nu1, nu2, m, mi, T1, T2, P)
Model	Replicate	log-likelihood	AIC	chi-squared	theta	optimized_params(nu1, nu2, m, mi, T1, T2, P)
1	Round_1_Replicate_1	-34502.41	69012.82	3201309.31	604.72	1.7759,0.593,1.5188,0.9883
Model	Replicate	log-likelihood	AIC	chi-squared	theta	optimized_params(nu1, nu2, m, mi, T1, T2, P)
1	Round_1_Replicate_1	-16096.37	32200.74	2311936.25	115.86	5.6209,9.0886,7.2046,0.0937
1	Round_1_Replicate_1	-25467.12	50942.24	456844.79	242.08	4.62,14.049,0.6964,0.9883
1	Round_1_Replicate_1	-61676.97	123361.94	35253985754.7	929.7	0.586,0.2982,2.6778,0.9883
1	Round_1_Replicate_2	-21939.68	43887.36	231813.94	625.75	0.9863,5.3224,0.1709,0.9883
1	Round_1_Replicate_2	-8608.23	17224.46	31737.23	322.25	5.926,3.5665,0.7038,0.3237
1	Round_1_Replicate_2	-32709.58	65427.16	13853671.62	627.82	0.1013,4.0449,0.4029,0.9899
1	Round_1_Replicate_3	-12240.28	24488.56	5683373924478890.0	402.0	8.0375,10.7085,0.2355,0.467
1	Round_1_Replicate_2	-8834.76	17677.52	74091.0	859.57	0.1325,3.2218,0.133,0.3468
1	Round_1_Replicate_3	-5065.87	10139.74	14350.14	1048.53	0.7929,0.6849,0.0818,0.1339
1	Round_1_Replicate_3	-24878.68	49765.36	1836834.18	920.91	2.7763,0.5726,0.08,0.9883
1	Round_1_Replicate_3	-24119.28	48246.56	376162.98	379.71	1.4805,6.5446,0.5745,0.989
1	Round_1_Replicate_4	-3988.49	7984.98	5151.86	1180.21	0.2514,0.8115,0.055,0.0594
1	Round_1_Replicate_4	-23270.27	46548.54	415678.63	584.6	0.4993,4.6145,0.3042,0.9897
1	Round_1_Replicate_4	-80642.44	161292.88	-2.5147873822400654e+25	198.07	6.9723,0.1791,8.5377,0.9904
1	Round_1_Replicate_4	-39191.38	78390.76	22286426.23	2277.11	0.1354,0.1847,0.5517,0.9897
Model	Replicate	log-likelihood	AIC	chi-squared	theta	optimized_params(nu1, nu2, m, mi, T1, T2, P)
1	Round_1_Replicate_5	-7231.04	14470.08	31251.79	232.56	6.415,7.005,1.0173,0.0611
1	Round_1_Replicate_5	-24336.68	48681.36	445612.98	520.43	0.9913,2.8015,0.6451,0.989
1	Round_1_Replicate_5	-29510.79	59029.58	1753647.36	140.58	3.7601,12.1436,3.45,0.9885
1	Round_1_Replicate_5	-36284.6	72577.2	5763466.9	100.05	12.5823,5.4174,8.5227,0.9899
1	Round_1_Replicate_1	-17145.7	34299.4	2388968.16	116.52	4.8064,10.409,6.6442,0.362
1	Round_1_Replicate_6	-4837.04	9682.08	20331.14	702.01	1.5653,1.865,0.1905,0.0805
1	Round_1_Replicate_6	-75796.51	151601.02	16519973869524.71	779.74	0.2435,0.7308,3.5616,0.9883
1	Round_1_Replicate_6	-11404.02	22816.04	623222181.2	551.69	8.8446,2.0482,0.1893,0.631
1	Round_1_Replicate_6	-17388.5	34785.0	685150.3	396.06	4.9817,0.6741,1.2659,0.2517
1	Round_1_Replicate_2	-24117.47	48242.94	571350.54	671.39	0.3756,2.761,0.3794,0.9897
1	Round_1_Replicate_7	-12958.59	25925.18	60757.66	623.41	10.0873,0.8644,0.1814,0.7014
1	Round_1_Replicate_7	-21194.06	42396.12	208345.96	750.21	0.5266,6.5511,0.1023,0.9883
1	Round_1_Replicate_3	-9716.98	19441.96	79568.02	673.08	0.1739,10.3427,0.1505,0.4366
1	Round_1_Replicate_7	-81693.82	163395.64	-2.4994911046092817e+26	145.66	6.7322,0.3859,18.2347,0.9904
1	Round_1_Replicate_8	-32170.98	64349.96	1983706.68	550.86	1.8029,0.8308,1.5897,0.9883
1	Round_1_Replicate_4	-7580.94	15169.88	16352.48	1113.63	0.6444,0.5348,0.1153,0.398
1	Round_1_Replicate_8	-26083.85	52175.7	1757387.52	593.39	0.1395,15.6911,0.1867,0.9897
1	Round_1_Replicate_5	-10879.89	21767.78	48216.65	832.59	3.0554,0.2649,0.1982,0.1004
1	Round_1_Replicate_9	-18953.73	37915.46	5917759.51	357.28	0.3566,5.756,1.3737,0.3093
1	Round_1_Replicate_8	-103567.26	207142.52	-1.2375394215801764e+38	551.39	0.0995,0.4111,8.7625,0.9896
1	Round_1_Replicate_6	-6145.92	12299.84	14834.49	1381.13	0.2022,0.4466,0.08,0.1976
1	Round_1_Replicate_10	-29000.54	58009.08	2035388.39	178.72	1.8941,12.8352,2.2065,0.9883
1	Round_1_Replicate_9	-56022.74	112053.48	940736557.94	332.69	14.7752,0.1261,0.9202,0.9885
1	Round_1_Replicate_7	-7227.75	14463.5	394532885626.66	493.4	3.0844,9.0702,0.1912,0.0963
1	Round_1_Replicate_9	-91256.5	182521.0	-7.920763440103272e+34	533.99	0.4662,0.0971,9.0521,0.1471
1	Round_1_Replicate_8	-27206.51	54421.02	1724142027469339.5	538.43	7.4469,4.7322,0.1553,0.9889
1	Round_1_Replicate_10	-83419.5	166847.0	-1.471586885959442e+27	288.43	2.2845,0.2521,12.2286,0.9901
1	Round_1_Replicate_11	-79455.1	158918.2	-1.4606179112892308e+30	833.4	0.0698,0.6998,3.7739,0.99
1	Round_1_Replicate_10	-67206.78	134421.56	80526798075889.86	594.91	0.1176,1.9457,2.2985,0.7916
1	Round_1_Replicate_9	-43127.95	86263.9	18059802216.13	995.37	0.432,0.3589,2.5389,0.211
1	Round_1_Replicate_11	-47661.64	95331.28	174987191.97	2615.67	0.1352,0.1048,0.5479,0.9897
Model	Replicate	log-likelihood	AIC	chi-squared	theta	optimized_params(nu1, nu2, m, mi, T1, T2, P)
1	Round_1_Replicate_12	-62236.43	124480.86	29040263586.11	989.23	0.7634,0.1889,2.0307,0.9885
1	Round_1_Replicate_11	-26394.56	52797.12	95850316.02	206.78	0.4584,10.59,2.7618,0.3482
1	Round_1_Replicate_10	-4712.67	9433.34	6053.79	1282.94	0.3161,0.4398,0.054,0.0923
1	Round_1_Replicate_7	-85260.84	170529.68	-1.2383261913308771e+46	463.37	0.0793,0.2734,11.5992,0.5555
1	Round_1_Replicate_1	-27271.82	54551.64	2321409.82	615.73	0.1469,5.7238,0.2775,0.9899
1	Round_1_Replicate_12	-11963.13	23934.26	153313.77	540.4	0.2752,9.6794,0.2593,0.5909
1	Round_1_Replicate_13	-6490.15	12988.3	29555.72	453.76	1.6971,3.5038,0.556,0.1091
1	Round_1_Replicate_11	-15923.34	31854.68	214274.74	617.97	0.5129,3.0956,0.394,0.868
1	Round_1_Replicate_2	-16495.01	32998.02	314890.14	1199.87	0.7919,0.2253,0.3848,0.4807
1	Round_1_Replicate_13	-35940.08	71888.16	51859110.51	266.13	9.0873,0.4313,2.2064,0.8106
1	Round_1_Replicate_12	-13333.12	26674.24	198119.83	920.22	1.2702,0.3391,0.4809,0.1532
1	Round_1_Replicate_3	-44756.6	89521.2	-659945600403427.6	353.98	0.623,0.6454,12.5054,0.6912
1	Round_1_Replicate_14	-59288.85	118585.7	1794240385549.55	1238.31	0.6112,0.1039,1.5759,0.4147
1	Round_1_Replicate_13	-31622.76	63253.52	2218594.97	1116.57	1.472,0.1218,0.1356,0.9899
1	Round_1_Replicate_4	-53944.54	107897.08	5653147178.71	953.89	0.2621,0.6679,2.2111,0.9883
1	Round_1_Replicate_15	-30967.55	61943.1	2.4971148088995543e+23	510.39	10.8224,16.1771,0.1328,0.989
1	Round_1_Replicate_12	-88756.75	177521.5	-3.680066052824273e+29	505.33	1.0279,0.1016,7.7023,0.9894
1	Round_1_Replicate_14	-10701.13	21410.26	2796506.92	504.57	3.5461,3.2851,0.2667,0.6508
1	Round_1_Replicate_5	-28063.66	56135.32	2745006.13	523.01	3.0452,0.4503,1.2159,0.892
1	Round_2_Replicate_1	-3767.33	7542.66	62875.31	1008.26	0.475,1.3285,0.0713,0.0114
1	Round_1_Replicate_8	-74705.77	149419.54	-7.553565365119133e+28	272.04	0.1126,4.0506,7.3005,0.9894
1	Round_1_Replicate_13	-29392.35	58792.7	1775121.55	1020.88	4.9189,0.1599,0.063,0.9897
1	Round_1_Replicate_15	-47944.27	95896.54	56433667.01	521.35	8.1667,0.1036,0.4991,0.9899
1	Round_1_Replicate_6	-7884.57	15777.14	17331.49	1052.21	1.9116,0.238,0.0828,0.0658
1	Round_2_Replicate_2	-4733.87	9475.74	7193.91	1533.45	0.054,0.1318,0.0098,0.0697
1	Round_1_Replicate_14	-8043.06	16094.12	18632.17	887.52	1.9147,0.5005,0.157,0.2684
1	Round_1_Replicate_9	-4895.5	9799.0	20185.44	813.62	0.5493,3.1349,0.1079,0.1877
1	Round_2_Replicate_1	-5944.3	11896.6	123172449.46	1063.39	0.4351,1.3561,0.0398,0.2841
1	Round_2_Replicate_3	-3754.65	7517.3	16150.94	1262.28	0.0596,0.9121,0.0139,0.0081
1	Round_1_Replicate_7	-72765.79	145539.58	25074051057820.52	242.82	0.1675,8.0246,2.9891,0.9885
1	Round_1_Replicate_15	-9542.45	19092.9	44361.49	605.84	3.4843,0.7133,0.3978,0.1623
1	Round_2_Replicate_2	-3768.74	7545.48	28483.54	1066.99	0.1553,2.9278,0.0349,0.0226
1	Round_1_Replicate_14	-70674.71	141357.42	-3.1140286048880675e+30	137.71	9.3072,0.108,14.6264,0.0813
1	Round_2_Replicate_4	-6059.74	12127.48	8187498349.95	1217.18	0.6573,0.3097,0.0196,0.0109
1	Round_1_Replicate_8	-28683.64	57375.28	1068000.91	806.25	2.1332,0.3881,0.3049,0.9897
1	Round_2_Replicate_1	-22709.54	45427.08	254655.2	596.07	1.7218,2.8372,0.2445,0.9883
1	Round_2_Replicate_3	-4774.02	9556.04	38171.6	1384.55	0.2176,0.2407,0.0226,0.0396
1	Round_1_Replicate_15	-43514.83	87037.66	194425087.57	213.23	1.0369,5.6997,5.9402,0.9899
1	Round_2_Replicate_5	-13264.74	26537.48	241886.5	2358.63	0.0796,0.1627,0.1444,0.1869
1	Round_2_Replicate_4	-7690.18	15388.36	13799.15	1335.78	0.0839,0.5231,0.0215,0.5541
1	Round_2_Replicate_2	-13692.58	27393.16	143345.47	501.38	7.0273,0.4192,0.4927,0.0708
1	Round_2_Replicate_1	-4832.37	9672.74	10957.03	702.88	0.3964,10.686,0.1156,0.0543
1	Round_2_Replicate_6	-8788.97	17585.94	5.654161881171094e+18	963.51	1.6343,2.18,0.0332,0.0275
1	Round_2_Replicate_5	-12842.86	25693.72	139471.86	1291.77	0.7357,0.1772,0.2639,0.0152
1	Round_2_Replicate_3	-7712.52	15433.04	17739.2	1294.07	0.7147,0.1751,0.0676,0.0424
1	Round_2_Replicate_2	-4433.05	8874.1	14234.08	736.84	0.7674,3.0049,0.1511,0.076
1	Round_2_Replicate_7	-4567.88	9143.76	129017935.4	1053.17	0.2235,4.6275,0.0273,0.0695
1	Round_2_Replicate_6	-4877.86	9763.72	8319.03	1519.06	0.0841,0.2988,0.0322,0.0291
1	Round_2_Replicate_4	-10149.25	20306.5	25435.99	937.87	0.3561,2.2611,0.0797,0.7367
1	Round_2_Replicate_3	-14396.62	28801.24	1398111.05	220.14	0.6696,13.5822,1.5709,0.071
1	Round_1_Replicate_10	-86122.73	172253.46	-1.3220381165336557e+32	263.59	0.2017,1.8837,15.451,0.99
1	Round_2_Replicate_8	-5398.89	10805.78	1689670.88	1176.01	0.8355,0.3489,0.0369,0.0146
1	Round_2_Replicate_7	-5007.93	10023.86	432632.79	1422.3	0.1032,0.1832,0.0111,0.1075
1	Round_2_Replicate_5	-26187.62	52383.24	802355.73	933.55	3.4966,0.3875,0.0824,0.9889
1	Round_2_Replicate_4	-20316.25	40640.5	15057385.97	299.66	0.6449,4.9745,2.7981,0.0145
1	Round_1_Replicate_9	-101322.26	202652.52	-1.6809331885827614e+40	434.71	0.1141,0.2671,12.4187,0.9897
1	Round_2_Replicate_9	-8106.74	16221.48	31160.06	1556.01	0.3151,0.2149,0.1216,0.0112
1	Round_2_Replicate_8	-8609.55	17227.1	68776.8	985.98	0.2254,1.3559,0.2085,0.3254
1	Round_2_Replicate_6	-14070.23	28148.46	65953.79	996.18	8.6598,0.2102,0.0561,0.6877
1	Round_2_Replicate_5	-7988.26	15984.52	73347.86	368.8	2.469,3.1191,1.0269,0.0122
1	Round_1_Replicate_10	-10324.82	20657.64	115513.48	1389.25	0.3749,0.3559,0.3074,0.0588
1	Round_2_Replicate_10	-7223.53	14455.06	21374.96	1250.52	0.8849,0.1745,0.0315,0.1282
1	Round_1_Replicate_11	-64909.22	129826.44	1.4669204141653631e+22	801.71	0.1236,0.1222,6.1425,0.1068
1	Round_2_Replicate_9	-3786.86	7581.72	5895.04	1277.76	0.16,0.6087,0.0334,0.0211
1	Round_2_Replicate_7	-16473.3	32954.6	325237.47	717.02	3.1049,0.2082,0.427,0.0366
1	Round_2_Replicate_6	-15232.28	30472.56	81819.08	803.61	2.2521,0.5858,0.2029,0.816
1	Round_2_Replicate_11	-3917.49	7842.98	134206.1	1203.21	0.0495,3.7627,0.0103,0.0175
1	Round_1_Replicate_12	-26228.64	52465.28	484982.82	373.27	6.9644,2.5946,0.5176,0.9885
1	Round_2_Replicate_10	-6556.03	13120.06	81194.13	1286.76	0.1355,0.5518,0.0205,0.4325
1	Round_2_Replicate_8	-7835.86	15679.72	50308.77	1079.21	4.7701,0.212,0.0393,0.1131
1	Round_2_Replicate_7	-3992.55	7993.1	90990.31	862.75	0.4363,3.5383,0.0818,0.0287
1	Round_2_Replicate_12	-7035.9	14079.8	5891789273980.56	1102.22	1.1518,0.6037,0.0268,0.0955
1	Round_1_Replicate_13	-6716.6	13441.2	15572.05	1606.38	0.2084,0.1926,0.0613,0.0623
1	Round_2_Replicate_11	-18612.12	37232.24	947387.87	2442.35	0.182,0.0934,0.2483,0.2048
1	Round_1_Replicate_11	-107205.44	214418.88	-1.1771629037395274e+25	411.73	0.1803,1.5934,7.8428,0.9898
1	Round_2_Replicate_9	-4921.4	9850.8	8319.02	1057.57	0.529,0.8819,0.0836,0.1849
1	Round_2_Replicate_8	-10207.28	20422.56	21878544.85	246.17	7.501,10.9998,0.6416,0.4621
1	Round_2_Replicate_13	-4075.47	8158.94	102824.47	894.71	0.3077,5.5783,0.0619,0.0357
1	Round_2_Replicate_12	-4223.6	8455.2	6395.78	1042.83	0.4913,0.9836,0.0873,0.0767
1	Round_1_Replicate_14	-26454.75	52917.5	649228.06	737.13	1.7086,0.6943,0.428,0.9897
1	Round_1_Replicate_12	-45584.04	91176.08	9732359954107110.0	271.95	1.1994,0.784,15.4023,0.099
1	Round_2_Replicate_10	-7552.69	15113.38	101978.21	1149.37	3.4095,0.1666,0.0285,0.0319
1	Round_2_Replicate_14	-5171.81	10351.62	15609.04	1205.08	0.1442,0.9061,0.0816,0.0395
1	Round_2_Replicate_9	-6469.43	12946.86	29251.41	548.15	0.5478,6.4791,0.2753,0.1445
1	Round_2_Replicate_13	-5183.83	10375.66	574513350.52	1145.44	0.2118,1.4764,0.0209,0.1545
1	Round_1_Replicate_15	-22895.61	45799.22	371679.9	604.64	0.4697,5.2617,0.2461,0.9899
1	Round_1_Replicate_13	-58533.47	117074.94	58569507358.03	1104.92	0.1207,0.7407,1.4747,0.9885
1	Round_2_Replicate_11	-11961.47	23930.94	3.683772749235458e+19	887.91	5.7179,1.7978,0.0438,0.3904
1	Round_2_Replicate_15	-5965.09	11938.18	13893.97	1622.21	0.127,0.2445,0.0538,0.0399
1	Round_2_Replicate_10	-6848.62	13705.24	35778.5	284.32	3.6605,5.7741,0.9459,0.0132
1	Round_2_Replicate_14	-4580.87	9169.74	11988.81	823.06	0.5421,2.7732,0.1135,0.1382
1	Round_2_Replicate_1	-9052.83	18113.66	114961.4	573.35	0.1671,13.1175,0.2099,0.047
1	Round_1_Replicate_14	-24274.29	48556.58	686261.87	679.38	0.2773,3.3635,0.3003,0.9897
1	Round_2_Replicate_12	-4189.06	8386.12	133676.75	833.97	0.7168,2.326,0.1069,0.0567
1	Round_3_Replicate_1	-3814.32	7636.64	87955.87	1189.54	0.0616,2.9138,0.0133,0.0071
1	Round_2_Replicate_11	-7870.23	15748.46	16579.49	875.51	0.7028,1.5674,0.1271,0.5453
1	Round_2_Replicate_15	-18220.74	36449.48	862891.17	2624.56	0.1101,0.1281,0.2353,0.4095
1	Round_2_Replicate_2	-6398.87	12805.74	2916249988810.38	830.98	1.6655,2.3917,0.0709,0.0745
1	Round_1_Replicate_15	-19565.61	39139.22	6599338.71	624.97	0.1716,2.7278,0.7652,0.317
1	Round_2_Replicate_13	-11313.39	22634.78	92049.53	846.4	1.1063,0.6647,0.434,0.4269
1	Round_2_Replicate_12	-10273.16	20554.32	99751.0	381.99	4.8095,1.3856,0.97,0.0159
1	Round_3_Replicate_2	-3905.01	7818.02	76306.14	1321.94	0.0332,0.4664,0.0066,0.0121
1	Round_3_Replicate_1	-4236.11	8480.22	18512814.97	1105.92	0.1363,6.0974,0.0195,0.0412
1	Round_2_Replicate_3	-5103.32	10214.64	9669.77	849.64	1.076,1.0166,0.1945,0.0475
1	Round_2_Replicate_13	-20519.97	41047.94	12482444.93	135.83	1.0067,17.7027,3.7427,0.2536
1	Round_2_Replicate_14	-7316.37	14640.74	14929.9	910.15	0.4762,1.9532,0.0973,0.5148
1	Round_2_Replicate_1	-10237.59	20483.18	31612.78	952.78	10.065,0.1564,0.0729,0.0798
1	Round_3_Replicate_3	-3700.82	7409.64	17663.61	1307.24	0.1153,0.5389,0.0219,0.0019
1	Round_3_Replicate_2	-6310.91	12629.82	32569.4	1203.61	0.0827,1.0645,0.0754,0.0142
1	Round_2_Replicate_14	-7823.18	15654.36	276957.23	752.88	2.9247,1.0865,0.1399,0.3983
1	Round_2_Replicate_15	-22385.54	44779.08	1427606.88	379.87	15.5288,0.2158,0.654,0.0595
1	Round_2_Replicate_4	-4194.82	8397.64	7917.61	987.08	0.3262,1.4697,0.1088,0.0239
1	Round_2_Replicate_2	-6285.12	12578.24	46931.75	778.42	6.341,0.6437,0.1142,0.0184
1	Round_3_Replicate_4	-5348.59	10705.18	16300.09	1154.76	0.0376,3.1046,0.0242,0.0083
1	Round_3_Replicate_1	-5366.9	10741.8	1146476164.66	749.62	2.612,1.7432,0.1115,0.0093
1	Round_2_Replicate_3	-30968.84	61945.68	27249834.63	726.39	3.0504,0.0816,0.5262,0.0083
1	Round_2_Replicate_15	-10031.55	20071.1	216557.82	306.16	1.2801,6.3942,1.2326,0.1394
1	Round_2_Replicate_5	-7248.34	14504.68	3395790061642366.5	967.67	0.7521,4.1527,0.0332,0.0521
1	Round_3_Replicate_3	-3757.39	7522.78	8726.09	1118.43	0.2839,1.0434,0.0555,0.0326
1	Round_3_Replicate_5	-3733.72	7475.44	16361.68	1211.52	0.0917,1.2009,0.0208,0.0225
1	Round_2_Replicate_4	-6969.09	13946.18	9143602.19	1063.86	5.3362,0.2844,0.0362,0.0321
1	Round_3_Replicate_2	-4146.69	8301.38	7264.76	1087.42	0.3918,0.9622,0.0707,0.0846
1	Round_3_Replicate_1	-4730.77	9469.54	10853.79	712.46	0.7051,2.6743,0.2078,0.0633
1	Round_2_Replicate_6	-9262.42	18532.84	29416635597168.4	607.1	3.187,5.3659,0.13,0.359
1	Round_3_Replicate_4	-3895.07	7798.14	206955.66	1182.76	0.0535,8.9034,0.0111,0.0067
1	Round_3_Replicate_6	-4006.17	8020.34	5210.13	1347.23	0.0753,0.5401,0.0246,0.002
1	Round_2_Replicate_5	-17149.6	34307.2	163799.31	1002.61	4.3603,0.0567,0.0943,0.0314
1	Round_3_Replicate_3	-4927.96	9863.92	24683.5	553.13	1.5353,3.9838,0.2596,0.0585
1	Round_2_Replicate_7	-11749.5	23507.0	9.81756966407249e+23	856.97	2.364,15.8454,0.0393,0.036
1	Round_3_Replicate_5	-4007.77	8023.54	503477.63	933.84	0.2581,7.7275,0.0482,0.0114
1	Round_3_Replicate_2	-4885.9	9779.8	13354.8	715.53	0.3621,5.19,0.1497,0.0186
1	Round_3_Replicate_7	-3633.51	7275.02	17263.73	1258.61	0.1046,0.7716,0.022,0.0017
1	Round_2_Replicate_6	-10409.44	20826.88	11790718.92	1369.88	0.3134,0.0791,0.0085,0.4892
1	Round_3_Replicate_4	-4495.67	8999.34	8022.47	775.58	1.1349,1.5747,0.1774,0.0427
1	Round_3_Replicate_6	-4874.03	9756.06	15042236328.03	1150.0	0.3076,1.0256,0.0226,0.0072
1	Round_2_Replicate_8	-4547.53	9103.06	281604.64	1097.08	0.2031,1.8646,0.0333,0.1681
1	Round_3_Replicate_3	-7047.01	14102.02	44808.81	667.55	0.1703,13.1528,0.1436,0.0065
1	Round_3_Replicate_8	-3680.04	7368.08	27725.86	1079.01	0.1874,1.9886,0.0399,0.0184
1	Round_2_Replicate_7	-16398.25	32804.5	129030.96	1001.31	2.9091,0.1114,0.1103,0.5002
1	Round_3_Replicate_5	-3812.11	7632.22	5121.63	1099.69	0.258,1.1467,0.067,0.0213
1	Round_3_Replicate_7	-6904.16	13816.32	1576301554968181.8	1074.56	0.4213,2.8652,0.0199,0.0339
1	Round_2_Replicate_9	-7303.38	14614.76	19270.28	566.08	3.6892,1.1863,0.348,0.1439
1	Round_3_Replicate_4	-7464.33	14936.66	1.5122749761935048e+16	890.51	0.9368,8.9823,0.0418,0.0099
1	Round_3_Replicate_9	-3596.65	7201.3	22364.48	1177.28	0.1549,1.1255,0.0317,0.0065
1	Round_2_Replicate_8	-5030.17	10068.34	987547.41	710.26	2.5304,1.5375,0.1543,0.0291
1	Round_3_Replicate_6	-4126.98	8261.96	12688436.16	984.91	0.5399,1.66,0.0582,0.0183
1	Round_3_Replicate_8	-4760.55	9529.1	247219821.67	1064.88	0.1948,7.4496,0.0233,0.0863
1	Round_3_Replicate_10	-4001.91	8011.82	109014.63	1248.63	0.0304,1.9564,0.0064,0.0213
1	Round_3_Replicate_5	-5364.94	10737.88	6948640961.35	804.88	0.9872,3.8421,0.0793,0.0675
1	Round_2_Replicate_10	-10626.27	21260.54	26778.21	1123.63	0.312,0.949,0.0593,0.7626
1	Round_2_Replicate_9	-15197.02	30402.04	128086.82	714.4	10.7128,0.1399,0.1881,0.0188
1	Round_3_Replicate_9	-3700.83	7409.66	37714.18	1237.77	0.0861,0.984,0.0179,0.0121
1	Round_3_Replicate_11	-3828.19	7664.38	105601.78	1104.61	0.1276,3.1521,0.0258,0.0292
1	Round_3_Replicate_7	-6300.49	12608.98	31844.93	993.88	0.4338,0.9654,0.2493,0.0152
1	Round_3_Replicate_6	-4004.44	8016.88	10868.64	1105.73	0.1884,1.5534,0.0415,0.0909
1	Round_2_Replicate_11	-17680.96	35369.92	145175.14	804.12	2.4159,0.4411,0.2322,0.8498
1	Round_2_Replicate_10	-5687.23	11382.46	9029.93	990.31	1.5195,0.4844,0.0951,0.0403
1	Round_3_Replicate_12	-3938.72	7885.44	21114.87	1340.69	0.0242,0.3834,0.0055,0.0063
1	Round_3_Replicate_7	-5363.07	10734.14	15843.98	606.69	0.4455,9.0075,0.1812,0.0266
1	Round_3_Replicate_10	-4205.73	8419.46	7142.81	1074.68	0.075,9.5978,0.0271,0.0085
1	Round_3_Replicate_8	-3993.98	7995.96	10256.96	806.32	0.5288,2.9705,0.1199,0.0136
1	Round_2_Replicate_12	-5916.09	11840.18	470059010.71	932.24	0.4157,6.281,0.0447,0.2405
1	Round_2_Replicate_11	-9783.5	19575.0	31883.67	1414.36	0.5377,0.0741,0.0291,0.129
1	Round_3_Replicate_11	-4193.93	8395.86	90313.39	781.83	0.5551,4.3145,0.104,0.034
1	Round_3_Replicate_13	-4019.32	8046.64	23259.35	1369.81	0.0217,0.2609,0.0047,0.0188
1	Round_3_Replicate_8	-4123.63	8255.26	7280.78	902.83	0.2714,3.021,0.0869,0.0274
1	Round_2_Replicate_13	-6191.17	12390.34	14496.22	869.44	0.9738,1.2725,0.131,0.333
1	Round_3_Replicate_9	-8292.75	16593.5	101955.4	563.43	0.2839,5.9218,0.3181,0.0453
1	Round_2_Replicate_12	-27176.27	54360.54	2965098.25	749.21	6.2453,0.0541,0.23,0.2377
1	Round_3_Replicate_12	-4144.49	8296.98	10735.58	1075.09	0.0963,10.4769,0.0252,0.0641
1	Round_3_Replicate_9	-6563.86	13135.72	22889481108283.88	798.08	1.2067,5.7824,0.0671,0.0421
1	Round_3_Replicate_10	-4625.73	9259.46	178336.63	1110.77	0.7251,0.5725,0.0566,0.0289
1	Round_3_Replicate_14	-3951.09	7910.18	10293.88	1228.88	0.0363,2.2181,0.0101,0.0047
1	Round_2_Replicate_14	-4165.38	8338.76	7081.21	996.49	0.1252,6.9239,0.0418,0.0206
1	Round_2_Replicate_13	-13506.2	27020.4	69635.65	1430.62	0.5987,0.0623,0.0408,0.3776
1	Round_3_Replicate_13	-4216.74	8441.48	80446.44	929.38	0.3049,3.9834,0.0591,0.0865
1	Round_3_Replicate_10	-9027.8	18063.6	125640.41	553.32	0.1887,10.5288,0.2464,0.0087
1	Round_2_Replicate_15	-3976.26	7960.52	28157.74	1067.36	0.1024,17.8131,0.0248,0.0273
1	Round_3_Replicate_11	-4499.63	9007.26	32928.54	741.95	0.7651,3.239,0.138,0.09
1	Round_3_Replicate_15	-4049.79	8107.58	83501.67	1261.01	0.0168,3.489,0.0038,0.0021
1	Round_2_Replicate_14	-7678.83	15365.66	626565.81	1127.98	10.0298,0.1691,0.0262,0.0195
1	Round_3_Replicate_14	-4198.39	8404.78	16821773.51	987.83	0.2522,7.2186,0.0364,0.0211
1	Round_3_Replicate_11	-4857.9	9723.8	8272.48	750.17	1.4714,1.3078,0.2096,0.0248
1	Round_3_Replicate_1	-3861.16	7730.32	40542.68	1057.84	0.1474,3.9546,0.0326,0.0324
1	Round_3_Replicate_12	-4355.11	8718.22	6091.59	1032.42	0.6652,0.8039,0.099,0.039
1	Round_2_Replicate_15	-5897.06	11802.12	64470645.2	639.9	6.644,1.5,0.1518,0.0108
1	Round_3_Replicate_15	-3849.97	7707.94	61363.86	1055.73	0.1664,3.2916,0.0347,0.036
1	Round_3_Replicate_2	-9470.06	18948.12	1.3602215784696123e+20	1123.52	0.311,17.7027,0.0094,0.0684
1	Round_4_Replicate_1	-3587.58	7183.16	15451.53	1086.46	0.2282,1.4959,0.0481,0.0041
1	Round_3_Replicate_12	-5123.9	10255.8	17513.11	987.38	0.3135,1.2973,0.1586,0.0175
1	Round_3_Replicate_13	-4516.24	9040.48	21857.6	714.95	0.6436,4.5784,0.1356,0.0713
1	Round_3_Replicate_1	-8526.5	17061.0	9.909031466857069e+16	747.5	8.43,2.2529,0.0762,0.0217
1	Round_3_Replicate_3	-5874.72	11757.44	13716509332968.56	1103.96	0.2094,17.7027,0.0145,0.0054
1	Round_3_Replicate_13	-4850.24	9708.48	2392720.32	637.67	0.9994,6.5648,0.1453,0.0419
1	Round_3_Replicate_14	-4504.05	9016.1	1750404.53	692.57	0.891,5.0553,0.129,0.02
1	Round_4_Replicate_1	-3684.79	7377.58	73916.43	1236.78	0.0848,1.0015,0.0168,0.0044
1	Round_3_Replicate_4	-4115.29	8238.58	28229.71	1158.37	0.0645,6.6656,0.0148,0.0674
1	Round_3_Replicate_2	-4873.64	9755.28	13777.92	759.85	0.679,1.9493,0.2339,0.0251
1	Round_4_Replicate_2	-3611.42	7230.84	16035.25	1205.76	0.1163,1.0855,0.0257,0.003
1	Round_3_Replicate_14	-4174.9	8357.8	13666.31	823.92	0.5202,2.9271,0.1099,0.0625
1	Round_3_Replicate_15	-6564.93	13137.86	22931.11	953.1	0.7653,0.7589,0.2435,0.0975
1	Round_3_Replicate_3	-4532.76	9073.52	17459.13	1034.02	0.9231,0.6541,0.0819,0.004
1	Round_3_Replicate_5	-5945.62	11899.24	22889.31	952.95	0.087,5.8593,0.0594,0.0826
1	Round_3_Replicate_15	-7373.1	14754.2	2460074502105743.0	844.26	1.6535,3.2919,0.0577,0.0432
1	Round_4_Replicate_2	-3718.99	7445.98	9914.67	1290.77	0.1227,0.6013,0.025,0.0128
1	Round_4_Replicate_3	-3643.26	7294.52	11191.7	1262.36	0.1355,0.6922,0.0277,0.0034
1	Round_3_Replicate_6	-6479.94	12967.88	32708647302176.31	1081.47	0.2567,17.7027,0.0166,0.0835
1	Round_3_Replicate_4	-6275.79	12559.58	68774.18	323.33	4.669,5.9949,0.5631,0.0647
1	Round_4_Replicate_1	-3675.32	7358.64	15550.08	985.17	0.3331,1.9228,0.069,0.0088
1	Round_4_Replicate_1	-3895.57	7799.14	64775.82	891.63	0.6842,1.7304,0.1001,0.0106
1	Round_3_Replicate_7	-3936.26	7880.52	11647.27	1088.79	0.0843,11.0761,0.0235,0.0081
1	Round_4_Replicate_3	-3657.87	7323.74	6021.6	1194.62	0.1309,1.0729,0.0328,0.0089
1	Round_3_Replicate_5	-4848.2	9704.4	19920.72	698.72	1.8814,1.6264,0.1931,0.0465
1	Round_4_Replicate_4	-3630.23	7268.46	67755.3	1133.53	0.1544,1.6359,0.0305,0.007
1	Round_4_Replicate_2	-3683.27	7374.54	8724.91	1087.58	0.3336,1.0882,0.0634,0.0107
1	Round_3_Replicate_8	-4531.18	9070.36	1102207.86	950.98	0.234,17.7027,0.04,0.0961
1	Round_3_Replicate_6	-6693.56	13395.12	26830.46	663.76	1.5332,1.2771,0.4059,0.0641
1	Round_4_Replicate_2	-4299.72	8607.44	587432.85	736.88	0.6584,5.4798,0.1099,0.0092
1	Round_4_Replicate_4	-3756.59	7521.18	44623.25	1213.11	0.0657,1.5889,0.0145,0.0076
1	Round_3_Replicate_9	-3878.48	7764.96	380695.2	959.73	0.2599,4.7689,0.0481,0.0077
1	Round_3_Replicate_7	-5152.5	10313.0	168443.18	1047.54	1.2072,0.5289,0.0646,0.03
1	Round_4_Replicate_5	-3651.97	7311.94	77380.4	1120.32	0.1439,2.0162,0.0291,0.0051
1	Round_4_Replicate_3	-3753.28	7514.56	16045.7	956.56	0.3715,2.0369,0.0758,0.0196
1	Round_3_Replicate_10	-3867.15	7742.3	64720.33	1079.65	0.1022,13.1574,0.0234,0.0071
1	Round_3_Replicate_8	-5424.08	10856.16	1075629.0	572.27	4.0346,2.0701,0.2217,0.0271
1	Round_4_Replicate_3	-4214.07	8436.14	27042.0	734.67	0.6367,4.1262,0.1307,0.0233
1	Round_4_Replicate_5	-3716.41	7440.82	69697.59	1244.56	0.0721,1.0044,0.0146,0.0054
1	Round_3_Replicate_11	-6816.33	13640.66	36995.37	1027.92	0.0376,17.7027,0.0363,0.006
1	Round_4_Replicate_6	-3627.5	7263.0	9788.65	1129.85	0.2646,1.0338,0.0519,0.0072
1	Round_3_Replicate_9	-5429.67	10867.34	282601.4	1033.13	1.5855,0.4745,0.0615,0.0083
1	Round_4_Replicate_4	-3660.02	7328.04	23542.87	1015.25	0.2679,2.0716,0.0559,0.0094
1	Round_3_Replicate_12	-3936.5	7881.0	124277.06	1184.03	0.0488,18.3759,0.0105,0.0129
1	Round_4_Replicate_4	-3891.49	7790.98	44806.13	904.21	0.3816,2.9975,0.0753,0.0278
1	Round_3_Replicate_10	-7734.66	15477.32	129315991216387.19	522.82	9.1075,4.0578,0.1689,0.0138
1	Round_4_Replicate_6	-3694.14	7396.28	29939.92	1258.7	0.0853,0.8214,0.0177,0.0099
1	Round_3_Replicate_13	-4038.26	8084.52	82806.74	1055.09	0.1221,14.6892,0.0262,0.0438
1	Round_4_Replicate_7	-3602.16	7212.32	20476.0	1117.23	0.2305,1.2484,0.0451,0.009
1	Round_4_Replicate_5	-3653.56	7315.12	12379.76	1033.32	0.32,1.5074,0.0646,0.0113
1	Round_3_Replicate_11	-9688.87	19385.74	36434.03	532.49	8.8036,0.6093,0.3265,0.053
1	Round_4_Replicate_5	-3745.55	7499.1	22488.9	932.58	0.3463,2.6083,0.0731,0.0072
1	Round_3_Replicate_14	-3923.15	7854.3	288434.36	914.21	0.3342,4.2169,0.0609,0.0135
1	Round_4_Replicate_7	-3718.81	7445.62	12068.14	1319.65	0.0932,0.5254,0.0192,0.0044
1	Round_3_Replicate_12	-6413.1	12834.2	11358.06	675.9	4.6028,0.7954,0.1982,0.009
1	Round_4_Replicate_8	-3691.72	7391.44	31181.86	1226.28	0.21,0.7019,0.0348,0.0051
1	Round_3_Replicate_15	-4055.82	8119.64	31824.61	1083.25	0.0972,16.2893,0.0227,0.0494
1	Round_4_Replicate_6	-3622.27	7252.54	14547.34	1102.12	0.2793,1.1684,0.0533,0.0086
1	Round_4_Replicate_6	-4016.13	8040.26	418914.09	877.61	0.415,4.0269,0.0711,0.0215
1	Round_3_Replicate_13	-4317.26	8642.52	163635.24	712.54	1.3536,2.3022,0.1616,0.0054
1	Round_4_Replicate_8	-3772.99	7553.98	13291.92	1201.85	0.067,1.7082,0.0169,0.0084
1	Round_4_Replicate_9	-3596.76	7201.52	19651.74	1165.51	0.1964,1.0416,0.0383,0.0069
1	Round_4_Replicate_7	-3786.3	7580.6	19457.1	1103.13	0.3972,0.9124,0.0612,0.0122
1	Round_4_Replicate_1	-3782.87	7573.74	58682.22	1078.47	0.1289,4.1721,0.0284,0.0122
1	Round_3_Replicate_14	-5922.06	11852.12	87165.65	1009.98	2.2872,0.4046,0.0628,0.005
1	Round_4_Replicate_7	-3969.71	7947.42	237034.89	893.95	0.4589,2.8792,0.0763,0.0315
1	Round_3_Replicate_15	-7779.9	15567.8	26711.26	893.93	1.44,0.4959,0.2437,0.0489
1	Round_4_Replicate_9	-3688.49	7384.98	22922.51	1149.87	0.1102,1.896,0.0252,0.0108
1	Round_4_Replicate_10	-3628.39	7264.78	23415.85	1183.13	0.1254,1.2443,0.0268,0.0089
1	Round_4_Replicate_8	-3631.21	7270.42	16483.93	1076.85	0.2111,1.7156,0.0458,0.0116
1	Round_4_Replicate_2	-3846.78	7701.56	17324.45	958.2	0.2457,3.4876,0.0575,0.0214
1	Round_4_Replicate_8	-4065.45	8138.9	61278.76	839.87	0.4101,4.4917,0.083,0.0279
1	Round_4_Replicate_1	-4032.92	8073.84	35686.98	898.29	0.8611,1.3329,0.1092,0.0066
1	Round_4_Replicate_10	-3641.4	7290.8	23842.75	1203.37	0.1033,1.2009,0.0226,0.0055
1	Round_4_Replicate_9	-3839.23	7686.46	27104.56	1100.98	0.3993,0.9259,0.0598,0.0233
1	Round_4_Replicate_11	-3588.88	7185.76	35399.8	1109.19	0.1854,1.6091,0.0378,0.0025
1	Round_4_Replicate_3	-3736.66	7481.32	33907.89	1045.45	0.1778,2.9454,0.0392,0.015
1	Round_4_Replicate_9	-3961.25	7930.5	14575.49	872.91	0.5804,2.0199,0.1079,0.0347
1	Round_4_Replicate_2	-4514.87	9037.74	173949.1	674.6	1.7599,2.191,0.1822,0.0043
1	Round_4_Replicate_11	-3681.43	7370.86	46022.03	1226.07	0.1029,0.9972,0.0205,0.0131
1	Round_4_Replicate_12	-3618.63	7245.26	22348.82	1090.29	0.2649,1.3187,0.0505,0.0105
1	Round_4_Replicate_10	-3711.31	7430.62	45585.52	954.67	0.3596,2.301,0.0687,0.0068
1	Round_4_Replicate_10	-3808.3	7624.6	105503.74	919.55	0.5046,2.0661,0.0817,0.0119
1	Round_4_Replicate_4	-3821.12	7650.24	136188.91	1106.27	0.1052,5.4807,0.022,0.0113
1	Round_4_Replicate_3	-4247.66	8503.32	47469.89	821.41	1.17,1.4785,0.1328,0.0115
1	Round_4_Replicate_12	-3787.19	7582.38	31709.17	1321.74	0.0602,0.5102,0.0121,0.0102
1	Round_4_Replicate_11	-3949.45	7906.9	8982.97	1182.49	0.3351,0.6811,0.0535,0.0296
1	Round_4_Replicate_13	-3611.35	7230.7	20955.31	1185.97	0.2134,0.879,0.0389,0.003
1	Round_4_Replicate_11	-3597.56	7203.12	34639.45	1081.53	0.2169,1.6863,0.0436,0.004
1	Round_4_Replicate_5	-3964.37	7936.74	141841.48	980.36	0.2023,6.7518,0.0411,0.0262
1	Round_4_Replicate_4	-4272.83	8553.66	120433.41	700.6	1.2555,2.5728,0.1655,0.0028
1	Round_4_Replicate_13	-3694.87	7397.74	47995.73	1239.28	0.0774,1.0239,0.0161,0.0052
1	Round_4_Replicate_12	-3619.82	7247.64	53144.59	1065.47	0.2594,1.6194,0.0482,0.007
1	Round_4_Replicate_14	-3579.08	7166.16	14289.41	1186.09	0.1562,1.0462,0.0331,0.0019
1	Round_4_Replicate_12	-3888.63	7785.26	72846.97	931.32	0.2854,4.1516,0.0585,0.0187
1	Round_4_Replicate_6	-3737.12	7482.24	27120.21	1081.63	0.1344,3.1488,0.0312,0.0102
1	Round_4_Replicate_5	-4186.48	8380.96	158336.56	739.37	1.0653,2.5341,0.1446,0.0079
1	Round_4_Replicate_14	-3656.16	7320.32	61810.85	1146.5	0.1265,1.7812,0.026,0.0071
1	Round_4_Replicate_13	-3663.36	7334.72	12863.43	1153.79	0.2348,0.9889,0.0452,0.0179
1	Round_4_Replicate_15	-3604.43	7216.86	20053.26	1181.34	0.1596,1.0724,0.0325,0.0085
1	Round_4_Replicate_13	-4134.11	8276.22	116006.34	766.4	0.6209,4.0822,0.112,0.0157
1	Round_4_Replicate_7	-3823.19	7654.38	38765.01	1143.45	0.0772,4.6114,0.0181,0.0106
1	Round_4_Replicate_6	-4399.13	8806.26	104398.56	638.83	1.3286,3.3015,0.1914,0.0017
1	Round_4_Replicate_15	-3701.33	7410.66	10518.77	1283.52	0.1257,0.6233,0.0256,0.011
1	Round_4_Replicate_14	-3578.67	7165.34	13398.24	1102.67	0.2529,1.2471,0.0509,0.0016
1	Round_4_Replicate_16	-3689.0	7386.0	14841.65	1000.56	0.253,2.3414,0.0573,0.0086
1	Round_4_Replicate_14	-3798.91	7605.82	39251.51	910.57	0.5371,1.9215,0.091,0.0106
1	Round_4_Replicate_8	-3828.71	7665.42	55330.2	987.2	0.22,3.8934,0.0468,0.0192
1	Round_4_Replicate_7	-3900.59	7809.18	21337.52	935.54	0.7046,1.2973,0.1004,0.0026
1	Round_4_Replicate_16	-3652.91	7313.82	12162.64	1189.89	0.1013,1.3416,0.0243,0.0042
1	Round_4_Replicate_15	-3705.11	7418.22	9809.67	1160.49	0.2503,0.9125,0.0479,0.0211
1	Round_4_Replicate_15	-3804.82	7617.64	19859.46	895.75	0.5069,2.0991,0.0955,0.0118
1	Round_4_Replicate_17	-3642.27	7292.54	16850.73	1265.96	0.1334,0.675,0.026,0.0019
1	Round_4_Replicate_9	-3776.1	7560.2	204842.67	1118.21	0.1451,2.2156,0.027,0.0242
1	Round_4_Replicate_8	-4205.23	8418.46	106388.35	782.23	1.2013,1.8007,0.1392,0.0032
1	Round_4_Replicate_17	-3736.23	7480.46	11463.41	1294.75	0.1032,0.6089,0.0215,0.0169
1	Round_4_Replicate_16	-3601.06	7210.12	32666.59	1079.06	0.2301,1.6175,0.0456,0.0057
1	Round_4_Replicate_16	-3618.33	7244.66	12699.8	1043.65	0.2851,1.5726,0.0595,0.006
1	Round_4_Replicate_18	-3611.5	7231.0	12706.05	1049.37	0.2739,1.5756,0.0577,0.0053
1	Round_4_Replicate_10	-3856.16	7720.32	156151.38	1099.23	0.1089,6.1507,0.0224,0.0169
1	Round_4_Replicate_9	-4246.36	8500.72	152432.88	757.81	1.2817,1.9423,0.1456,0.0012
1	Round_4_Replicate_18	-3641.32	7290.64	60416.27	1145.24	0.1295,1.7524,0.0266,0.0047
1	Round_4_Replicate_17	-3706.59	7421.18	31589.29	1219.13	0.188,0.7744,0.0328,0.0184
1	Round_4_Replicate_17	-4043.3	8094.6	661217.94	857.55	0.5399,3.1769,0.0829,0.0225
1	Round_4_Replicate_19	-3605.62	7219.24	8749.06	1136.04	0.1815,1.2814,0.0414,0.0075
1	Round_4_Replicate_10	-3986.08	7980.16	37918.98	869.51	0.7969,1.6322,0.1131,0.0137
1	Round_4_Replicate_11	-3812.44	7632.88	31339.95	1130.08	0.0845,4.543,0.0202,0.0098
1	Round_4_Replicate_19	-3692.94	7393.88	55087.25	1198.54	0.0996,1.3178,0.0204,0.013
1	Round_4_Replicate_18	-3627.88	7263.76	14637.05	1184.78	0.2029,0.9083,0.0391,0.0098
1	Round_4_Replicate_18	-4245.24	8498.48	23326.6	720.75	0.6802,4.0234,0.1398,0.0245
1	Round_4_Replicate_20	-3643.03	7294.06	23465.5	1266.26	0.1157,0.7027,0.0227,0.0024
1	Round_4_Replicate_12	-3677.33	7362.66	21196.11	1116.83	0.1411,1.9577,0.0319,0.0142
1	Round_4_Replicate_11	-4000.06	8008.12	43046.92	835.39	0.8903,1.7464,0.1235,0.0029
1	Round_4_Replicate_20	-3656.27	7320.54	24348.32	1259.73	0.1249,0.7148,0.0241,0.0069
1	Round_4_Replicate_19	-3744.07	7496.14	43856.7	1003.97	0.3489,1.7678,0.063,0.0254
Model	Replicate	log-likelihood	AIC	chi-squared	theta	optimized_params(nu1, nu2, m, mi, T1, T2, P)
1	Round_4_Replicate_19	-3833.95	7675.9	29627.76	883.37	0.4917,2.3902,0.0926,0.0145
1	Round_4_Replicate_13	-3912.23	7832.46	51101.6	997.46	0.2022,4.2582,0.0432,0.036
1	Round_4_Replicate_12	-4151.64	8311.28	40255.91	901.56	0.9903,1.1757,0.1096,0.0014
1	Round_1_Replicate_1	-5965.0	11938.0	27607.87	963.2	0.2936,1.3835,0.1844,0.0758
1	Round_4_Replicate_20	-3723.09	7454.18	7018.01	1157.89	0.3045,0.8147,0.0559,0.0056
1	Round_4_Replicate_20	-3800.34	7608.68	21905.97	922.42	0.3254,3.0298,0.0712,0.0114
1	Round_1_Replicate_2	-23050.58	46109.16	5119875500.17	676.4	1.1367,11.9289,0.1003,0.9885
1	Round_4_Replicate_14	-3855.51	7719.02	20339.06	1084.95	0.115,4.2499,0.0278,0.0257
1	Round_4_Replicate_13	-4083.56	8175.12	43189.98	793.39	0.9403,2.0268,0.1357,0.0126
1	Round_1_Replicate_3	-20389.45	40786.9	703872.29	728.84	3.1837,0.165,0.4138,0.3583
1	Round_4_Replicate_15	-3984.48	7976.96	130147.88	1056.13	0.1516,4.8465,0.0302,0.0499
1	Round_4_Replicate_14	-4248.46	8504.92	41436.68	738.33	1.2127,2.0761,0.1613,0.0108
1	Round_1_Replicate_4	-50500.57	101009.14	-3.9672411624356954e+17	338.03	1.0168,0.5756,12.2241,0.2509
1	Round_1_Replicate_5	-35664.5	71337.0	3483706.41	918.76	1.9346,0.144,0.3221,0.9899
1	Round_4_Replicate_16	-3766.41	7540.82	32890.71	1034.26	0.173,3.4842,0.039,0.0139
1	Round_4_Replicate_15	-4767.16	9542.32	52646.11	534.2	1.9369,3.7376,0.2732,0.0009
1	Round_4_Replicate_17	-3832.39	7672.78	21829.1	964.79	0.2421,3.5017,0.0553,0.0203
1	Round_4_Replicate_16	-4182.54	8373.08	34100.28	731.38	1.1517,2.2184,0.1639,0.0014
1	Round_1_Replicate_6	-107653.66	215315.32	1.5106550412141516e+26	369.12	0.1995,1.8079,8.7525,0.9898
1	Round_4_Replicate_18	-3900.49	7808.98	31430.97	1035.6	0.138,6.7771,0.0325,0.022
1	Round_4_Replicate_17	-4232.95	8473.9	164773.93	717.07	1.2031,2.5179,0.1559,0.0006
1	Round_1_Replicate_7	-22318.3	44644.6	260288.75	757.0	1.3533,1.6184,0.169,0.9883
1	Round_4_Replicate_18	-4252.86	8513.72	153734.7	850.91	1.1844,1.3536,0.1166,0.0023
1	Round_4_Replicate_19	-3952.93	7913.86	422440.13	992.16	0.2,7.3216,0.0378,0.0175
1	Round_5_Replicate_1	-3561.28	7130.56	18055.92	1136.45	0.1981,1.2337,0.0405,0.0001
1	Round_1_Replicate_8	-80511.71	161031.42	5.825248002876545e+24	303.54	0.0613,5.8465,2.7534,0.3493
1	Round_4_Replicate_19	-4609.66	9227.32	511014.66	596.73	1.3593,4.6031,0.1927,0.0016
1	Round_4_Replicate_20	-3851.17	7710.34	22432.21	1056.35	0.1328,4.6561,0.0319,0.0219
1	Round_5_Replicate_1	-3562.6	7133.2	14881.74	1133.72	0.2036,1.2229,0.0422,0.0002
1	Round_1_Replicate_9	-29955.67	59919.34	1229539.58	1297.56	0.5605,0.2789,0.5472,0.9899
1	Round_5_Replicate_1	-3561.28	7130.56	18205.05	1136.53	0.1987,1.2308,0.0406,0.0001
1	Round_4_Replicate_20	-4864.5	9737.0	49667.5	504.7	1.8378,4.6214,0.2895,0.001
1	Round_1_Replicate_10	-22370.35	44748.7	437498.46	1339.61	0.1046,0.6927,0.1349,0.9899
1	Round_5_Replicate_1	-3561.29	7130.58	18273.21	1137.71	0.1971,1.229,0.0403,0.0001
1	Round_1_Replicate_11	-24453.96	48915.92	858416.95	934.88	2.1773,0.5888,0.0842,0.9885
1	Round_1_Replicate_12	-35968.47	71944.94	15641665.1	587.68	0.4926,1.6719,2.0108,0.9883
1	Round_1_Replicate_13	-25676.29	51360.58	900227.67	352.51	0.7024,11.5284,0.5651,0.989
1	Round_1_Replicate_14	-26899.94	53807.88	3085445.28	808.32	14.2513,0.5422,0.0901,0.9889
1	Round_1_Replicate_15	-14243.12	28494.24	73008.54	462.11	1.4529,8.6643,0.2817,0.8487
1	Round_2_Replicate_1	-4886.83	9781.66	7697.37	1234.78	0.2979,0.5646,0.0492,0.1822
1	Round_2_Replicate_2	-6531.24	13070.48	38409.28	622.8	1.0563,1.8984,0.4839,0.0107
1	Round_2_Replicate_3	-13421.23	26850.46	309746.51	605.73	2.0463,0.6828,0.9442,0.093
1	Round_2_Replicate_4	-5751.17	11510.34	9454.14	1077.29	0.1694,1.7829,0.0503,0.3433
1	Round_2_Replicate_5	-4716.29	9440.58	202859319.63	760.72	0.919,4.4771,0.0956,0.0103
1	Round_5_Replicate_2	-3561.36	7130.72	18763.41	1139.97	0.196,1.2177,0.0399,0.0001
1	Round_5_Replicate_2	-3612.15	7232.3	37993.36	1092.43	0.1702,2.0148,0.0362,0.0001
1	Round_2_Replicate_6	-31111.06	62230.12	311960161.41	1479.69	0.2559,0.2957,1.2747,0.0056
1	Round_5_Replicate_1	-3561.41	7130.82	16765.26	1137.12	0.1991,1.2215,0.0409,0.0001
1	Round_5_Replicate_1	-3569.89	7147.78	15585.19	1179.74	0.1787,1.0072,0.0362,0.0001
1	Round_2_Replicate_7	-11373.89	22755.78	453726.61	349.49	0.5932,6.7179,1.0175,0.0399
1	Round_2_Replicate_8	-19646.07	39300.14	5051524.54	2016.56	0.1143,0.2837,0.4492,0.014
1	Round_5_Replicate_2	-3561.28	7130.56	18147.32	1136.92	0.1986,1.2284,0.0405,0.0001
1	Round_5_Replicate_2	-3571.28	7150.56	15558.08	1169.72	0.1925,1.0234,0.0385,0.0007
1	Round_2_Replicate_9	-4707.58	9423.16	10426.96	1157.67	0.3009,0.772,0.1106,0.0169
1	Round_2_Replicate_10	-10489.24	20986.48	135836.38	1436.28	0.3183,0.3695,0.3132,0.0487
1	Round_2_Replicate_11	-13691.32	27390.64	968377.24	438.81	0.2131,7.2569,0.5806,0.0613
1	Round_2_Replicate_12	-4636.88	9281.76	3339439.36	843.9	0.5404,4.2453,0.0761,0.1025
1	Round_2_Replicate_13	-9604.78	19217.56	146640.96	995.0	0.0952,1.7518,0.1588,0.1494
1	Round_2_Replicate_14	-7795.65	15599.3	16113.12	1089.83	0.8032,0.5358,0.0799,0.4552
1	Round_2_Replicate_15	-3829.33	7666.66	8722.25	1191.19	0.1048,1.2885,0.0253,0.0455
1	Round_3_Replicate_1	-3862.45	7732.9	205732.3	1118.1	0.1054,4.5339,0.0209,0.0223
1	Round_3_Replicate_2	-4056.76	8121.52	6729.88	1062.54	0.1104,4.4268,0.0329,0.0433
1	Round_5_Replicate_3	-3562.25	7132.5	19995.6	1122.78	0.2045,1.3175,0.0417,0.0001
1	Round_3_Replicate_3	-3883.24	7774.48	49550.54	1312.61	0.1136,0.4997,0.0192,0.0319
1	Round_5_Replicate_2	-3561.29	7130.58	17879.29	1136.51	0.1989,1.2293,0.0407,0.0001
1	Round_3_Replicate_4	-4077.92	8163.84	25179.44	1270.96	0.0332,1.0146,0.0075,0.0509
1	Round_5_Replicate_3	-3569.55	7147.1	22422.44	1115.09	0.2328,1.2577,0.0453,0.001
1	Round_5_Replicate_3	-3561.29	7130.58	18615.71	1135.93	0.1993,1.2338,0.0406,0.0001
1	Round_5_Replicate_2	-3570.88	7149.76	15202.07	1176.57	0.1871,0.9987,0.0376,0.0001
1	Round_3_Replicate_5	-4213.89	8435.78	14224.7	1353.91	0.0797,0.4109,0.0154,0.0919
1	Round_5_Replicate_3	-3565.57	7139.14	13066.97	1127.74	0.195,1.302,0.0419,0.0003
1	Round_3_Replicate_6	-5430.14	10868.28	3652819325.48	1177.03	0.1831,1.2283,0.0163,0.1526
1	Round_3_Replicate_7	-3879.57	7767.14	21712.84	1359.98	0.0424,0.3626,0.0088,0.0121
1	Round_3_Replicate_8	-8195.87	16399.74	72429.03	967.22	0.0551,4.2062,0.0692,0.1096
1	Round_3_Replicate_9	-5092.54	10193.08	50559360912.76	1090.29	0.3615,1.6213,0.0267,0.0269
1	Round_3_Replicate_10	-6973.74	13955.48	166318618976682.16	1166.48	0.3626,0.8392,0.0149,0.0944
1	Round_3_Replicate_11	-4351.2	8710.4	27478.07	1143.5	0.091,3.1771,0.0198,0.1304
1	Round_3_Replicate_12	-6280.18	12568.36	22819.71	1198.21	0.0495,1.4173,0.0352,0.1657
1	Round_3_Replicate_13	-3951.9	7911.8	23371.65	1345.66	0.0864,0.4241,0.0159,0.041
1	Round_3_Replicate_14	-3744.83	7497.66	464884.94	1063.84	0.2377,2.0224,0.0393,0.0141
1	Round_5_Replicate_4	-3563.95	7135.9	20833.67	1112.62	0.2101,1.3777,0.0429,0.0001
1	Round_3_Replicate_15	-4188.39	8384.78	12211.12	947.4	0.2271,4.4702,0.0553,0.0798
1	Round_5_Replicate_4	-3561.54	7131.08	17910.96	1134.43	0.2013,1.2347,0.0411,0.0002
1	Round_4_Replicate_1	-3761.79	7531.58	53676.05	924.89	0.4234,2.3203,0.0774,0.0095
1	Round_5_Replicate_3	-3562.42	7132.84	20772.19	1135.4	0.2038,1.2223,0.0408,0.0003
1	Round_5_Replicate_3	-3571.4	7150.8	15479.02	1182.59	0.1786,0.9899,0.0361,0.0001
1	Round_5_Replicate_4	-3561.32	7130.64	18125.62	1137.53	0.1974,1.2291,0.0403,0.0001
1	Round_4_Replicate_2	-3672.02	7352.04	16832.61	1076.27	0.1598,2.3532,0.0377,0.0064
1	Round_5_Replicate_4	-3561.29	7130.58	18261.24	1136.0	0.1996,1.2312,0.0407,0.0001
1	Round_4_Replicate_3	-3648.88	7305.76	16826.34	1151.63	0.1413,1.4399,0.0313,0.0151
1	Round_4_Replicate_4	-3847.95	7703.9	92881.77	888.89	0.3829,3.5316,0.0739,0.0042
1	Round_4_Replicate_5	-3639.22	7286.44	7632.14	1136.93	0.2078,1.1556,0.046,0.0147
1	Round_4_Replicate_6	-3745.04	7498.08	24453.1	1047.46	0.1617,3.2586,0.0376,0.011
1	Round_4_Replicate_7	-3607.55	7223.1	16613.07	1096.2	0.1834,1.713,0.0407,0.0052
1	Round_5_Replicate_5	-3561.88	7131.76	16789.12	1147.53	0.1916,1.1766,0.0393,0.0001
1	Round_4_Replicate_8	-3609.23	7226.46	37047.15	1122.18	0.1552,1.7346,0.0326,0.003
1	Round_5_Replicate_4	-4060.6	8129.2	50880.75	806.19	0.9988,1.8228,0.1331,0.0001
1	Round_5_Replicate_4	-3561.3	7130.6	18369.45	1134.82	0.1989,1.2435,0.0406,0.0001
1	Round_5_Replicate_5	-3561.32	7130.64	17792.48	1136.31	0.2004,1.2241,0.0409,0.0001
1	Round_4_Replicate_9	-3592.78	7193.56	12670.61	1106.54	0.2205,1.3498,0.0467,0.0065
1	Round_5_Replicate_5	-3561.42	7130.84	18347.19	1138.1	0.199,1.2181,0.0405,0.0001
1	Round_4_Replicate_10	-3720.1	7448.2	32947.53	962.04	0.4157,1.8541,0.0754,0.0114
1	Round_5_Replicate_5	-3561.62	7131.24	18470.92	1129.35	0.2038,1.2643,0.0416,0.0001
1	Round_4_Replicate_11	-3607.6	7223.2	94975.82	1127.87	0.171,1.5725,0.0323,0.0017
1	Round_4_Replicate_12	-3611.22	7230.44	20055.44	1123.08	0.1515,1.7024,0.0338,0.0037
1	Round_4_Replicate_13	-3611.41	7230.82	8157.63	1072.0	0.2662,1.3826,0.0582,0.0045
1	Round_4_Replicate_14	-3735.06	7478.12	43447.07	954.88	0.298,2.9124,0.0615,0.0049
1	Round_5_Replicate_6	-3561.29	7130.58	18207.27	1137.38	0.1971,1.2316,0.0403,0.0001
1	Round_4_Replicate_15	-3741.05	7490.1	102328.23	1067.76	0.15,3.6204,0.0312,0.0063
1	Round_5_Replicate_5	-3700.66	7409.32	35331.53	935.92	0.4284,2.0825,0.0793,0.0001
1	Round_5_Replicate_6	-3607.34	7222.68	14294.14	1239.1	0.1487,0.7679,0.0297,0.0001
1	Round_4_Replicate_16	-3598.33	7204.66	10516.71	1142.33	0.2235,1.081,0.0458,0.0061
1	Round_5_Replicate_5	-3561.29	7130.58	18421.23	1136.91	0.199,1.227,0.0405,0.0001
Model	Replicate	log-likelihood	AIC	chi-squared	theta	optimized_params(nu1, nu2, m, mi, T1, T2, P)
1	Round_4_Replicate_17	-3676.17	7360.34	27596.97	1088.12	0.1485,2.4571,0.0336,0.0067
1	Round_1_Replicate_1	-7261.18	14530.36	14921.79	1103.72	0.7836,0.4626,0.1132,0.3075
1	Round_5_Replicate_6	-3563.45	7134.9	16283.7	1148.87	0.1968,1.1451,0.0401,0.0003
1	Round_5_Replicate_6	-3564.83	7137.66	18214.59	1164.41	0.185,1.0866,0.0373,0.0001
1	Round_1_Replicate_2	-16822.9	33653.8	918087.38	106.34	5.1843,17.6874,4.1316,0.669
1	Round_4_Replicate_18	-3632.1	7272.2	64030.68	1086.98	0.1816,2.0315,0.0365,0.0043
1	Round_1_Replicate_3	-63199.28	126406.56	71217434705212.36	265.89	0.2154,5.6832,4.1199,0.5073
1	Round_4_Replicate_19	-3717.31	7442.62	7724.19	977.96	0.3738,1.6862,0.0812,0.0105
1	Round_1_Replicate_4	-7692.16	15392.32	17150.46	751.62	0.8289,2.3624,0.1663,0.5144
1	Round_1_Replicate_5	-41537.27	83082.54	21469665.59	468.06	2.4824,0.5779,2.4809,0.9885
1	Round_4_Replicate_20	-3679.24	7366.48	26478.15	982.63	0.3371,2.0045,0.0665,0.0089
1	Round_1_Replicate_6	-17509.44	35026.88	4523213.25	224.07	1.5263,5.7309,4.019,0.1001
1	Round_1_Replicate_7	-28539.08	57086.16	122303165.3	338.33	0.133,9.8503,0.894,0.5444
1	Round_5_Replicate_7	-3567.65	7143.3	22634.48	1107.9	0.2028,1.4667,0.0419,0.0001
1	Round_5_Replicate_6	-3561.77	7131.54	17264.91	1130.54	0.2067,1.2394,0.0421,0.0002
1	Round_1_Replicate_8	-73601.2	147210.4	-3.9888946539680594e+28	650.14	0.0548,1.4819,3.0554,0.99
1	Round_5_Replicate_7	-3561.41	7130.82	19263.06	1137.6	0.1988,1.2244,0.0403,0.0001
1	Round_5_Replicate_7	-3577.52	7163.04	15109.29	1190.66	0.1808,0.936,0.036,0.0001
1	Round_5_Replicate_7	-3561.29	7130.58	18379.06	1135.39	0.1993,1.2374,0.0407,0.0001
1	Round_5_Replicate_6	-3573.42	7154.84	15599.14	1142.34	0.21,1.1388,0.0423,0.0025
1	Round_1_Replicate_9	-90383.08	180774.16	-3.295763596638261e+30	445.37	0.1716,0.2292,12.004,0.9896
Model	Replicate	log-likelihood	AIC	chi-squared	theta	optimized_params(nu1, nu2, m, mi, T1, T2, P)
1	Round_1_Replicate_10	-38445.64	76899.28	7919375.11	189.64	11.9178,1.2519,3.0224,0.9883
1	Round_1_Replicate_1	-20856.85	41721.7	3646418.31	1057.58	0.2042,0.9118,0.7446,0.6321
1	Round_1_Replicate_11	-4855.16	9718.32	13555.54	735.73	0.9418,2.4273,0.1657,0.1436
1	Round_1_Replicate_2	-7276.56	14561.12	31596.62	364.61	4.1983,2.8085,0.7415,0.0755
1	Round_1_Replicate_12	-24717.72	49443.44	42102197.06	314.85	1.6274,2.1818,5.3587,0.119
1	Round_1_Replicate_3	-37310.99	74629.98	3448616120.76	1384.73	0.1312,0.4939,1.2053,0.2476
1	Round_5_Replicate_1	-3561.5	7131.0	17833.06	1143.86	0.1941,1.1951,0.0396,0.0001
1	Round_1_Replicate_4	-37675.94	75359.88	9469596274.03	362.9	0.1527,5.3126,1.7219,0.0902
1	Round_1_Replicate_13	-12784.57	25577.14	328980.83	509.0	0.1923,10.484,0.3025,0.4449
1	Round_1_Replicate_14	-20477.32	40962.64	4202675.14	291.56	4.3796,1.2107,3.3315,0.0983
Model	Replicate	log-likelihood	AIC	chi-squared	theta	optimized_params(nu1, nu2, m, mi, T1, T2, P)
1	Round_1_Replicate_5	-21111.53	42231.06	281140.65	1386.05	0.2986,0.3585,0.0981,0.9897
1	Round_1_Replicate_15	-22309.0	44626.0	306205.16	600.61	0.4584,10.808,0.1731,0.989
1	Round_1_Replicate_6	-40295.28	80598.56	8713120.95	740.34	2.1843,0.1946,0.7432,0.9899
1	Round_2_Replicate_1	-21370.65	42749.3	401267.13	736.44	0.743,4.8447,0.1121,0.9875
1	Round_1_Replicate_7	-47450.4	94908.8	89719078.0	255.27	9.4565,0.446,2.3384,0.9883
1	Round_5_Replicate_8	-3561.33	7130.66	17419.52	1135.27	0.1993,1.236,0.0409,0.0001
1	Round_5_Replicate_7	-4014.88	8037.76	67217.88	807.78	0.9208,1.9782,0.1279,0.0002
1	Round_1_Replicate_1	-84488.91	168985.82	5.087694579029922e+23	665.85	0.1628,0.1559,7.5156,0.9894
1	Round_2_Replicate_2	-5489.17	10986.34	8181953.35	577.34	3.6065,2.4136,0.2076,0.0504
1	Round_1_Replicate_8	-9523.17	19054.34	38784.46	417.06	9.2268,1.0974,0.4932,0.1367
1	Round_1_Replicate_2	-11030.78	22069.56	12738609265073.21	678.89	5.1592,2.4083,0.1103,0.5526
1	Round_2_Replicate_3	-20891.28	41790.56	258507.61	886.09	0.3292,7.2999,0.0585,0.9892
1	Round_1_Replicate_9	-83770.72	167549.44	38144935823006.51	614.33	2.1315,0.1103,2.092,0.9885
1	Round_1_Replicate_3	-19002.02	38012.04	191470.52	847.45	1.3933,0.569,0.3269,0.9092
1	Round_2_Replicate_4	-20330.61	40669.22	206400.07	1014.64	0.1709,5.8818,0.0364,0.989
1	Round_1_Replicate_10	-37393.32	74794.64	7917416.75	676.99	1.2782,0.5642,1.841,0.9883
1	Round_1_Replicate_4	-20917.73	41843.46	250967.17	1241.49	0.2631,0.6312,0.1354,0.9897
1	Round_2_Replicate_5	-12917.63	25843.26	209627.3	907.57	0.3699,1.181,0.4374,0.6027
1	Round_1_Replicate_11	-45251.58	90511.16	60829603.16	185.26	9.2026,1.0655,4.968,0.9885
1	Round_1_Replicate_5	-25251.16	50510.32	329474935839.28	530.66	4.0834,4.9607,0.181,0.9883
1	Round_5_Replicate_8	-3561.33	7130.66	18858.99	1137.47	0.1972,1.2316,0.0402,0.0001
1	Round_5_Replicate_8	-3561.41	7130.82	18528.35	1138.26	0.1974,1.2241,0.0402,0.0001
1	Round_2_Replicate_6	-6509.27	13026.54	9323331.05	968.9	4.3531,0.4548,0.0556,0.0579
1	Round_1_Replicate_12	-48425.83	96859.66	69864567.51	440.57	9.9533,0.1309,0.6429,0.9899
1	Round_1_Replicate_6	-32240.33	64488.66	371390321.06	432.13	1.5055,0.9608,4.8307,0.2007
1	Round_2_Replicate_7	-11901.82	23811.64	111573.22	493.79	3.52,0.978,0.7093,0.3303
1	Round_5_Replicate_8	-3561.45	7130.9	18327.0	1134.59	0.202,1.2316,0.0411,0.0001
1	Round_5_Replicate_7	-3561.3	7130.6	18029.7	1137.8	0.1968,1.2291,0.0403,0.0001
1	Round_1_Replicate_13	-27560.35	55128.7	1110146.97	977.07	2.7421,0.262,0.0924,0.9897
1	Round_1_Replicate_7	-12171.99	24351.98	322635.74	1525.84	0.1504,0.476,0.3032,0.1027
1	Round_2_Replicate_8	-10250.72	20509.44	1.2702605194814562e+21	789.19	5.9321,3.4265,0.0585,0.0135
1	Round_5_Replicate_2	-3561.3	7130.6	18358.72	1135.73	0.1983,1.2393,0.0405,0.0001
1	Round_2_Replicate_9	-10735.17	21478.34	724915623998.97	725.53	3.6449,2.0845,0.1023,0.5775
1	Round_1_Replicate_14	-81052.45	162112.9	-1.4640688316536006e+28	267.94	0.2777,2.287,13.2119,0.1454
1	Round_2_Replicate_10	-5295.63	10599.26	150054.94	600.89	2.695,2.1646,0.2249,0.0788
1	Round_1_Replicate_15	-28503.34	57014.68	1533240.24	356.56	1.042,4.0056,1.6643,0.9885
1	Round_2_Replicate_11	-9213.05	18434.1	1128678.79	720.89	1.0408,3.4895,0.1287,0.6226
1	Round_2_Replicate_1	-10449.83	20907.66	28457.66	705.3	14.7579,0.5014,0.1401,0.4298
1	Round_2_Replicate_12	-4181.6	8371.2	36178.46	982.81	0.2217,4.0749,0.047,0.091
1	Round_2_Replicate_2	-6502.87	13013.74	27582.04	287.72	3.7284,6.3702,0.8306,0.0124
1	Round_2_Replicate_13	-27057.41	54122.82	838593.16	1490.94	0.304,0.3524,0.4826,0.9882
1	Round_2_Replicate_3	-10379.35	20766.7	88957.45	210.16	10.9998,3.4851,1.4872,0.1563
1	Round_5_Replicate_9	-3571.2	7150.4	12618.73	1177.32	0.1836,1.0024,0.0378,0.0001
1	Round_1_Replicate_8	-85214.82	170437.64	-2.1074845981944714e+33	387.99	0.0894,1.382,9.949,0.9896
1	Round_2_Replicate_14	-15783.78	31575.56	210410.02	692.7	1.7029,0.7101,0.6122,0.7026
1	Round_2_Replicate_4	-7278.37	14564.74	1423636596479.68	447.46	3.6244,11.3484,0.2169,0.0151
1	Round_5_Replicate_8	-3561.56	7131.12	17698.56	1132.85	0.1982,1.2606,0.0408,0.0001
1	Round_1_Replicate_9	-24502.93	49013.86	516862.96	973.8	1.2018,0.4765,0.1779,0.989
1	Round_2_Replicate_15	-8481.55	16971.1	638537863399517.9	644.3	2.5113,7.4527,0.1062,0.1855
1	Round_2_Replicate_5	-10568.48	21144.96	7377763739418.18	484.34	5.1127,6.3101,0.198,0.4755
1	Round_1_Replicate_10	-41498.09	83004.18	13655387.03	407.06	5.9233,0.3255,1.1758,0.9885
1	Round_3_Replicate_1	-5043.03	10094.06	15060.31	1037.2	0.2303,1.3408,0.1152,0.0612
1	Round_2_Replicate_6	-14679.89	29367.78	4.9810711519768944e+25	514.29	17.9541,15.7725,0.1268,0.1676
1	Round_1_Replicate_11	-42327.9	84663.8	8208413782.93	1777.12	0.2557,0.1409,1.1573,0.2344
1	Round_3_Replicate_2	-5213.54	10435.08	4396376428.53	919.18	0.4253,10.6875,0.0431,0.072
1	Round_2_Replicate_7	-6677.93	13363.86	40861.81	400.87	1.8778,3.8722,0.7255,0.0148
1	Round_2_Replicate_8	-24943.72	49895.44	4661378.93	243.29	17.7027,0.3828,1.4321,0.0243
1	Round_5_Replicate_9	-3564.7	7137.4	15326.5	1160.87	0.1865,1.1006,0.0383,0.0002
1	Round_3_Replicate_3	-3923.09	7854.18	42514.51	980.47	0.2773,2.7378,0.0557,0.0527
1	Round_5_Replicate_9	-3561.35	7130.7	18233.13	1135.61	0.1989,1.2372,0.0406,0.0001
1	Round_2_Replicate_9	-8509.89	17027.78	31789373617144.39	327.95	12.474,8.8067,0.3425,0.0259
1	Round_3_Replicate_4	-5604.83	11217.66	63185287532.26	1046.94	0.7062,1.1524,0.038,0.0732
1	Round_5_Replicate_8	-3561.28	7130.56	18213.93	1136.18	0.1988,1.2331,0.0406,0.0001
1	Round_5_Replicate_9	-3561.28	7130.56	18261.92	1137.09	0.1984,1.228,0.0405,0.0001
1	Round_2_Replicate_10	-7549.54	15107.08	24710.43	490.4	1.1169,5.8142,0.3305,0.3854
1	Round_3_Replicate_5	-5010.3	10028.6	320160242.68	989.16	0.3068,6.3027,0.0351,0.1162
1	Round_5_Replicate_3	-3561.31	7130.62	18355.43	1134.75	0.2016,1.2319,0.041,0.0001
1	Round_2_Replicate_11	-6261.42	12530.84	9769905.59	542.17	11.9634,1.6416,0.201,0.0083
1	Round_3_Replicate_6	-5106.4	10220.8	14622034558.44	943.92	0.385,14.1724,0.0376,0.0288
1	Round_2_Replicate_12	-37591.33	75190.66	234423948.08	190.34	16.4686,0.3837,2.6381,0.4342
1	Round_3_Replicate_7	-3725.39	7458.78	37816.3	1014.46	0.3536,1.6296,0.0633,0.0227
1	Round_2_Replicate_13	-10886.69	21781.38	94621.77	602.18	2.0425,0.99,0.6282,0.3289
1	Round_3_Replicate_8	-4458.92	8925.84	10154.26	980.69	0.2851,1.5782,0.1126,0.0339
1	Round_2_Replicate_14	-20065.16	40138.32	1968274.81	196.36	13.0432,1.0541,2.6089,0.0207
1	Round_3_Replicate_9	-3826.54	7661.08	81818.96	1124.11	0.0999,3.8992,0.0213,0.0208
1	Round_2_Replicate_15	-10603.13	21214.26	2684786838114997.5	215.89	19.9856,19.4339,0.5417,0.0447
1	Round_3_Replicate_10	-6825.1	13658.2	36975.88	839.18	0.1274,5.314,0.1015,0.1363
1	Round_3_Replicate_1	-10348.15	20704.3	1.4406182952900593e+20	575.21	17.7027,5.0234,0.1189,0.005
1	Round_5_Replicate_10	-3561.29	7130.58	18182.21	1135.97	0.1992,1.2328,0.0407,0.0001
1	Round_3_Replicate_11	-4263.42	8534.84	19930909.66	1075.0	0.2891,1.7793,0.0349,0.0598
1	Round_3_Replicate_2	-6358.52	12725.04	19841718.03	814.55	11.9634,0.6763,0.0831,0.0016
1	Round_5_Replicate_9	-4044.8	8097.6	49120.05	809.01	0.9745,1.8354,0.1319,0.0001
1	Round_3_Replicate_12	-6187.27	12382.54	24286110309.79	927.81	0.6373,3.2939,0.0494,0.2087
1	Round_3_Replicate_3	-6094.12	12196.24	50572645987.33	793.14	4.0132,1.3409,0.0867,0.0067
1	Round_3_Replicate_13	-7144.63	14297.26	115383472017.76	907.37	0.6263,5.2408,0.0475,0.3028
1	Round_3_Replicate_4	-6392.96	12793.92	436788469.63	533.58	12.8889,1.9829,0.1929,0.0018
1	Round_1_Replicate_12	-67196.45	134400.9	-7.528909396276721e+32	105.75	0.0734,15.1024,11.6305,0.1295
1	Round_3_Replicate_14	-4208.31	8424.62	34962.53	956.75	0.2528,4.0111,0.0532,0.0926
1	Round_3_Replicate_5	-7915.78	15839.56	113871861886250.92	500.66	16.2769,3.6207,0.1784,0.0092
1	Round_1_Replicate_13	-11261.44	22530.88	158436.01	198.8	9.1331,3.6176,1.9871,0.1331
1	Round_3_Replicate_15	-3812.05	7632.1	30682.36	1094.28	0.1279,3.0842,0.0288,0.029
1	Round_3_Replicate_6	-7693.19	15394.38	136884692016533.95	734.34	17.7027,1.5758,0.0844,0.0241
1	Round_5_Replicate_10	-3561.8	7131.6	19548.54	1132.39	0.1982,1.2684,0.0404,0.0002
1	Round_1_Replicate_14	-38241.46	76490.92	336890309.28	186.61	11.1699,0.6164,4.2132,0.5963
1	Round_3_Replicate_7	-8082.22	16172.44	1493065140757939.0	518.53	6.0087,6.0992,0.1643,0.0081
1	Round_4_Replicate_1	-3608.27	7224.54	13130.82	1128.68	0.2603,1.0601,0.0498,0.005
1	Round_1_Replicate_15	-28388.24	56784.48	263248018.53	272.31	0.749,4.3523,4.7929,0.1071
1	Round_3_Replicate_8	-6353.21	12714.42	11613.97	824.38	4.0306,0.5418,0.118,0.0187
1	Round_5_Replicate_10	-3561.32	7130.64	18581.68	1136.64	0.1987,1.2309,0.0405,0.0001
1	Round_2_Replicate_1	-15638.74	31285.48	112266.26	351.84	3.3437,4.1102,0.7078,0.8547
1	Round_5_Replicate_10	-3561.59	7131.18	19307.15	1144.12	0.1934,1.199,0.0392,0.0001
1	Round_3_Replicate_9	-6417.92	12843.84	14776425.94	813.1	13.3173,0.6609,0.0832,0.0064
1	Round_5_Replicate_9	-3561.44	7130.88	18155.05	1136.7	0.1996,1.2254,0.0407,0.0001
1	Round_4_Replicate_2	-3754.22	7516.44	23492.85	1013.59	0.4575,1.2838,0.0747,0.0135
1	Round_2_Replicate_2	-26297.96	52603.92	104375215.67	387.6	10.0864,3.5774,0.3478,0.9883
1	Round_3_Replicate_10	-9586.21	19180.42	34170.43	468.73	14.7579,0.7009,0.3507,0.0068
1	Round_5_Replicate_4	-3564.0	7136.0	19501.4	1115.59	0.2078,1.3602,0.0427,0.0003
1	Round_2_Replicate_3	-6667.51	13343.02	18859.39	833.31	1.415,0.7209,0.2512,0.0638
1	Round_3_Replicate_11	-6422.26	12852.52	24113.61	295.84	4.4888,5.3292,0.7952,0.002
1	Round_4_Replicate_3	-3713.85	7435.7	8123.79	1117.6	0.2822,1.0489,0.056,0.0233
1	Round_2_Replicate_4	-14355.6	28719.2	6.030269864131795e+18	892.6	1.993,3.1697,0.0428,0.6643
1	Round_3_Replicate_12	-11195.09	22398.18	102217.8	411.38	5.9133,0.9299,0.7704,0.0204
1	Round_4_Replicate_4	-3828.95	7665.9	17660.24	921.98	0.4076,2.2688,0.0827,0.0264
1	Round_2_Replicate_5	-8682.88	17373.76	1.6484497049736808e+16	857.32	3.7538,1.7495,0.0558,0.1558
1	Round_3_Replicate_13	-5845.68	11699.36	203511.31	513.56	6.1056,1.934,0.266,0.0205
1	Round_2_Replicate_6	-27429.92	54867.84	735182.78	521.56	8.771,1.0459,0.2874,0.989
1	Round_3_Replicate_14	-6668.99	13345.98	2607144993.6	439.48	11.9629,3.1971,0.2612,0.0097
1	Round_4_Replicate_5	-3760.99	7529.98	73093.24	987.78	0.4855,1.4577,0.0738,0.0097
1	Round_5_Replicate_10	-3561.39	7130.78	17609.4	1134.17	0.2,1.2418,0.041,0.0001
1	Round_3_Replicate_15	-6195.29	12398.58	2142582.2	822.85	7.7414,0.6418,0.088,0.0011
1	Round_2_Replicate_7	-21296.33	42600.66	210549.74	829.79	0.7914,1.932,0.1251,0.9883
1	Round_4_Replicate_6	-3741.48	7490.96	39511.8	973.28	0.2723,2.8721,0.0569,0.0106
1	Round_2_Replicate_8	-7393.63	14795.26	25399.63	297.28	11.9634,3.2453,0.6281,0.0661
1	Round_4_Replicate_1	-5055.91	10119.82	13141.13	487.84	2.0145,3.7093,0.3652,0.0095
1	Round_2_Replicate_9	-9364.61	18737.22	393186.23	690.33	0.9567,4.4511,0.136,0.6345
1	Round_4_Replicate_7	-3708.2	7424.4	16455.57	994.23	0.2619,2.3767,0.0583,0.0125
1	Round_2_Replicate_10	-27518.07	55044.14	867685275197.99	280.54	10.9998,11.1544,0.4416,0.9883
1	Round_4_Replicate_2	-4691.98	9391.96	19473.79	816.38	1.6139,1.1082,0.142,0.017
1	Round_2_Replicate_11	-29114.23	58236.46	7.555836288190692e+22	801.77	4.367,5.5005,0.0521,0.9883
1	Round_4_Replicate_8	-3687.37	7382.74	22543.88	981.77	0.3185,2.1154,0.0652,0.0101
1	Round_2_Replicate_12	-30226.12	60460.24	8.637981542833455e+23	945.94	17.7027,1.7472,0.0299,0.9894
1	Round_4_Replicate_3	-4517.39	9042.78	776157.14	851.27	1.4602,1.2236,0.1088,0.0046
1	Round_2_Replicate_13	-32557.55	65123.1	2.110175570953521e+28	741.35	16.2769,9.7617,0.0569,0.989
1	Round_4_Replicate_9	-3782.97	7573.94	36462.9	1027.47	0.4682,1.1961,0.0712,0.0143
1	Round_2_Replicate_14	-23802.2	47612.4	16003407.65	485.64	2.6885,5.552,0.2498,0.9883
1	Round_4_Replicate_4	-4870.22	9748.44	9754.0	818.66	1.6741,0.9995,0.1502,0.0194
1	Round_5_Replicate_10	-3561.59	7131.18	20079.32	1133.71	0.2019,1.242,0.0408,0.0001
1	Round_5_Replicate_5	-3578.45	7164.9	18243.55	1201.93	0.1584,0.9402,0.0319,0.0001
1	Round_4_Replicate_10	-3784.28	7576.56	36257.04	919.49	0.3772,2.6729,0.075,0.0121
1	Round_2_Replicate_15	-25389.42	50786.84	2381767387.25	754.37	5.2449,1.1832,0.1036,0.9883
1	Round_4_Replicate_5	-4156.52	8321.04	35965.21	780.75	1.068,1.8943,0.1453,0.0112
1	Round_3_Replicate_1	-7262.55	14533.1	45215.13	1049.64	2.9534,0.284,0.0505,0.1244
1	Round_4_Replicate_11	-3690.72	7389.44	5755.4	1100.28	0.2971,1.0818,0.0636,0.0107
1	Round_3_Replicate_2	-7879.35	15766.7	18742.05	985.5	1.8523,0.3003,0.1234,0.0516
1	Round_4_Replicate_6	-4704.36	9416.72	9285.27	832.45	1.5014,1.0254,0.1472,0.0114
1	Round_3_Replicate_3	-5493.06	10994.12	23552.19	983.21	1.468,0.5759,0.0859,0.0784
1	Round_4_Replicate_12	-3606.04	7220.08	15914.17	1109.37	0.2025,1.435,0.0429,0.0098
1	Round_4_Replicate_7	-4650.17	9308.34	10667.37	602.83	1.4689,2.7942,0.2612,0.0187
1	Round_3_Replicate_4	-5367.91	10743.82	1679706.21	758.29	3.3926,1.0808,0.1256,0.0115
1	Round_4_Replicate_13	-3857.67	7723.34	17038.46	1121.24	0.3856,0.8491,0.0591,0.0234
1	Round_3_Replicate_5	-4999.98	10007.96	1997664.21	605.84	2.347,2.7263,0.2004,0.037
1	Round_4_Replicate_8	-4621.7	9251.4	238058.99	648.43	1.8699,2.3959,0.1924,0.0138
1	Round_3_Replicate_6	-7403.22	14814.44	17628.22	1001.86	1.4684,0.3424,0.1402,0.029
1	Round_4_Replicate_14	-3667.14	7342.28	32227.1	1036.46	0.2224,2.2735,0.0469,0.0097
1	Round_3_Replicate_7	-4887.19	9782.38	9439.92	673.46	1.9168,1.6066,0.228,0.0238
1	Round_4_Replicate_9	-4622.53	9253.06	59245.7	808.69	1.6759,1.1845,0.1357,0.0078
1	Round_4_Replicate_15	-3813.38	7634.76	8939.01	1110.2	0.3745,0.9008,0.0641,0.0204
1	Round_3_Replicate_8	-10127.39	20262.78	73276.1	844.48	1.2893,0.5648,0.4095,0.1978
1	Round_4_Replicate_10	-5610.03	11228.06	600768.74	477.3	4.9785,2.722,0.3002,0.0142
1	Round_3_Replicate_9	-6746.35	13500.7	32941.63	954.97	0.5441,0.9406,0.273,0.0948
1	Round_4_Replicate_16	-3834.34	7676.68	10358.18	1122.79	0.3998,0.8131,0.063,0.0106
1	Round_3_Replicate_10	-7641.6	15291.2	29693.29	1049.33	0.8646,0.4461,0.2288,0.0321
1	Round_4_Replicate_11	-5185.75	10379.5	61874.13	463.55	2.9061,3.8175,0.3455,0.0088
1	Round_4_Replicate_17	-3822.56	7653.12	69064.12	948.39	0.3132,3.016,0.0613,0.0212
1	Round_3_Replicate_11	-8090.17	16188.34	18729.04	1009.41	1.8891,0.2805,0.1047,0.1152
1	Round_5_Replicate_6	-3562.0	7132.0	21940.28	1140.9	0.1982,1.2067,0.0396,0.0001
1	Round_4_Replicate_12	-5140.49	10288.98	284921.88	509.76	3.2146,3.04,0.2841,0.0047
1	Round_3_Replicate_12	-6539.44	13086.88	19599.63	611.53	2.4681,1.1841,0.3736,0.0217
1	Round_4_Replicate_18	-3669.15	7346.3	18339.12	1009.58	0.2917,1.9285,0.0607,0.0122
1	Round_3_Replicate_13	-5862.31	11732.62	67160.89	771.23	3.7011,0.8356,0.1301,0.0572
1	Round_4_Replicate_13	-4588.13	9184.26	92085.69	667.13	1.9087,2.0446,0.1922,0.0052
1	Round_3_Replicate_14	-5615.55	11239.1	15120.69	470.92	3.9944,2.4442,0.375,0.015
1	Round_4_Replicate_19	-3867.73	7743.46	5913.51	1060.72	0.45,0.9711,0.0816,0.0147
1	Round_3_Replicate_15	-5792.73	11593.46	24242.55	776.51	2.3877,0.9888,0.1487,0.1313
1	Round_4_Replicate_14	-4393.92	8795.84	12713340.16	1007.81	0.8289,0.9892,0.062,0.0012
1	Round_4_Replicate_20	-3583.4	7174.8	19814.55	1087.99	0.2615,1.3422,0.051,0.0026
1	Round_4_Replicate_1	-4832.5	9673.0	12215.25	606.95	1.076,2.9811,0.2891,0.0187
1	Round_4_Replicate_15	-4564.89	9137.78	15991.44	652.08	1.707,2.1257,0.2204,0.0084
1	Round_4_Replicate_16	-5520.23	11048.46	406075.36	578.87	4.8377,1.7225,0.2176,0.006
1	Round_4_Replicate_2	-4844.07	9696.14	1048591.61	705.66	2.3623,1.6522,0.1568,0.0073
1	Round_4_Replicate_17	-6216.99	12441.98	18791.73	725.41	1.5969,1.0164,0.3174,0.0145
1	Round_4_Replicate_3	-4404.23	8816.46	868465.01	823.66	1.3181,1.5159,0.1159,0.0133
1	Round_4_Replicate_18	-4987.87	9983.74	12012.71	527.42	2.0576,2.9768,0.3316,0.0159
1	Round_4_Replicate_4	-4322.72	8653.44	439484.26	734.9	1.2873,2.2868,0.1455,0.0102
1	Round_4_Replicate_19	-4792.39	9592.78	12137.18	533.99	1.4492,3.9521,0.3034,0.0041
1	Round_4_Replicate_5	-4945.73	9899.46	12310.3	585.87	1.246,2.9526,0.3078,0.0315
1	Round_4_Replicate_20	-5081.33	10170.66	13112.77	514.9	1.7327,3.2218,0.3755,0.0047
1	Round_4_Replicate_6	-4250.72	8509.44	14846.01	692.34	1.0325,2.7558,0.1834,0.0108
1	Round_5_Replicate_7	-3561.59	7131.18	18338.92	1138.31	0.1983,1.2197,0.0404,0.0002
1	Round_4_Replicate_7	-5325.44	10658.88	9651.02	677.57	2.1645,1.2865,0.2466,0.0221
1	Round_5_Replicate_1	-3561.74	7131.48	16631.98	1131.5	0.2009,1.256,0.0415,0.0002
1	Round_4_Replicate_8	-4488.18	8984.36	109002.77	646.17	1.6159,2.6353,0.1968,0.0076
1	Round_4_Replicate_9	-4304.86	8617.72	2985184.31	909.87	1.0324,1.2965,0.0871,0.0034
1	Round_4_Replicate_10	-4574.88	9157.76	10159.54	609.96	1.2699,2.9978,0.2548,0.0118
1	Round_4_Replicate_11	-4627.86	9263.72	9460.85	645.52	1.2892,2.4499,0.2434,0.0312
1	Round_4_Replicate_12	-4432.53	8873.06	25532.49	644.32	1.4585,2.6401,0.2111,0.0065
1	Round_4_Replicate_13	-4376.83	8761.66	32458.76	797.06	1.3877,1.4015,0.1454,0.0052
1	Round_5_Replicate_1	-3563.41	7134.82	21297.79	1117.96	0.2082,1.3426,0.0422,0.0002
1	Round_4_Replicate_14	-4379.11	8766.22	6595.48	884.87	0.9825,1.09,0.1432,0.0134
1	Round_5_Replicate_8	-3561.47	7130.94	19611.34	1133.31	0.2032,1.2388,0.041,0.0001
1	Round_4_Replicate_15	-4492.27	8992.54	8634.44	700.01	1.2766,1.9733,0.2125,0.0215
1	Round_4_Replicate_16	-4169.91	8347.82	60327.72	792.02	0.9912,1.9834,0.1351,0.0243
1	Round_5_Replicate_2	-3563.28	7134.56	16344.95	1154.51	0.1908,1.1293,0.0389,0.0002
1	Round_4_Replicate_17	-4612.46	9232.92	15401.43	722.34	1.7326,1.5383,0.1852,0.0103
1	Round_4_Replicate_18	-4224.36	8456.72	61161.89	784.28	1.2195,1.7103,0.143,0.0049
1	Round_4_Replicate_19	-4375.85	8759.7	70406.87	655.5	1.3908,2.817,0.1914,0.0031
1	Round_4_Replicate_20	-4130.09	8268.18	241924.05	959.48	0.8548,1.0868,0.0852,0.0031
1	Round_5_Replicate_2	-3561.5	7131.0	18479.46	1135.79	0.1966,1.2468,0.0403,0.0001
1	Round_5_Replicate_9	-3561.76	7131.52	18435.97	1126.39	0.204,1.2865,0.0418,0.0001
1	Round_5_Replicate_3	-3562.71	7133.42	17154.68	1155.63	0.1836,1.1521,0.0377,0.0001
1	Round_5_Replicate_1	-3570.64	7149.28	14194.65	1161.56	0.2054,1.0297,0.041,0.0001
1	Round_5_Replicate_10	-3581.99	7171.98	25586.35	1089.28	0.2001,1.6958,0.042,0.0001
1	Round_5_Replicate_3	-3569.67	7147.34	18978.81	1133.32	0.1824,1.3413,0.0383,0.0014
1	Round_5_Replicate_4	-3562.47	7132.94	15111.42	1139.59	0.2043,1.1779,0.0419,0.0001
1	Round_5_Replicate_2	-3705.2	7418.4	44997.71	945.47	0.3445,2.5605,0.0681,0.0001
1	Round_5_Replicate_4	-3624.21	7256.42	47336.25	1058.25	0.2308,1.9,0.0456,0.0058
1	Round_5_Replicate_5	-3561.3	7130.6	17956.94	1137.14	0.1996,1.2218,0.0407,0.0001
1	Round_5_Replicate_3	-3610.44	7228.88	25324.18	1024.09	0.3118,1.6883,0.0605,0.0011
1	Round_5_Replicate_5	-3561.32	7130.64	18768.31	1135.37	0.1983,1.243,0.0404,0.0001
1	Round_5_Replicate_6	-3562.03	7132.06	16314.34	1140.15	0.2033,1.1806,0.0414,0.0001
1	Round_5_Replicate_4	-3572.56	7153.12	21977.4	1085.12	0.2297,1.5254,0.0469,0.0003
1	Round_5_Replicate_6	-3589.04	7186.08	9182.38	1144.44	0.2354,1.0295,0.048,0.001
1	Round_5_Replicate_7	-3561.32	7130.64	18157.75	1136.42	0.1985,1.2326,0.0405,0.0001
1	Round_5_Replicate_5	-3694.59	7397.18	70186.74	1010.4	0.3768,1.6162,0.0633,0.0108
1	Round_5_Replicate_7	-3972.86	7953.72	31530.38	793.84	0.8211,2.25,0.1328,0.0001
1	Round_5_Replicate_8	-3561.28	7130.56	18411.44	1136.15	0.1987,1.2345,0.0405,0.0001
1	Round_5_Replicate_6	-3562.45	7132.9	16852.49	1151.94	0.1913,1.1465,0.039,0.0001
1	Round_5_Replicate_8	-3561.94	7131.88	17367.01	1143.59	0.1932,1.1998,0.0396,0.0002
1	Round_5_Replicate_9	-3561.29	7130.58	18346.13	1136.9	0.199,1.2269,0.0406,0.0001
1	Round_5_Replicate_7	-4266.93	8541.86	93568.04	781.3	1.3146,1.6625,0.142,0.0001
1	Round_5_Replicate_9	-3561.93	7131.86	18966.36	1139.72	0.192,1.2381,0.0393,0.0002
1	Round_5_Replicate_10	-3561.32	7130.64	18399.87	1132.97	0.2013,1.2471,0.0411,0.0001
1	Round_5_Replicate_8	-3577.66	7163.32	14596.98	1191.3	0.1783,0.9394,0.0358,0.0003
1	Round_5_Replicate_10	-3574.87	7157.74	9727.66	1175.99	0.1811,1.0136,0.0387,0.0002
1	Round_5_Replicate_9	-4525.31	9058.62	165596.13	762.51	1.7274,1.489,0.1463,0.0001
1	Round_5_Replicate_10	-3563.08	7134.16	17624.5	1155.13	0.1915,1.1243,0.0387,0.0001
