Model	Replicate	log-likelihood	AIC	chi-squared	theta	optimized_params(nu1, nu2, m, mi, T1, T2, P)
1	Round_1_Replicate_1	-17518.97	35049.94	832578.12	405.67	10.7232,1.1395,2.7128,0.7367,1.7601,0.2727
Model	Replicate	log-likelihood	AIC	chi-squared	theta	optimized_params(nu1, nu2, m, mi, T1, T2, P)
1	Round_1_Replicate_2	-39220.0	78452.0	20470338.84	549.8	6.3167,0.6447,0.545,1.4067,3.149,0.9898
1	Round_1_Replicate_1	-80000.78	160013.56	104318777228202.1	215.45	1.6365,0.4221,0.9252,4.5765,11.6216,0.9898
1	Round_1_Replicate_3	-74435.7	148883.4	3.1183432559544275e+19	406.7	0.8773,2.3336,0.4025,0.3801,11.899,0.9907
1	Round_1_Replicate_2	-27912.25	55836.5	798146.47	695.63	8.51,0.2408,0.9354,1.3278,0.4853,0.9898
Model	Replicate	log-likelihood	AIC	chi-squared	theta	optimized_params(nu1, nu2, m, mi, T1, T2, P)
1	Round_1_Replicate_4	-46113.67	92239.34	240478030.26	193.86	0.4671,10.6491,6.6151,2.1689,7.0948,0.9898
1	Round_1_Replicate_5	-70901.56	141815.12	465552689470.45	163.87	14.1987,0.2302,12.2876,0.6666,5.0344,0.9898
1	Round_1_Replicate_1	-30232.75	60477.5	1191224.88	224.41	4.0753,13.6204,7.3625,1.8913,2.5578,0.9893
1	Round_1_Replicate_2	-47567.82	95147.64	187319119826.2	446.78	0.2889,0.1787,2.3791,1.1345,3.6256,0.0937
1	Round_1_Replicate_3	-63938.46	127888.92	-1.1255075954051078e+26	271.88	2.6384,0.158,2.783,0.3197,11.6352,0.1168
1	Round_1_Replicate_3	-32553.05	65118.1	79850400.48	953.8	0.3195,0.3081,1.9826,0.1026,1.0224,0.2101
1	Round_1_Replicate_4	-24678.38	49368.76	715210.33	1774.83	0.1534,5.6809,0.1112,0.1477,0.2963,0.9897
1	Round_1_Replicate_4	-78350.29	156712.58	73558324002280.44	488.88	0.424,10.5585,0.1689,1.3036,4.8829,0.9898
1	Round_1_Replicate_6	-93597.06	187206.12	-2.6279240061845615e+31	332.47	0.2063,0.9586,0.7849,0.2296,14.8098,0.9898
1	Round_1_Replicate_5	-19306.04	38624.08	465290.9	742.98	5.9557,4.1871,1.0865,0.2378,1.0878,0.6345
1	Round_1_Replicate_6	-13856.78	27725.56	580199.47	801.76	0.0953,0.3451,1.3812,1.8342,0.4906,0.3634
1	Round_1_Replicate_7	-40146.77	80305.54	1576974293.33	857.95	12.9286,9.0717,0.3982,0.1205,3.9924,0.0773
1	Round_1_Replicate_5	-87579.89	175171.78	-2.628717933917057e+51	199.21	0.6698,0.078,0.1127,5.3183,15.9226,0.1056
1	Round_1_Replicate_7	-102434.66	204881.32	4.034749120529843e+25	191.98	0.075,0.9726,0.2468,12.8117,5.9079,0.99
Model	Replicate	log-likelihood	AIC	chi-squared	theta	optimized_params(nu1, nu2, m, mi, T1, T2, P)
Model	Replicate	log-likelihood	AIC	chi-squared	theta	optimized_params(nu1, nu2, m, mi, T1, T2, P)
1	Round_1_Replicate_8	-22242.52	44497.04	10522892.92	1250.46	0.1003,0.1217,0.8673,0.48,0.6706,0.2123
1	Round_1_Replicate_6	-16744.8	33501.6	111562.94	1340.89	3.3328,0.2534,0.2309,0.2083,0.0815,0.8776
1	Round_1_Replicate_8	-4904.37	9820.74	7625.51	945.33	0.1041,0.2666,7.7575,3.0002,0.0843,0.1086
1	Round_1_Replicate_1	-18385.97	36783.94	2794818.53	463.07	1.9453,0.4094,0.8383,3.2606,1.8659,0.4636
1	Round_1_Replicate_1	-71493.11	142998.22	211645942147579.47	1159.41	0.1085,7.0343,0.3718,0.0957,2.9138,0.2667
1	Round_1_Replicate_9	-21935.36	43882.72	289421.03	1022.82	0.4025,0.8286,1.4794,0.6402,0.09,0.9894
1	Round_1_Replicate_2	-5042.32	10096.64	16415193.48	729.02	14.6047,13.756,0.8335,0.7853,0.168,0.0649
1	Round_1_Replicate_7	-24232.52	48477.04	475790.06	643.17	0.1707,3.9645,3.5688,1.0358,0.4336,0.9893
1	Round_1_Replicate_9	-66156.04	132324.08	436564131013.62	935.0	6.9527,0.0871,0.1127,0.9645,2.4841,0.9895
1	Round_1_Replicate_2	-22172.16	44356.32	3605925.33	866.88	0.74,2.3848,1.2479,1.4154,0.0914,0.9898
1	Round_1_Replicate_10	-37027.28	74066.56	319549165.18	445.47	2.4652,8.0616,2.1225,0.2227,4.9044,0.3687
Model	Replicate	log-likelihood	AIC	chi-squared	theta	optimized_params(nu1, nu2, m, mi, T1, T2, P)
1	Round_1_Replicate_3	-24444.46	48900.92	6148674.98	288.32	0.5645,0.6392,2.5813,6.1823,2.4177,0.8299
1	Round_1_Replicate_8	-14741.8	29495.6	303336.55	1323.16	7.1822,0.3157,0.2119,0.3477,0.5339,0.4143
1	Round_1_Replicate_3	-56949.8	113911.6	12677886047.4	199.57	0.2752,0.1856,13.2432,3.8445,4.2072,0.9898
1	Round_1_Replicate_11	-9001.78	18015.56	43270.68	698.48	0.5126,11.6627,2.2478,0.5724,0.407,0.3606
1	Round_1_Replicate_1	-24904.26	49820.52	602377.1	1136.5	0.1347,8.0823,3.0423,0.0924,0.2625,0.9898
1	Round_1_Replicate_4	-35876.54	71765.08	311146064.89	1273.96	4.2691,0.3789,0.3922,0.1004,1.4136,0.2613
1	Round_1_Replicate_9	-8687.84	17387.68	79743.05	379.52	3.7023,1.401,0.7593,11.0048,0.7362,0.2548
1	Round_1_Replicate_12	-51574.07	103160.14	853794410515.15	906.03	0.2566,11.9242,0.1115,0.5199,2.5065,0.0606
1	Round_1_Replicate_2	-17508.55	35029.1	2679933.83	297.14	0.7668,1.4193,1.7792,5.5748,2.3474,0.4042
1	Round_1_Replicate_5	-8859.38	17730.76	35933.08	459.02	0.9464,17.3298,10.6507,0.6379,0.5772,0.1501
1	Round_1_Replicate_4	-85957.22	171926.44	2.793776363738091e+24	636.13	0.1508,11.7723,0.0818,0.769,4.7126,0.1229
Model	Replicate	log-likelihood	AIC	chi-squared	theta	optimized_params(nu1, nu2, m, mi, T1, T2, P)
Model	Replicate	log-likelihood	AIC	chi-squared	theta	optimized_params(nu1, nu2, m, mi, T1, T2, P)
1	Round_1_Replicate_10	-55925.68	111863.36	-2.750580884826989e+29	123.77	0.0762,3.4935,0.6421,11.5007,14.2718,0.1596
1	Round_1_Replicate_13	-60493.18	120998.36	108656825579.63	171.5	8.3543,2.3707,0.0951,15.9049,5.111,0.9898
1	Round_1_Replicate_3	-44625.89	89263.78	195034986.4	248.95	0.1425,0.9448,9.5167,3.2126,3.1091,0.9898
1	Round_1_Replicate_10	-77857.3	155726.6	1.3002825207034022e+24	318.14	0.2002,0.0901,0.9111,2.2035,9.2982,0.9898
1	Round_1_Replicate_5	-21882.08	43776.16	363023.88	1816.9	0.1296,1.8151,0.0929,0.144,0.1528,0.9897
1	Round_1_Replicate_1	-20842.4	41696.8	225764.76	911.39	0.1136,2.3849,0.8336,1.8361,0.0991,0.9896
1	Round_1_Replicate_1	-25521.5	51055.0	519859.59	608.62	9.5632,1.4514,2.6433,1.2637,0.2417,0.9897
1	Round_1_Replicate_11	-7117.23	14246.46	13765.45	846.31	4.5948,0.2386,10.902,0.6308,0.0894,0.0767
1	Round_1_Replicate_14	-35683.69	71379.38	2368834285.67	840.08	0.0854,2.804,0.0898,1.2824,0.9063,0.345
1	Round_1_Replicate_4	-25459.72	50931.44	32398839.87	315.92	0.3759,4.9484,4.7258,1.1585,3.8666,0.1582
1	Round_1_Replicate_6	-110594.22	221200.44	1.0036493959169648e+27	189.43	0.4497,0.1578,0.1001,14.3163,7.5853,0.2155
1	Round_1_Replicate_11	-63221.24	126454.48	37368169714.5	565.75	5.0807,1.8853,0.5504,0.3946,6.5206,0.9898
1	Round_1_Replicate_6	-34288.72	68589.44	15966848.84	273.34	0.0906,10.4955,5.9905,4.8552,1.3762,0.9898
1	Round_1_Replicate_2	-34397.49	68806.98	2624578.97	228.73	2.6975,2.672,13.1325,1.2369,2.4308,0.9898
1	Round_1_Replicate_12	-24884.1	49780.2	605443.6	1467.52	0.3306,2.4654,0.2082,0.2566,0.4531,0.9896
1	Round_1_Replicate_15	-38372.11	76756.22	7717064.23	1767.37	4.6407,2.9856,0.1533,0.0982,1.1876,0.9898
1	Round_1_Replicate_5	-14969.97	29951.94	1087046.6	636.86	0.0864,0.1577,0.4898,16.9864,0.424,0.32
1	Round_1_Replicate_12	-14942.64	29897.28	263327.93	948.75	0.794,0.2127,0.4349,1.5096,0.4564,0.7124
1	Round_1_Replicate_7	-28867.36	57746.72	1027927.54	1644.66	2.8655,0.5047,0.1853,0.1745,0.535,0.9898
1	Round_1_Replicate_3	-16268.31	32548.62	2389758.5	628.56	3.2569,0.1963,0.5691,2.226,1.3321,0.0622
1	Round_1_Replicate_2	-78698.12	157408.24	8.033531109879805e+27	260.48	0.1453,0.7904,0.2332,4.6706,8.7448,0.099
1	Round_1_Replicate_13	-42728.28	85468.56	16506165.34	595.41	1.0241,0.1359,6.418,0.2087,0.7261,0.9893
1	Round_1_Replicate_6	-26054.55	52121.1	111448286445908.72	718.54	2.6727,6.6377,5.6283,1.4544,0.0976,0.9898
1	Round_2_Replicate_1	-15357.15	30726.3	1320565544168.7	650.7	1.0869,15.9692,7.1697,2.0117,0.1191,0.8369
1	Round_1_Replicate_7	-84473.63	168959.26	2.775402147918652e+26	263.31	0.1089,9.0611,0.3805,2.979,9.0051,0.0794
1	Round_1_Replicate_13	-35132.67	70277.34	4888920.3	287.32	2.9182,0.2897,6.1364,2.9006,1.8564,0.9893
1	Round_1_Replicate_4	-6351.99	12715.98	32380.44	775.12	0.5176,7.0457,0.1165,3.2021,0.1595,0.0815
1	Round_1_Replicate_8	-43202.74	86417.48	7134647408.56	687.47	4.308,0.1763,1.1244,0.2776,2.3121,0.3544
Model	Replicate	log-likelihood	AIC	chi-squared	theta	optimized_params(nu1, nu2, m, mi, T1, T2, P)
1	Round_1_Replicate_3	-24240.13	48492.26	363352.04	572.09	0.5264,0.2737,10.2547,11.2123,0.2109,0.9896
1	Round_1_Replicate_14	-55981.8	111975.6	7788030022.74	551.13	1.0528,0.1131,1.4171,1.0791,2.6552,0.9898
1	Round_2_Replicate_2	-10032.61	20077.22	52491.41	727.45	0.2289,18.3759,9.8673,0.206,0.3674,0.0511
1	Round_1_Replicate_8	-29621.84	59255.68	38003466.67	2517.74	0.0992,0.8359,0.1239,0.0902,0.5727,0.4892
1	Round_1_Replicate_7	-29113.42	58238.84	2172287.86	1002.42	0.1887,0.4804,0.2356,1.3672,0.6065,0.9893
Model	Replicate	log-likelihood	AIC	chi-squared	theta	optimized_params(nu1, nu2, m, mi, T1, T2, P)
1	Round_1_Replicate_9	-46177.27	92366.54	245543429.46	471.31	0.1032,0.4582,4.3565,1.1671,2.0017,0.9898
1	Round_1_Replicate_5	-21996.07	44004.14	290038.4	673.33	9.3488,7.9299,0.1116,7.4268,0.1613,0.9893
1	Round_1_Replicate_14	-66822.36	133656.72	1469962392114.68	574.26	8.3921,2.0624,0.9907,0.1137,5.1042,0.8722
1	Round_1_Replicate_1	-36928.06	73868.12	31954104.86	299.85	7.0903,10.6717,0.0915,6.8932,1.7598,0.9898
1	Round_1_Replicate_4	-48583.2	97178.4	1138332681.2	686.05	0.1221,0.1223,0.5096,2.7345,1.4284,0.9893
1	Round_1_Replicate_15	-35703.98	71419.96	3751118.97	497.15	6.2746,0.1944,7.455,0.4339,0.516,0.9893
1	Round_2_Replicate_3	-5179.03	10370.06	20901.44	658.88	3.4856,15.6854,1.2892,0.8722,0.2611,0.1126
1	Round_1_Replicate_9	-22033.78	44079.56	279270.41	786.48	12.0543,7.4586,0.1734,1.198,0.3122,0.9893
1	Round_1_Replicate_1	-58526.74	117065.48	189914053085.65	168.18	5.1243,1.8207,15.86,0.1591,5.4706,0.4767
1	Round_1_Replicate_10	-27211.74	54435.48	927781.62	803.39	0.1818,0.8618,1.3072,0.9264,0.68,0.9898
1	Round_1_Replicate_15	-52367.7	104747.4	239969429.9	472.15	5.0477,0.1487,6.2337,0.1197,0.8877,0.9898
1	Round_1_Replicate_2	-101708.86	203429.72	4.529520467022569e+16	873.07	8.8676,0.5269,0.1322,0.1717,5.2133,0.9898
1	Round_1_Replicate_5	-42253.92	84519.84	76196860.4	744.47	0.0949,12.4813,2.0207,0.2698,1.691,0.9898
1	Round_2_Replicate_1	-8613.94	17239.88	24438.08	891.54	0.6063,0.1289,17.9243,0.458,0.1177,0.0364
1	Round_2_Replicate_4	-6637.49	13286.98	20431.67	725.44	0.1333,13.0776,1.9787,1.6275,0.1574,0.3314
1	Round_1_Replicate_2	-23686.03	47384.06	379835.59	1164.16	1.3697,0.0857,0.1695,2.2676,0.2295,0.9898
1	Round_2_Replicate_1	-11642.52	23297.04	272398.66	287.71	18.3759,0.6773,1.6848,7.8805,1.4954,0.279
1	Round_1_Replicate_11	-8901.05	17814.1	29363.78	1094.94	0.1826,0.4972,5.9867,0.1851,0.137,0.0733
1	Round_1_Replicate_10	-88904.79	177821.58	8520391928360205.0	147.09	0.0821,11.2914,2.9063,8.3745,6.9588,0.9898
1	Round_1_Replicate_6	-63281.78	126575.56	-6.600889138024025e+30	431.33	0.1236,0.2235,0.0619,3.4397,4.6725,0.6908
1	Round_1_Replicate_3	-8183.42	16378.84	40418.72	1188.69	0.1483,18.0572,0.8395,0.1748,0.2133,0.1167
1	Round_2_Replicate_2	-8286.76	16585.52	22032.56	645.46	0.6196,0.1645,18.3759,5.8759,0.1694,0.3436
1	Round_1_Replicate_6	-34153.06	68318.12	7436877.81	455.63	1.0601,0.1403,0.2007,15.1236,1.0959,0.9898
1	Round_2_Replicate_5	-27417.0	54846.0	83529524.35	732.76	0.1133,5.8685,0.9241,0.6305,1.6934,0.222
1	Round_1_Replicate_3	-23923.86	47859.72	2084900.02	265.91	1.5436,0.5181,5.3168,4.7466,2.0893,0.8909
1	Round_2_Replicate_2	-8143.13	16298.26	24239.45	619.6	18.3759,0.2447,0.5412,13.4509,0.2474,0.4168
1	Round_1_Replicate_12	-75292.01	150596.02	4659303095726.31	423.07	1.8183,0.7531,1.0508,0.6064,7.962,0.9898
1	Round_1_Replicate_7	-6363.73	12739.46	20127.02	505.52	0.2961,2.6991,6.4056,4.735,0.2896,0.1745
1	Round_1_Replicate_4	-39273.88	78559.76	6294462.43	673.93	1.2985,0.2498,5.1692,0.1423,0.5491,0.9898
1	Round_2_Replicate_3	-8867.05	17746.1	73358.96	490.48	0.5043,0.1012,10.5621,14.8204,0.335,0.038
1	Round_1_Replicate_8	-154839.97	309691.94	1.6149532838007867e+29	195.95	3.6176,0.1477,0.1055,7.3143,12.737,0.1939
1	Round_1_Replicate_7	-11475.56	22963.12	185610.14	1066.59	2.4495,4.229,0.8188,0.1853,0.0762,0.6926
1	Round_2_Replicate_6	-7557.98	15127.96	20296.57	1085.8	3.3421,18.3759,0.5132,0.1432,0.2391,0.0473
1	Round_2_Replicate_3	-10418.86	20849.72	215376.46	483.81	6.7979,0.3051,0.1983,18.3759,0.6365,0.1426
1	Round_1_Replicate_4	-101881.75	203775.5	6.0112360898708456e+16	456.21	0.0611,4.1127,3.1267,0.2532,5.0159,0.9898
1	Round_1_Replicate_13	-20980.55	41973.1	223143.09	848.9	0.5782,12.7718,0.2136,2.4174,0.0934,0.9896
1	Round_1_Replicate_5	-5591.2	11194.4	5299822767.89	747.37	8.2249,1.4119,0.8132,4.0186,0.1083,0.0671
1	Round_1_Replicate_9	-44535.58	89083.16	71203649.85	219.0	6.3484,0.5537,6.2052,1.6835,4.5298,0.9898
1	Round_1_Replicate_8	-35027.73	70067.46	3977997.66	1966.03	2.2636,0.4322,0.1278,0.1472,0.7464,0.9898
1	Round_2_Replicate_4	-7170.9	14353.8	37994.16	1134.8	0.0354,0.0862,1.376,7.2013,0.0898,0.1696
1	Round_2_Replicate_7	-30377.68	60767.36	62605437.08	1116.77	1.651,1.5137,0.4263,0.1848,2.0895,0.3206
1	Round_2_Replicate_4	-5521.35	11054.7	17622.24	616.24	0.56,1.6358,1.2357,15.1847,0.1681,0.1696
1	Round_1_Replicate_11	-88970.43	177952.86	-4.1109594242648585e+33	243.59	0.0682,0.4046,1.3207,2.8474,11.8012,0.9898
1	Round_1_Replicate_5	-56414.35	112840.7	810058017001.45	172.16	1.3157,0.5459,6.9935,1.966,10.6894,0.6825
1	Round_1_Replicate_14	-24619.37	49250.74	513972.95	554.41	13.87,0.5644,0.1359,10.6527,0.5175,0.9893
1	Round_1_Replicate_8	-68401.22	136814.44	7.707419571903171e+26	144.14	0.0984,0.102,8.0587,4.0605,13.7618,0.0642
1	Round_1_Replicate_6	-30617.05	61246.1	29591598.39	426.98	2.6595,0.9247,4.2591,0.2262,2.1588,0.3408
1	Round_2_Replicate_5	-4478.1	8968.2	7933.52	1271.2	0.035,0.2759,15.4449,0.4276,0.0321,0.042
1	Round_1_Replicate_10	-24206.02	48424.04	32138075.14	299.38	0.1571,2.703,5.9534,2.3776,2.6084,0.2315
1	Round_2_Replicate_8	-22951.73	45915.46	2566148.11	672.46	0.9645,17.9243,2.9562,1.1254,0.1644,0.9896
1	Round_2_Replicate_5	-18188.68	36389.36	151320.59	445.09	8.6454,0.8219,1.0587,8.3931,0.4992,0.9291
1	Round_1_Replicate_12	-25059.18	50130.36	9989041570.64	680.5	1.9981,1.8863,7.298,2.0693,0.1237,0.9893
1	Round_1_Replicate_6	-26822.12	53656.24	802057.8	1464.37	14.662,5.9032,0.0948,0.2305,0.839,0.9896
1	Round_1_Replicate_15	-24363.25	48738.5	2843766.27	1030.01	0.3437,0.0906,3.4427,0.086,0.3548,0.2176
1	Round_1_Replicate_9	-98708.06	197428.12	7.030196516022153e+19	223.0	12.8148,0.1164,0.0615,11.4954,6.8502,0.3088
1	Round_1_Replicate_9	-15508.42	31028.84	154840.53	1119.5	0.6319,8.2404,0.0997,0.5062,0.1895,0.8704
1	Round_1_Replicate_7	-12062.15	24136.3	60320.59	814.83	0.3734,0.1162,14.0041,1.1551,0.1603,0.5685
1	Round_1_Replicate_11	-24262.45	48536.9	569134.77	1014.29	0.7169,15.21,1.4338,0.1404,0.228,0.9898
1	Round_2_Replicate_9	-36074.22	72160.44	1981404513.81	554.17	0.163,2.7679,0.5862,1.4777,2.5628,0.459
1	Round_2_Replicate_6	-7281.07	14574.14	18442.7	1075.29	0.0254,0.2929,14.6567,2.2347,0.0603,0.4392
1	Round_2_Replicate_6	-32456.58	64925.16	240054314.13	199.96	3.6075,2.6455,0.1335,18.3759,2.9117,0.7364
1	Round_1_Replicate_7	-39857.62	79727.24	6673270.56	569.02	0.4113,3.8764,8.9607,0.0901,0.9753,0.9898
1	Round_2_Replicate_1	-8985.04	17982.08	62260.79	904.42	0.0463,1.3107,18.3759,0.4026,0.21,0.0463
1	Round_1_Replicate_10	-55715.28	111442.56	887122882.97	319.13	7.2546,0.1688,11.559,0.186,1.3405,0.9898
1	Round_1_Replicate_10	-34634.53	69281.06	2314620191.64	312.12	0.166,0.6071,3.4929,2.97,3.5936,0.1191
1	Round_1_Replicate_8	-27781.66	55575.32	915693.92	2401.91	0.2305,0.0771,0.107,0.1796,0.2261,0.9897
1	Round_2_Replicate_10	-12416.25	24844.5	60998.74	742.16	3.8435,18.3759,3.0388,0.0986,0.3332,0.1018
1	Round_2_Replicate_7	-12942.87	25897.74	226363.79	552.95	0.1938,1.7963,4.2482,1.5978,0.5945,0.5308
1	Round_2_Replicate_7	-18283.91	36579.82	3608882231392.89	465.75	2.9672,4.873,5.1685,18.3759,0.1926,0.8923
1	Round_1_Replicate_12	-95597.25	191206.5	1.3682439284224472e+16	540.93	1.3157,11.2825,0.1392,0.602,7.6037,0.9898
1	Round_2_Replicate_2	-14137.59	28287.18	213217.31	1361.9	0.0526,0.078,7.0399,0.1552,0.1653,0.0082
1	Round_1_Replicate_14	-22165.32	44342.64	291994.72	873.27	0.4627,3.6993,1.8373,0.5449,0.176,0.9895
1	Round_1_Replicate_11	-30838.71	61689.42	158156583.05	665.46	0.2912,0.2689,0.6501,1.6702,1.9202,0.6357
1	Round_1_Replicate_11	-27254.11	54520.22	685730.03	277.22	3.8762,1.3527,2.9319,7.5187,1.3278,0.9893
1	Round_1_Replicate_9	-6949.11	13910.22	179042.25	825.52	6.5038,0.1175,1.237,15.4542,0.0838,0.2638
1	Round_2_Replicate_11	-7048.67	14109.34	46468.78	420.21	0.5851,6.1043,2.8903,3.4826,0.5795,0.074
1	Round_2_Replicate_8	-4275.78	8563.56	7684.58	1381.21	0.0258,0.0986,1.9305,0.7917,0.0185,0.0492
1	Round_2_Replicate_8	-13811.26	27634.52	1000925.85	197.97	18.3759,1.7403,1.9487,8.0312,3.6793,0.1041
1	Round_1_Replicate_13	-35087.14	70186.28	2910657642.48	339.97	2.0879,1.0904,0.1838,4.9385,3.9985,0.1717
1	Round_2_Replicate_3	-5095.01	10202.02	12070.83	1109.68	0.0245,0.3384,18.6075,1.1387,0.0667,0.0427
1	Round_1_Replicate_15	-12613.54	25239.08	52889.45	1125.23	0.3771,0.1004,4.3356,0.2996,0.0807,0.5813
1	Round_1_Replicate_12	-38094.25	76200.5	860019087.63	976.28	0.102,0.0923,3.5069,0.1132,0.7924,0.1359
1	Round_1_Replicate_12	-24802.97	49617.94	778439.61	937.3	0.0799,0.176,0.1789,9.3858,0.2035,0.9897
1	Round_1_Replicate_8	-80042.58	160097.16	-4.8570685498348944e+30	586.53	0.0857,0.3095,0.0685,1.7588,4.1939,0.9898
1	Round_1_Replicate_10	-19398.94	38809.88	2633007.98	361.95	12.0342,0.114,5.1178,1.3857,1.0649,0.0661
1	Round_2_Replicate_12	-20873.61	41759.22	222695.49	969.66	0.6939,7.457,0.3364,0.6454,0.1422,0.9896
1	Round_2_Replicate_9	-4055.02	8122.04	32367.43	956.58	0.4645,0.4502,0.9693,2.6128,0.0812,0.0151
1	Round_2_Replicate_9	-4589.97	9191.94	32605.53	677.7	1.2941,8.5089,0.3543,6.7826,0.1397,0.0349
1	Round_1_Replicate_14	-5712.33	11436.66	8478.66	1280.59	3.2716,0.1845,0.2088,0.395,0.0547,0.0805
1	Round_2_Replicate_4	-11294.96	22601.92	150754.15	682.75	0.0709,1.3846,15.8782,0.7127,0.3728,0.2074
1	Round_2_Replicate_1	-10146.09	20304.18	31314.37	516.76	8.8789,12.8552,5.8812,0.3522,0.4039,0.2786
1	Round_1_Replicate_13	-37119.31	74250.62	5331454882.02	174.93	4.6883,0.1951,5.7113,5.1773,5.9211,0.0675
1	Round_1_Replicate_11	-5095.12	10202.24	11604.61	1179.04	0.2438,0.2214,0.1116,4.2622,0.0669,0.1229
1	Round_1_Replicate_9	-88326.97	176665.94	1708671203434327.8	625.5	11.8883,0.1406,0.0821,1.3937,4.5764,0.9898
1	Round_2_Replicate_13	-22302.71	44617.42	322530.4	873.24	0.1153,17.735,8.8325,0.2669,0.1841,0.9896
1	Round_2_Replicate_10	-5958.36	11928.72	353447.14	1073.43	0.188,0.0535,18.3759,11.921,0.0361,0.1215
1	Round_2_Replicate_10	-15258.13	30528.26	953410.35	508.78	0.9084,0.1785,0.2284,18.3759,0.6976,0.4212
1	Round_2_Replicate_5	-46838.82	93689.64	6750908598.34	718.79	0.1265,0.0611,18.3759,0.0508,0.6007,0.0808
1	Round_1_Replicate_15	-58365.34	116742.68	7296829593726.04	336.31	10.1285,0.6985,0.5633,1.3368,10.9289,0.1828
1	Round_2_Replicate_2	-5890.47	11792.94	227084.69	715.99	5.027,19.8,3.2188,0.3376,0.1815,0.013
1	Round_1_Replicate_14	-30024.11	60060.22	1267657.52	481.92	14.641,0.1431,4.8169,2.6654,0.3692,0.9893
1	Round_1_Replicate_10	-26906.95	53825.9	100002027.76	208.71	8.0941,7.3752,0.384,6.216,6.4903,0.3008
1	Round_2_Replicate_11	-4004.35	8020.7	32604.29	1164.91	0.0373,0.1698,17.9243,2.5457,0.0328,0.0201
1	Round_1_Replicate_12	-44911.41	89834.82	2760368361.63	439.15	7.4596,3.2194,1.244,0.349,6.7253,0.7389
1	Round_2_Replicate_11	-18154.16	36320.32	157162.25	275.64	3.0439,5.8848,3.2914,12.7274,0.7067,0.917
1	Round_2_Replicate_14	-23820.79	47653.58	375359.6	572.12	0.3982,3.8635,3.6311,1.3829,0.4349,0.9893
1	Round_2_Replicate_6	-24992.33	49996.66	21832730.17	630.7	0.0671,0.1788,10.1103,0.5072,0.9004,0.0394
1	Round_2_Replicate_1	-6231.43	12474.86	160608945.71	1030.74	1.5252,0.6472,1.4785,0.5807,0.0505,0.15
1	Round_2_Replicate_3	-5679.68	11371.36	816000.26	1088.98	4.5192,18.3759,0.3835,0.1757,0.0734,0.1664
1	Round_1_Replicate_11	-12501.64	25015.28	84531.83	1203.77	8.9908,3.2207,0.2042,0.2718,0.4014,0.586
1	Round_2_Replicate_12	-7783.44	15578.88	32784.34	605.48	0.5757,0.157,18.3759,2.8275,0.2458,0.0196
1	Round_1_Replicate_15	-39860.06	79732.12	29702916.19	1834.79	0.1025,0.1292,0.2455,0.3135,0.6135,0.9895
1	Round_1_Replicate_13	-12075.05	24162.1	281039.37	584.92	8.933,1.9076,0.234,2.5367,0.9907,0.4016
1	Round_2_Replicate_15	-26099.31	52210.62	777259.84	808.84	0.1049,18.3759,2.9568,0.3014,0.5441,0.9897
1	Round_2_Replicate_12	-25405.77	50823.54	445326.99	449.97	10.2642,0.4381,1.0289,8.7557,0.5508,0.9893
1	Round_2_Replicate_7	-7462.87	14937.74	16018.27	1398.3	0.1522,1.1657,0.9063,0.0835,0.0436,0.2674
1	Round_2_Replicate_2	-9965.03	19942.06	48657523775.02	1233.38	0.8201,0.0409,0.6198,2.7188,0.0119,0.4662
1	Round_2_Replicate_4	-9150.99	18313.98	1.2371660313641408e+18	737.57	15.9166,18.3759,0.7618,5.2482,0.0752,0.0983
1	Round_2_Replicate_13	-13856.53	27725.06	6105783.88	1101.83	0.0784,0.2076,17.5071,2.5527,0.0341,0.8559
1	Round_1_Replicate_12	-65465.4	130942.8	22556902860.37	410.85	1.3027,2.5671,3.3449,0.146,4.4578,0.9898
1	Round_1_Replicate_14	-28115.26	56242.52	1053671.93	737.03	0.78,0.7914,0.6093,1.3019,1.0331,0.9894
1	Round_2_Replicate_1	-6001.1	12014.2	9664.98	1153.42	1.6243,8.8973,0.0819,0.4226,0.0569,0.3836
1	Round_3_Replicate_1	-6489.25	12990.5	25446.67	467.47	11.3885,19.0156,1.0373,1.4935,0.7416,0.0977
1	Round_2_Replicate_13	-9778.16	19568.32	91979.71	276.61	5.8554,4.7726,2.8152,4.8898,1.3209,0.3291
1	Round_2_Replicate_5	-5825.55	11663.1	2162144.75	686.95	8.1958,19.8,0.9873,0.8484,0.2006,0.2173
1	Round_2_Replicate_8	-13594.68	27201.36	113815.07	1044.9	0.0665,0.5947,17.9243,0.1611,0.2044,0.3724
1	Round_2_Replicate_3	-5996.5	12005.0	18135.13	599.09	6.0075,1.1283,0.7243,3.2566,0.3715,0.1561
1	Round_1_Replicate_13	-61049.31	122110.62	4420434561.77	490.29	0.5814,0.3739,5.8537,0.1172,1.8805,0.9898
1	Round_2_Replicate_14	-5123.98	10259.96	235804.7	1212.9	0.1174,0.0883,4.6412,1.4431,0.0282,0.051
1	Round_2_Replicate_2	-4404.5	8821.0	313446.61	901.93	0.4997,18.3759,0.1585,18.6417,0.0511,0.0568
1	Round_3_Replicate_2	-5231.78	10475.56	33310831.17	742.99	1.5547,12.6697,2.6796,0.7286,0.1388,0.0701
1	Round_2_Replicate_14	-8686.45	17384.9	72156.42	412.44	18.2026,5.9422,1.2685,1.7121,1.2339,0.099
1	Round_2_Replicate_6	-7841.56	15695.12	47077.35	489.16	18.3759,7.5557,0.28,3.6788,0.577,0.3008
1	Round_2_Replicate_9	-23230.52	46473.04	23896745.85	878.17	0.0721,0.3992,1.3476,0.7636,0.9833,0.0835
1	Round_1_Replicate_15	-95968.83	191949.66	3.1733218616348166e+17	263.31	0.248,4.1032,6.5666,0.1274,8.3684,0.5615
1	Round_2_Replicate_4	-6830.47	13672.94	13580.68	1087.92	0.7218,0.0988,1.1754,1.0634,0.0821,0.1759
1	Round_1_Replicate_14	-33646.95	67305.9	30418259.15	315.79	0.9502,7.1036,15.0385,0.1055,2.1317,0.2902
1	Round_2_Replicate_15	-3719.07	7450.14	18315.05	1243.42	0.0162,0.2603,3.7934,1.9111,0.0179,0.0318
1	Round_2_Replicate_3	-10554.5	21121.0	232171.33	867.35	0.1016,1.6187,0.1561,2.4371,0.2348,0.172
1	Round_3_Replicate_3	-4183.76	8379.52	23864.82	728.76	3.0268,4.7725,0.539,1.8529,0.1841,0.03
1	Round_2_Replicate_15	-22028.96	44069.92	12152920.0	561.93	10.1252,1.7073,0.2849,1.4969,3.2168,0.2685
1	Round_2_Replicate_7	-6471.5	12955.0	30511840.27	1137.58	15.0554,5.0715,0.3582,0.1282,0.0451,0.1217
1	Round_2_Replicate_1	-11620.66	23253.32	237837.0	2014.51	0.0434,0.0364,0.0275,1.355,0.0734,0.0285
1	Round_2_Replicate_5	-10631.22	21274.44	208521.79	1341.37	5.8518,0.603,0.0501,0.7261,0.386,0.0114
1	Round_2_Replicate_10	-6395.04	12802.08	104164.55	1000.76	0.2695,1.7015,4.9795,0.4204,0.0752,0.2884
1	Round_1_Replicate_15	-28222.38	56456.76	3080394.6	555.08	0.3002,16.0216,0.112,4.3047,0.3598,0.9898
1	Round_3_Replicate_1	-4229.61	8471.22	338739.2	1335.36	0.0201,0.1266,8.0057,0.6704,0.0143,0.0228
1	Round_2_Replicate_4	-5440.3	10892.6	9329.86	1071.58	0.6549,16.3033,0.0323,3.3623,0.0311,0.2525
1	Round_3_Replicate_4	-8101.09	16214.18	32807.78	504.16	9.347,19.0747,1.9225,0.6414,0.7564,0.0613
1	Round_3_Replicate_1	-5330.4	10672.8	14954.08	548.61	0.5595,18.3759,1.0858,6.3039,0.2034,0.0815
1	Round_1_Replicate_13	-82382.04	164776.08	-4.5393325987433715e+27	397.42	5.8755,0.0667,1.7186,0.1451,7.5296,0.9899
1	Round_2_Replicate_8	-7164.53	14341.06	248660778.59	904.63	6.1013,4.6715,0.3043,1.2968,0.0785,0.4147
1	Round_2_Replicate_2	-4412.34	8836.68	52263.47	1319.37	0.1189,0.0725,0.0568,18.3759,0.0136,0.129
1	Round_2_Replicate_6	-6653.98	13319.96	16540.21	1462.35	0.7876,0.0918,0.1841,0.479,0.0795,0.0498
1	Round_2_Replicate_11	-19375.61	38763.22	582379.96	576.53	0.6077,0.6571,13.3082,0.1593,0.6049,0.1565
1	Round_2_Replicate_1	-25269.06	50550.12	4012467.66	1303.17	12.8497,1.7975,0.3191,0.0897,1.1086,0.3942
1	Round_3_Replicate_2	-3870.65	7753.3	28651.91	1312.53	0.0206,0.0687,4.9137,4.5308,0.0173,0.0067
1	Round_2_Replicate_5	-7595.65	15203.3	58021.86	559.76	2.9731,5.5417,0.8673,1.427,0.7786,0.0488
1	Round_3_Replicate_5	-10600.84	21213.68	105603.52	788.18	3.5898,18.3759,0.6303,0.4005,0.8782,0.145
1	Round_3_Replicate_2	-4418.53	8849.06	32110428.38	901.96	1.9519,4.6918,0.1346,18.1112,0.0534,0.0101
1	Round_2_Replicate_9	-4751.53	9515.06	642767923.17	778.42	12.0341,18.3759,0.2664,2.2072,0.1014,0.0164
1	Round_1_Replicate_14	-9139.86	18291.72	31584.71	789.3	1.1594,2.8851,2.2528,0.3734,0.3073,0.2997
1	Round_2_Replicate_3	-16120.8	32253.6	995561.74	836.19	0.1172,1.2748,0.0276,8.0335,0.1552,0.4651
1	Round_2_Replicate_7	-8408.61	16829.22	22787.34	1491.8	2.5044,0.4828,0.1833,0.0928,0.0821,0.0678
1	Round_2_Replicate_2	-23264.48	46540.96	324934.56	697.84	2.6116,6.2526,1.4307,0.8164,0.2587,0.9893
1	Round_2_Replicate_12	-39927.66	79867.32	341987679.3	671.66	0.0562,3.1631,15.3376,0.0359,0.9226,0.039
1	Round_3_Replicate_3	-4936.62	9885.24	387521943.79	1234.35	0.0404,0.1555,10.4659,1.4359,0.016,0.0412
1	Round_2_Replicate_6	-10225.23	20462.46	96855.45	855.19	0.1036,2.3839,0.1972,3.3466,0.1403,0.5175
1	Round_3_Replicate_6	-6578.92	13169.84	24629.72	560.58	3.3335,19.8,1.3968,0.8597,0.6039,0.049
1	Round_3_Replicate_3	-5114.58	10241.16	2271720039.15	826.44	1.4514,6.6855,0.3866,6.7661,0.0692,0.0483
1	Round_2_Replicate_10	-7857.22	15726.44	70771.22	741.38	18.3759,8.5552,0.2111,0.968,0.7241,0.0074
1	Round_2_Replicate_4	-5277.89	10567.78	1525324.05	1318.62	0.3606,0.0387,0.1537,8.7741,0.0167,0.1229
1	Round_2_Replicate_3	-50450.93	100913.86	2129806875.57	906.24	3.9446,0.5058,0.0388,1.39,1.5785,0.9898
1	Round_2_Replicate_13	-9491.95	18995.9	31449.33	1294.79	0.916,0.1455,1.2221,0.0581,0.0311,0.0111
1	Round_2_Replicate_8	-4909.13	9830.26	7029.15	1066.55	8.7512,0.5371,0.1166,1.6958,0.0931,0.1987
1	Round_3_Replicate_4	-4990.56	9993.12	11785.6	1208.35	0.0202,0.7044,6.5738,0.5187,0.0543,0.0324
1	Round_3_Replicate_4	-4417.49	8846.98	342969.3	649.88	0.7598,18.3759,1.348,2.3391,0.1628,0.0091
1	Round_2_Replicate_7	-4643.66	9299.32	7851.99	1093.05	0.4418,1.0311,0.07,4.7655,0.0382,0.1771
1	Round_3_Replicate_7	-6598.72	13209.44	21582.74	349.26	4.3439,14.3684,3.2855,3.0356,0.6635,0.1427
1	Round_2_Replicate_11	-10015.92	20043.84	8.875495773346886e+16	728.2	2.7632,18.3759,6.7555,1.2818,0.0853,0.3032
1	Round_2_Replicate_4	-23607.22	47226.44	401521.51	1194.77	18.3759,0.4927,0.0845,0.8477,0.4156,0.9897
1	Round_2_Replicate_5	-7590.03	15192.06	54588.38	1059.62	1.1137,0.0755,0.0717,16.8499,0.1518,0.0378
1	Round_2_Replicate_14	-22225.55	44463.1	2728253.97	611.63	0.1828,0.2258,18.3759,0.2095,0.6624,0.0451
1	Round_2_Replicate_9	-7298.85	14609.7	41807.75	1049.76	1.4785,0.1383,0.208,2.7232,0.2077,0.141
1	Round_2_Replicate_8	-10707.2	21426.4	200452.6	496.82	0.088,3.4602,0.7842,18.3759,0.2892,0.2843
1	Round_3_Replicate_8	-9458.73	18929.46	50849.33	528.31	13.576,19.8,1.01,0.8704,0.8446,0.369
1	Round_3_Replicate_5	-7532.8	15077.6	61225.34	511.98	0.5261,3.062,0.2986,15.291,0.3116,0.0404
1	Round_2_Replicate_12	-6451.76	12915.52	19537.89	368.77	9.229,19.4033,2.5689,2.12,0.6938,0.117
1	Round_3_Replicate_5	-3653.38	7318.76	23403.5	1144.07	0.0109,0.9183,11.8747,4.4247,0.0177,0.0162
1	Round_2_Replicate_5	-19937.09	39886.18	246322.47	1693.46	2.65,4.9246,0.0402,0.0676,0.0628,0.9898
1	Round_2_Replicate_6	-9037.74	18087.48	63221.64	1398.67	0.2589,0.0705,0.097,2.8114,0.1157,0.3279
1	Round_2_Replicate_15	-7623.04	15258.08	101299.78	1293.91	0.1286,0.326,4.0299,0.1392,0.0261,0.3034
1	Round_2_Replicate_10	-6893.57	13799.14	22762.26	858.08	1.9255,0.0798,1.2303,2.9381,0.1558,0.0126
1	Round_1_Replicate_15	-74201.63	148415.26	3.956868054391133e+26	187.81	0.1542,3.783,0.2356,7.2607,9.0615,0.2108
1	Round_2_Replicate_9	-5709.49	11430.98	20487.4	1019.23	0.2847,17.3395,0.3659,0.4336,0.1799,0.0719
1	Round_2_Replicate_13	-6403.07	12818.14	34711257511.2	753.11	18.0155,18.3759,3.1541,0.4066,0.1118,0.009
1	Round_3_Replicate_9	-5316.3	10644.6	19183.53	633.34	2.1189,13.2212,2.8226,0.728,0.264,0.0445
1	Round_3_Replicate_6	-4385.62	8783.24	7305.5	1330.12	0.023,0.1249,1.1211,1.8913,0.0329,0.0301
1	Round_2_Replicate_6	-28078.35	56168.7	42036829.53	1679.61	8.0553,0.8758,0.0465,0.3019,1.1974,0.4503
1	Round_3_Replicate_6	-4143.6	8299.2	70608.52	735.27	3.8218,6.1261,0.2578,3.6326,0.1397,0.0066
1	Round_2_Replicate_7	-6778.94	13569.88	34453.44	1175.5	0.539,1.5483,0.0289,1.1156,0.0789,0.0877
1	Round_3_Replicate_1	-4535.65	9083.3	9973.74	1118.56	0.0129,0.7031,18.3759,1.2581,0.043,0.0232
1	Round_2_Replicate_11	-5451.45	10914.9	8364.31	1367.11	6.4669,0.0461,0.0721,1.5755,0.028,0.0965
1	Round_2_Replicate_1	-30945.57	61903.14	1560660.66	521.49	0.3825,17.2618,11.5352,0.1908,0.8482,0.9898
1	Round_2_Replicate_10	-4046.96	8105.92	174582.97	1067.18	0.3747,17.0542,0.0719,2.85,0.0289,0.0465
1	Round_2_Replicate_7	-12469.29	24950.58	486180.88	607.29	18.3759,5.9912,0.082,2.1595,0.902,0.1457
1	Round_2_Replicate_14	-12717.57	25447.14	80161.37	986.53	7.0229,11.5917,0.6528,0.1307,0.4507,0.2964
1	Round_3_Replicate_10	-8544.42	17100.84	26677.48	480.74	6.5346,18.3759,4.3716,0.4773,0.5677,0.0648
1	Round_3_Replicate_7	-5656.93	11325.86	17184.51	650.32	0.3829,12.0255,0.2515,16.6033,0.1408,0.0363
1	Round_3_Replicate_7	-4380.06	8772.12	6891.24	1334.81	0.0364,0.2148,1.1021,0.7234,0.0411,0.0061
1	Round_2_Replicate_8	-13013.73	26039.46	632460.15	870.19	0.0884,0.9938,0.0903,3.3267,0.2522,0.1122
1	Round_3_Replicate_2	-13206.76	26425.52	694422.93	948.85	0.0174,0.1393,4.9071,2.2569,0.2377,0.0297
1	Round_2_Replicate_12	-7176.82	14365.64	37172652.3	1302.88	13.3356,0.1471,0.0321,1.2326,0.0158,0.4117
1	Round_2_Replicate_2	-21928.63	43869.26	3278516.44	309.64	0.757,0.8318,17.4723,0.5489,1.7624,0.1
1	Round_2_Replicate_11	-18511.42	37034.84	5261995.51	309.35	0.2697,6.6192,0.1583,18.3759,0.8251,0.0778
1	Round_2_Replicate_8	-31799.28	63610.56	1846196.45	995.71	6.659,1.4002,0.6965,0.1416,0.5942,0.9898
1	Round_3_Replicate_11	-8407.93	16827.86	6.9188139313621e+16	738.29	5.1868,18.3759,2.5517,1.4849,0.0843,0.0803
1	Round_2_Replicate_15	-11572.35	23156.7	98238.25	384.26	4.3283,19.0747,5.1098,0.5443,1.1955,0.0364
1	Round_3_Replicate_8	-4598.73	9209.46	10176.56	763.01	3.9664,3.5516,0.1719,2.9368,0.1827,0.0493
1	Round_3_Replicate_8	-4813.65	9639.3	11202.7	1207.1	0.0149,0.2667,11.0336,1.2828,0.0456,0.0247
1	Round_2_Replicate_9	-4022.76	8057.52	504456.75	1141.12	1.1936,0.7902,0.1842,0.9179,0.047,0.0347
1	Round_3_Replicate_3	-4182.13	8376.26	9879.75	978.78	0.0296,1.2032,15.8987,4.07,0.0442,0.0886
1	Round_2_Replicate_13	-5202.66	10417.32	10643.62	1398.59	16.5976,1.3828,0.0449,0.3046,0.0988,0.0262
1	Round_2_Replicate_3	-10579.45	21170.9	151611.9	605.13	3.329,2.5423,0.7383,1.2895,0.9906,0.2486
1	Round_2_Replicate_9	-16019.17	32050.34	1290764.66	886.86	7.2456,2.3594,0.044,1.3303,0.6886,0.2987
1	Round_3_Replicate_12	-4852.85	9717.7	18337734.3	601.06	10.8515,18.3759,0.5364,2.9976,0.1949,0.0258
1	Round_2_Replicate_12	-8061.53	16135.06	26209.72	1113.95	2.1137,2.5904,0.1155,0.6389,0.156,0.4807
1	Round_3_Replicate_1	-4811.51	9635.02	12836.63	576.59	4.728,17.9243,0.3409,2.7806,0.3039,0.0043
1	Round_3_Replicate_9	-5562.15	11136.3	18912.91	435.52	3.3504,3.6119,0.7599,8.8335,0.4342,0.0092
1	Round_3_Replicate_9	-3639.64	7291.28	24214.76	1233.8	0.0067,0.3441,11.7792,3.3287,0.0112,0.0142
1	Round_2_Replicate_10	-4711.85	9435.7	7242.14	1415.64	0.0783,0.1322,0.0172,1.0591,0.0114,0.0931
1	Round_3_Replicate_4	-3960.54	7933.08	11691.31	946.36	0.0437,1.3191,9.4985,3.2452,0.0541,0.035
1	Round_2_Replicate_14	-6027.46	12066.92	12515.5	808.62	0.8381,0.3258,1.3757,2.8875,0.1648,0.2101
1	Round_2_Replicate_10	-10529.58	21071.16	40201.91	1265.21	18.3759,0.7093,0.2835,0.102,0.1565,0.104
1	Round_2_Replicate_4	-26175.29	52362.58	875201.36	983.76	3.5933,0.401,2.6623,0.3283,0.07,0.9896
1	Round_3_Replicate_13	-6770.79	13553.58	3614854385757.61	669.12	8.8225,18.3759,1.7264,1.3456,0.1307,0.0914
1	Round_3_Replicate_2	-4714.55	9441.1	111794606.52	794.77	8.0705,18.3759,0.1798,4.4415,0.085,0.0236
1	Round_2_Replicate_13	-5038.9	10089.8	11863.32	932.01	2.6945,4.3773,0.0819,1.6498,0.1196,0.1262
1	Round_3_Replicate_10	-3992.32	7996.64	65877.37	1020.95	0.3461,3.0914,0.0926,13.5996,0.036,0.0285
1	Round_3_Replicate_10	-3695.61	7403.22	36447.97	1180.39	0.01,0.8998,5.6288,3.2793,0.0139,0.0268
1	Round_2_Replicate_11	-5224.37	10460.74	12160.83	1185.92	0.0594,1.3485,0.0208,17.9243,0.0159,0.1039
1	Round_2_Replicate_11	-17546.63	35105.26	137995.41	1472.91	18.3759,0.7949,0.0962,0.1217,0.0889,0.9087
1	Round_2_Replicate_15	-6119.73	12251.46	6094068750472.79	1040.65	0.7044,1.288,1.2181,0.9498,0.0344,0.011
1	Round_3_Replicate_5	-4122.87	8257.74	38615.58	1257.64	0.0192,0.4421,17.9243,0.5158,0.0214,0.0706
1	Round_2_Replicate_5	-27741.74	55495.48	2.577816260709184e+17	599.39	9.4812,18.3759,4.3244,2.5551,0.1258,0.9897
1	Round_3_Replicate_14	-6418.97	12849.94	32313.06	537.67	5.4773,18.3759,0.6702,1.4239,0.6693,0.0588
1	Round_2_Replicate_14	-5475.14	10962.28	17249.82	1082.0	0.3083,1.2418,0.0305,5.143,0.0477,0.0419
1	Round_3_Replicate_3	-3718.53	7449.06	23457.19	949.33	3.1342,17.0542,0.2,0.6691,0.106,0.0092
1	Round_3_Replicate_11	-4923.7	9859.4	1045134.35	770.93	0.8797,8.9987,0.2995,18.3759,0.0827,0.0947
1	Round_3_Replicate_11	-5019.42	10050.84	4266305752.84	1223.72	0.0177,0.3003,7.9626,2.2882,0.0095,0.0675
1	Round_2_Replicate_12	-4006.87	8025.74	77768.96	1142.68	0.2227,0.9451,0.051,18.5041,0.0201,0.0466
1	Round_2_Replicate_12	-5844.36	11700.72	10821.0	872.91	3.922,2.4092,0.2755,1.2915,0.1745,0.3059
1	Round_3_Replicate_1	-5539.94	11091.88	15472.81	901.98	14.247,0.3227,0.1942,2.7275,0.2073,0.1043
1	Round_3_Replicate_6	-4297.83	8607.66	5954.67	1224.66	0.0333,0.1324,4.7924,2.7248,0.0321,0.0924
1	Round_2_Replicate_6	-23462.53	46937.06	4414310.87	780.99	1.303,3.4234,2.8217,0.8638,0.128,0.9893
1	Round_3_Replicate_15	-9106.58	18225.16	27148.73	454.04	10.4643,18.4814,4.3866,0.5786,0.5516,0.2444
1	Round_2_Replicate_15	-4014.01	8040.02	5477297.14	1061.18	2.5958,0.9805,0.0701,7.2848,0.0364,0.0139
1	Round_3_Replicate_4	-4386.44	8784.88	14855316.06	803.29	19.0643,18.8388,0.4273,0.7442,0.1388,0.0084
1	Round_3_Replicate_12	-4064.55	8141.1	23942.19	923.6	4.5076,5.1692,0.1206,1.7507,0.0889,0.0694
1	Round_2_Replicate_13	-43333.61	86679.22	30409218.29	1222.86	18.3759,10.7845,0.1855,0.1493,2.4877,0.9897
1	Round_3_Replicate_12	-7028.25	14068.5	40397.33	1192.17	0.0073,0.1881,15.2663,2.475,0.0519,0.1161
1	Round_2_Replicate_13	-12169.35	24350.7	495030.58	771.56	0.9638,1.2579,0.0672,2.9474,0.4553,0.039
1	Round_3_Replicate_7	-6030.88	12073.76	16866.77	817.78	0.0813,0.5389,17.3395,1.7486,0.1448,0.123
1	Round_3_Replicate_2	-7040.98	14093.96	29291.6	886.48	18.9164,0.6068,0.1528,2.0171,0.2814,0.2693
1	Round_2_Replicate_7	-14121.66	28255.32	92653.72	1045.68	4.0324,15.7538,0.8691,0.0641,0.3127,0.2371
1	Round_3_Replicate_1	-3677.99	7367.98	15107.79	1155.99	3.9189,0.529,0.0439,2.9485,0.0404,0.0031
1	Round_3_Replicate_5	-4761.08	9534.16	478285836.26	760.28	5.2435,15.6453,0.3931,2.24,0.1074,0.0192
1	Round_3_Replicate_13	-5338.96	10689.92	15595.47	435.63	4.4348,17.0542,1.2567,2.8488,0.506,0.0322
1	Round_2_Replicate_14	-24497.49	49006.98	9638311.18	884.26	5.3179,3.9608,1.3916,0.386,0.1033,0.9896
1	Round_3_Replicate_13	-7028.54	14069.08	54123.5	1019.4	0.0076,0.8181,5.5256,3.3548,0.0571,0.0298
1	Round_2_Replicate_14	-11116.89	22245.78	312558.45	1054.66	0.7833,0.0555,0.1794,4.1483,0.3209,0.048
1	Round_4_Replicate_1	-4340.55	8693.1	23087.63	643.93	2.3572,5.3877,0.6448,2.9942,0.2107,0.0171
1	Round_3_Replicate_3	-5867.09	11746.18	17367.53	920.33	18.3759,0.195,0.1696,3.9145,0.1878,0.1253
1	Round_3_Replicate_8	-4108.71	8229.42	8660.18	1074.56	0.0586,1.1404,14.32,0.5619,0.0566,0.0103
1	Round_2_Replicate_8	-11711.65	23435.3	51660.38	1087.84	0.2045,0.4341,4.2094,0.2369,0.1462,0.5139
1	Round_2_Replicate_15	-21304.3	42620.6	300029.9	1385.72	17.4838,15.0724,0.0922,0.1464,0.1882,0.9897
1	Round_3_Replicate_2	-4172.41	8356.82	202203.91	875.84	7.6073,3.3273,0.0771,13.1391,0.0693,0.0058
1	Round_3_Replicate_6	-4672.93	9357.86	1320376.06	718.13	6.0961,18.3759,0.9777,0.7677,0.1872,0.0333
1	Round_3_Replicate_14	-4412.9	8837.8	8538.37	741.24	0.5956,2.7317,1.1271,1.7892,0.1955,0.0186
1	Round_3_Replicate_14	-3943.58	7899.16	5419.24	1211.53	0.0074,0.7966,1.5008,2.6276,0.0136,0.0308
1	Round_2_Replicate_15	-12829.59	25671.18	248447.37	1255.58	0.2348,1.772,0.0338,0.7087,0.1484,0.4705
1	Round_3_Replicate_9	-5935.8	11883.6	14228.16	1102.03	0.0406,0.5586,17.3395,0.5016,0.0873,0.0969
1	Round_3_Replicate_4	-6364.43	12740.86	33123.01	878.61	8.223,0.8024,0.0579,4.1081,0.1953,0.0594
1	Round_2_Replicate_9	-29758.63	59529.26	1292016.53	714.9	0.2071,2.2779,10.1378,0.1744,0.519,0.9898
1	Round_3_Replicate_1	-7774.23	15560.46	1148191.68	759.78	1.3352,8.7823,0.6926,1.9804,0.1218,0.5128
1	Round_3_Replicate_7	-5782.42	11576.84	413548535310.96	906.16	15.5313,17.9042,0.1223,8.8526,0.0468,0.0423
1	Round_3_Replicate_15	-6378.67	12769.34	40616.25	616.96	0.8804,17.3395,0.39,1.886,0.3826,0.0372
1	Round_4_Replicate_2	-4270.91	8553.82	16233.72	713.47	2.53,6.2679,0.3341,3.0509,0.1648,0.0344
1	Round_3_Replicate_3	-3750.57	7513.14	46776.97	1217.86	9.7851,0.3356,0.0233,3.9485,0.0262,0.006
1	Round_3_Replicate_15	-3926.29	7864.58	8721.92	1327.12	0.0206,0.1179,1.4898,1.7538,0.0173,0.0462
1	Round_3_Replicate_1	-4795.82	9603.64	12026.08	1045.54	0.2218,0.5959,0.0738,9.2384,0.0602,0.0187
1	Round_3_Replicate_10	-7942.59	15897.18	58874.63	999.11	0.0151,0.7495,18.3759,1.0089,0.1057,0.1477
1	Round_3_Replicate_5	-8937.46	17886.92	88310.95	1136.57	7.6567,0.3804,0.0905,1.2102,0.3342,0.1857
1	Round_3_Replicate_2	-7301.67	14615.34	64419.63	652.38	7.8357,2.7949,0.4281,4.5593,0.1944,0.4505
1	Round_2_Replicate_10	-24815.22	49642.44	1075570.47	409.37	3.0742,9.4913,5.4635,2.99,0.3842,0.9893
1	Round_3_Replicate_8	-5090.76	10193.52	11897173841.92	896.82	6.5952,10.1382,0.217,1.9893,0.0632,0.044
1	Round_3_Replicate_4	-7627.19	15266.38	1.0137461856721194e+17	1067.15	3.4839,1.8842,0.1443,12.4939,0.019,0.0066
1	Round_3_Replicate_2	-4145.42	8302.84	62749.79	1147.57	0.1284,1.289,0.0599,18.3759,0.0179,0.0759
1	Round_4_Replicate_1	-3944.58	7901.16	120905.82	1119.04	0.1777,3.7348,0.055,17.7381,0.0197,0.0199
1	Round_4_Replicate_3	-4874.52	9761.04	12184.85	700.0	2.038,2.4881,0.6965,1.723,0.296,0.0247
1	Round_3_Replicate_11	-3790.38	7592.76	5347.77	1120.57	0.016,0.5104,11.8712,3.009,0.0303,0.0207
1	Round_3_Replicate_6	-6076.79	12165.58	867404253.55	1061.18	18.3759,1.0528,0.1832,0.906,0.0488,0.2293
1	Round_3_Replicate_3	-15040.76	30093.52	177898.37	1112.03	6.3303,1.2939,0.2881,0.3704,0.574,0.6718
1	Round_4_Replicate_1	-3678.97	7369.94	24804.21	1228.95	0.0076,0.2691,7.3089,6.665,0.0115,0.0237
1	Round_2_Replicate_11	-22849.76	45711.52	127428152.73	987.08	1.3176,0.8954,0.7897,1.1749,0.0605,0.9898
1	Round_3_Replicate_5	-3991.38	7994.76	8224.82	1042.03	0.6434,1.3246,0.0543,11.6038,0.0411,0.0084
1	Round_3_Replicate_3	-4327.39	8666.78	7746.15	1082.36	0.813,2.1334,0.0248,18.3759,0.0301,0.0164
1	Round_3_Replicate_9	-3936.32	7884.64	3036619.07	1018.88	19.8,19.8,0.0983,0.5914,0.0661,0.0215
1	Round_3_Replicate_7	-6289.47	12590.94	30052.99	765.21	9.2564,0.2627,0.2823,4.3696,0.3048,0.0499
1	Round_3_Replicate_4	-22541.0	45094.0	322871.21	691.72	1.3543,1.5505,0.2598,4.2277,0.2855,0.9893
1	Round_3_Replicate_12	-3722.73	7457.46	20184.18	1136.49	0.0199,0.8021,5.1279,2.2488,0.0241,0.0373
1	Round_2_Replicate_12	-23953.88	47919.76	11121767.4	961.87	0.537,3.7113,0.3099,0.5164,1.6614,0.496
1	Round_4_Replicate_4	-3843.33	7698.66	31373.59	914.65	1.9355,2.619,0.3337,1.2812,0.1099,0.0176
1	Round_4_Replicate_2	-3995.42	8002.84	53116.62	1067.78	0.3827,3.9993,0.0601,8.8555,0.0291,0.0312
1	Round_3_Replicate_6	-3742.95	7497.9	9748.0	1098.77	8.6809,0.2967,0.0739,4.6635,0.0606,0.0062
1	Round_3_Replicate_4	-4086.32	8184.64	3536192.36	1113.82	0.675,2.9394,0.0488,6.3902,0.0219,0.0255
1	Round_4_Replicate_2	-3634.94	7281.88	20404.95	1248.26	0.013,0.2305,10.4413,1.9142,0.0174,0.0089
1	Round_3_Replicate_5	-11129.14	22270.28	233122.55	735.66	7.6635,0.8403,0.1221,2.6983,0.6329,0.2969
1	Round_3_Replicate_8	-10385.62	20783.24	31476.98	1316.52	2.5685,0.1917,0.1173,0.8026,0.0894,0.672
1	Round_3_Replicate_13	-5047.02	10106.04	11943.48	1137.5	0.0175,0.3143,18.3759,1.462,0.0537,0.0725
1	Round_3_Replicate_10	-6573.67	13159.34	12769683961796.21	632.66	19.8,19.8,0.78,3.3252,0.1327,0.0057
1	Round_2_Replicate_13	-5138.23	10288.46	321382.33	913.12	0.5589,2.2273,0.601,1.8857,0.0804,0.2312
1	Round_3_Replicate_5	-4373.98	8759.96	7210.25	1030.59	0.6096,0.6978,0.0573,18.3759,0.0496,0.0551
1	Round_3_Replicate_7	-3822.2	7656.4	54713.76	1130.76	0.7588,1.7402,0.0389,3.7776,0.0262,0.0078
1	Round_4_Replicate_3	-3965.56	7943.12	102337.43	1084.44	0.1985,2.3343,0.0849,12.7322,0.026,0.0366
1	Round_3_Replicate_6	-5482.43	10976.86	8173.99	1116.35	3.0721,5.5556,0.1129,0.4791,0.0862,0.2972
1	Round_4_Replicate_5	-4583.35	9178.7	379359.71	679.31	3.318,2.6427,1.032,2.3606,0.1825,0.0401
1	Round_3_Replicate_14	-9811.6	19635.2	176550.98	912.06	0.0102,0.2573,18.3759,3.7394,0.1292,0.0408
1	Round_3_Replicate_9	-5424.66	10861.32	16429.72	1135.96	2.6052,0.9079,0.0672,1.5893,0.0466,0.3097
1	Round_3_Replicate_11	-4473.66	8959.32	59944136.62	816.57	17.0035,8.1685,0.1652,3.3131,0.0902,0.0156
1	Round_2_Replicate_14	-25009.98	50031.96	437092.41	445.0	0.818,1.6323,3.7668,3.0273,0.6207,0.9893
1	Round_4_Replicate_3	-3629.98	7271.96	19123.08	1207.19	0.0096,0.2689,12.1919,6.1908,0.0153,0.0165
1	Round_3_Replicate_6	-5435.64	10883.28	26993479969.58	1139.78	0.5637,0.3472,0.1265,16.6198,0.0191,0.102
1	Round_3_Replicate_8	-4490.67	8993.34	9048.51	874.5	2.0837,0.7263,0.0867,16.2354,0.1006,0.003
1	Round_3_Replicate_7	-7847.04	15706.08	28990.36	725.77	7.4674,1.9899,0.279,2.1288,0.3242,0.4391
1	Round_3_Replicate_15	-8525.02	17062.04	56508.04	1239.41	0.0218,0.1186,10.5666,0.8295,0.1035,0.1272
1	Round_3_Replicate_10	-6182.23	12376.46	22411.14	1255.14	3.2722,0.4563,0.1034,0.7638,0.1711,0.0723
1	Round_3_Replicate_12	-4500.36	9012.72	11023.29	604.17	17.9243,4.4315,0.4274,2.8091,0.2971,0.0249
1	Round_2_Replicate_15	-37901.13	75814.26	5394833.75	442.56	0.8941,18.3759,16.3326,0.0963,0.9322,0.9897
1	Round_3_Replicate_7	-7825.45	15662.9	3.6648765467251624e+16	1144.41	0.5291,1.4967,0.1335,7.9883,0.0105,0.0873
1	Round_4_Replicate_4	-3953.95	7919.9	41214.26	1030.24	0.6447,3.6521,0.0657,6.9392,0.0376,0.0198
1	Round_4_Replicate_6	-4963.94	9939.88	14459.97	754.54	2.0124,8.7556,0.3605,1.2099,0.2806,0.0414
1	Round_3_Replicate_9	-8010.29	16032.58	4.4787971455910816e+17	1102.68	4.7786,0.8055,0.1699,3.4356,0.0171,0.0079
1	Round_3_Replicate_8	-6025.0	12062.0	34772.21	1121.93	12.9644,1.6084,0.1053,0.6467,0.0688,0.3611
1	Round_4_Replicate_4	-3593.0	7198.0	51780.08	1205.41	0.0115,0.3708,7.8264,3.3748,0.0152,0.006
1	Round_3_Replicate_11	-6180.11	12372.22	22084.09	1185.12	11.3074,0.1831,0.1103,1.3382,0.1696,0.0624
1	Round_3_Replicate_13	-8019.61	16051.22	1.301567686864122e+17	792.79	6.5891,18.3759,0.8219,2.9664,0.0657,0.0107
1	Round_3_Replicate_1	-10389.98	20791.96	68772.42	601.04	0.2511,0.7327,1.7462,7.3533,0.2849,0.5898
1	Round_3_Replicate_8	-3879.85	7771.7	28702.33	1191.1	0.2316,0.3441,0.0576,9.7839,0.0223,0.0431
1	Round_3_Replicate_10	-5544.24	11100.48	1572813023925.08	1147.6	2.1718,0.7796,0.0719,4.0339,0.0166,0.0059
1	Round_4_Replicate_1	-3686.47	7384.94	21994.76	1140.01	0.0167,0.6714,6.9896,3.1668,0.0221,0.0284
1	Round_3_Replicate_9	-5017.09	10046.18	43572.94	767.81	2.3359,2.1209,0.6129,2.2485,0.1536,0.1794
1	Round_4_Replicate_5	-4028.95	8069.9	66062.6	1115.08	0.2474,3.9325,0.0451,18.5674,0.0205,0.0336
1	Round_4_Replicate_7	-4436.77	8885.54	35030.94	636.82	5.0148,5.4819,0.8691,1.8191,0.247,0.0161
1	Round_3_Replicate_12	-7206.02	14424.04	31465.17	1281.93	14.1161,1.352,0.0499,0.5454,0.1818,0.1874
1	Round_3_Replicate_14	-3763.71	7539.42	17481.5	895.88	4.0686,5.1884,0.2015,1.2682,0.1181,0.0083
1	Round_3_Replicate_2	-6917.19	13846.38	18597.68	659.93	0.8977,3.7321,0.5558,3.8206,0.214,0.386
1	Round_3_Replicate_9	-4840.24	9692.48	9971989123.65	1233.44	0.0964,0.2299,0.1028,6.9428,0.0088,0.0149
1	Round_3_Replicate_10	-5219.21	10450.42	879675.59	986.81	3.2479,2.8484,0.2816,0.8491,0.0814,0.2279
1	Round_3_Replicate_11	-6001.46	12014.92	26207.33	1157.55	3.2543,0.5991,0.0298,1.918,0.1038,0.0048
1	Round_4_Replicate_5	-3617.34	7246.68	11181.09	1223.26	0.0101,0.348,13.9412,2.0169,0.0168,0.012
1	Round_3_Replicate_15	-8779.0	17570.0	7.882920711814249e+18	858.95	12.7902,16.6999,0.4802,4.0861,0.0481,0.0062
1	Round_3_Replicate_13	-7288.31	14588.62	48062.9	1130.06	4.3592,0.4535,0.0466,6.004,0.0361,0.5173
1	Round_4_Replicate_2	-3785.74	7583.48	25521.4	1087.34	0.032,1.3377,5.613,1.3845,0.0338,0.0408
1	Round_4_Replicate_6	-3901.95	7815.9	155139.54	1022.22	0.2303,4.3777,0.1214,11.9583,0.034,0.0101
1	Round_3_Replicate_10	-6048.69	12109.38	1057201157395.39	1151.7	0.5204,0.49,0.1013,18.3759,0.0142,0.1112
1	Round_3_Replicate_11	-12140.16	24292.32	1167454669.84	728.64	7.2534,5.4284,0.4295,4.7776,0.1087,0.7609
1	Round_3_Replicate_3	-7081.73	14175.46	310221.83	788.02	0.2348,7.1942,1.2356,6.1792,0.0794,0.4423
1	Round_3_Replicate_12	-4763.06	9538.12	1149443589.19	1171.68	1.3405,0.2651,0.1675,2.1322,0.026,0.0077
1	Round_4_Replicate_8	-4318.43	8648.86	200115.7	666.44	5.2784,6.3333,0.5461,2.4389,0.1944,0.0206
1	Round_3_Replicate_14	-6093.86	12199.72	12852.26	861.84	10.96,0.2306,0.4149,2.6573,0.1675,0.1914
1	Round_4_Replicate_6	-3601.91	7215.82	9770.49	1212.88	0.0109,0.2595,15.0184,3.5326,0.0183,0.007
1	Round_3_Replicate_12	-7114.11	14240.22	72041023766.55	915.84	2.7561,6.5708,0.5395,1.0445,0.0637,0.3115
1	Round_3_Replicate_11	-4404.94	8821.88	107018.83	1219.67	0.056,2.0232,0.0277,18.3759,0.0077,0.0999
1	Round_3_Replicate_4	-9552.66	19117.32	101432.02	848.42	1.6988,5.0826,0.4221,1.4637,0.1131,0.6818
1	Round_3_Replicate_13	-3821.82	7655.64	43384.25	1080.16	2.5274,0.4185,0.0538,17.308,0.0412,0.015
1	Round_4_Replicate_1	-4007.55	8027.1	6002.04	997.33	2.1332,13.0074,0.2132,0.5092,0.1399,0.0047
1	Round_4_Replicate_7	-3830.44	7672.88	115448.83	1020.08	0.1952,1.4999,0.1777,13.8141,0.0377,0.0123
1	Round_4_Replicate_3	-3624.85	7261.7	11708.27	1200.32	0.0174,0.5196,3.0829,1.6193,0.0205,0.0179
1	Round_3_Replicate_12	-4314.7	8641.4	6515599.54	1140.66	0.2788,2.1266,0.0525,18.3759,0.0163,0.0599
1	Round_3_Replicate_15	-3878.23	7768.46	24077.02	1162.16	3.1997,1.4394,0.0508,1.0623,0.0408,0.0531
1	Round_4_Replicate_9	-4081.38	8174.76	10352.38	784.11	4.1749,3.8362,0.2622,2.2436,0.1582,0.0329
1	Round_3_Replicate_13	-19101.67	38215.34	135566.63	872.69	3.95,1.6011,0.2015,3.0544,0.109,0.9749
1	Round_3_Replicate_5	-4687.35	9386.7	25981.09	1136.9	0.2406,1.0066,0.1694,1.5558,0.0374,0.2076
1	Round_3_Replicate_14	-3765.4	7542.8	6131.38	979.4	1.5365,1.6565,0.1337,2.1121,0.0878,0.0034
1	Round_4_Replicate_7	-3659.09	7330.18	18055.28	1221.24	0.0071,0.5811,10.2379,2.0896,0.012,0.0193
1	Round_4_Replicate_2	-3754.16	7520.32	13866.55	960.57	2.3309,17.5105,0.2481,0.5626,0.1126,0.0083
1	Round_3_Replicate_13	-3915.21	7842.42	251688.25	1041.78	0.5448,1.8802,0.0772,14.6892,0.0339,0.0114
1	Round_3_Replicate_14	-4022.71	8057.42	8162.42	1145.91	5.4525,1.6289,0.0666,0.8359,0.059,0.08
1	Round_3_Replicate_6	-4968.36	9948.72	8418.81	955.84	0.2583,0.8608,1.4891,1.0384,0.1212,0.1158
1	Round_4_Replicate_8	-3937.23	7886.46	245347.96	1065.82	0.6818,1.9446,0.0574,14.2562,0.0301,0.0143
1	Round_3_Replicate_15	-6821.57	13655.14	1760469716175407.2	1109.66	8.1046,3.5267,0.0643,4.749,0.0156,0.0054
1	Round_4_Replicate_4	-3725.87	7463.74	24731.11	1085.04	0.0216,1.2659,4.6408,3.8952,0.0261,0.0291
1	Round_4_Replicate_10	-4363.63	8739.26	9156.79	674.11	2.5692,4.975,0.4671,2.5287,0.2274,0.0234
1	Round_4_Replicate_1	-3822.49	7656.98	51664.63	1176.85	3.4992,1.6754,0.0503,0.8395,0.0383,0.0388
1	Round_3_Replicate_15	-9304.25	18620.5	64437.04	778.33	2.2137,4.8898,0.9238,0.4683,0.6256,0.103
1	Round_3_Replicate_14	-4301.28	8614.56	76553.85	942.02	0.7098,1.4318,0.1378,17.9243,0.0549,0.0819
1	Round_3_Replicate_7	-5483.05	10978.1	122585296.33	749.37	1.4839,9.1604,0.4649,7.3942,0.0914,0.1375
1	Round_4_Replicate_8	-3602.54	7217.08	22828.25	1214.16	0.0075,0.3412,9.8464,6.0317,0.0124,0.006
1	Round_4_Replicate_3	-4269.36	8550.72	6254.93	997.56	4.6498,16.0649,0.243,0.3958,0.1645,0.0136
1	Round_4_Replicate_1	-3654.59	7321.18	26997.01	1116.37	4.3741,0.5094,0.0647,3.1491,0.0491,0.0011
1	Round_4_Replicate_9	-3900.29	7812.58	84835.65	1047.72	0.1619,3.3451,0.1461,6.6698,0.0321,0.0316
1	Round_3_Replicate_15	-4317.49	8646.98	8596.01	991.59	0.1718,1.0385,0.1441,6.9505,0.0632,0.0102
1	Round_4_Replicate_5	-3730.52	7473.04	48675.82	1062.85	0.0255,1.6224,10.3481,2.0623,0.0312,0.023
1	Round_4_Replicate_11	-3931.11	7874.22	6791.16	870.67	1.6615,6.0144,0.3308,1.0725,0.1461,0.0177
1	Round_4_Replicate_1	-4220.86	8453.72	11946.57	1149.89	2.8193,2.9104,0.0941,0.5532,0.06,0.1149
1	Round_3_Replicate_8	-4122.86	8257.72	22741.31	1061.96	0.1711,2.3165,0.1722,3.0001,0.0371,0.0993
1	Round_4_Replicate_2	-3960.79	7933.58	5339.51	1230.31	3.5256,0.9227,0.0703,0.6321,0.0554,0.0439
1	Round_4_Replicate_9	-3601.52	7215.04	18563.01	1173.77	0.0134,0.5932,7.4975,2.4755,0.0191,0.0112
1	Round_3_Replicate_9	-12968.42	25948.84	59987.99	950.64	0.2117,0.7461,0.7742,1.6567,0.1381,0.8338
1	Round_4_Replicate_4	-3620.47	7252.94	23750.69	1043.3	1.6095,8.9414,0.1506,0.6325,0.0737,0.003
1	Round_4_Replicate_2	-3700.51	7413.02	28375.27	1205.39	2.2949,0.2889,0.0349,5.4949,0.0287,0.0015
1	Round_4_Replicate_10	-3769.06	7550.12	81591.96	1067.15	0.1396,1.8786,0.1535,7.3645,0.0308,0.0113
1	Round_4_Replicate_1	-3745.67	7503.34	57960.63	1197.81	0.2184,0.2205,0.0905,11.1368,0.0249,0.0219
1	Round_4_Replicate_6	-3764.09	7540.18	16948.4	1063.07	0.0222,1.0971,7.9493,3.9996,0.0301,0.0317
1	Round_4_Replicate_2	-3973.24	7958.48	8941.46	1197.08	6.5882,1.0893,0.0586,0.7493,0.0517,0.0637
1	Round_4_Replicate_12	-4222.12	8456.24	30946.85	779.38	2.1038,3.3592,0.663,1.5202,0.1605,0.0412
1	Round_4_Replicate_3	-3759.91	7531.82	15883.38	1195.87	1.8665,0.8744,0.057,1.0768,0.0394,0.0287
1	Round_3_Replicate_10	-5121.69	10255.38	153314588.76	893.03	1.4776,1.3809,1.4754,1.1372,0.0804,0.0539
1	Round_4_Replicate_10	-3612.45	7236.9	18288.32	1225.03	0.0102,0.2436,6.9325,4.9909,0.0147,0.0127
1	Round_4_Replicate_5	-3981.24	7974.48	6267.99	999.55	2.4692,15.0593,0.1388,0.595,0.1235,0.0104
1	Round_4_Replicate_3	-3680.55	7373.1	21173.53	1187.32	3.0343,0.2726,0.0559,3.7525,0.0392,0.0028
1	Round_4_Replicate_11	-3993.52	7999.04	175196.22	1006.31	0.6722,2.6359,0.0797,17.3235,0.0386,0.0163
1	Round_4_Replicate_2	-3790.48	7592.96	172596.79	1117.09	0.3728,0.463,0.0884,13.8437,0.0301,0.0174
1	Round_4_Replicate_7	-3684.43	7380.86	44579.31	1154.46	0.0136,1.5715,9.531,1.4205,0.0187,0.0268
1	Round_4_Replicate_3	-3998.91	8009.82	23908.17	1195.14	10.3648,3.0939,0.0384,0.5414,0.0402,0.0719
1	Round_3_Replicate_11	-7720.78	15453.56	608002278121248.6	825.06	1.4717,3.4365,1.6933,3.9032,0.0617,0.1453
1	Round_4_Replicate_13	-4273.26	8558.52	21166.61	745.32	2.0499,5.622,0.7258,1.3781,0.1824,0.0419
1	Round_4_Replicate_4	-3759.67	7531.34	15921.3	1109.3	6.174,2.5978,0.0458,1.177,0.0481,0.0219
1	Round_4_Replicate_11	-3636.71	7285.42	39046.02	1234.74	0.0072,0.2882,6.2634,5.5264,0.0105,0.011
1	Round_4_Replicate_6	-3799.01	7610.02	15727.13	1009.49	5.6353,19.5997,0.1947,0.4175,0.1098,0.0043
1	Round_3_Replicate_12	-5769.35	11550.7	4513117662.37	880.13	0.3666,2.5762,2.0384,2.8196,0.0605,0.1615
1	Round_4_Replicate_4	-3680.18	7372.36	55195.92	1075.61	4.9478,0.6277,0.0767,3.293,0.0542,0.0027
1	Round_4_Replicate_4	-3887.0	7786.0	12039.89	1010.51	3.7191,1.6409,0.1426,1.3664,0.087,0.0498
1	Round_4_Replicate_12	-3956.48	7924.96	45664.43	1028.77	0.365,3.5939,0.0805,11.0083,0.0353,0.0194
1	Round_4_Replicate_3	-3771.03	7554.06	12397.83	1219.39	0.3484,0.2715,0.0564,5.2889,0.0262,0.0246
1	Round_4_Replicate_8	-3739.37	7490.74	16195.87	1115.1	0.0191,0.8414,5.1106,3.522,0.0245,0.0377
1	Round_4_Replicate_14	-3991.14	7994.28	40066.81	808.6	1.7486,5.7493,0.3317,2.04,0.1249,0.0264
1	Round_4_Replicate_5	-4018.56	8049.12	108257.78	1079.22	4.8167,1.4111,0.0693,1.8587,0.0496,0.0728
1	Round_3_Replicate_13	-4992.55	9997.1	10989720.49	1087.47	0.3204,0.7088,0.2212,4.7262,0.0322,0.1894
1	Round_4_Replicate_7	-3810.81	7633.62	34471.34	881.66	3.5513,16.2264,0.1555,1.2861,0.1018,0.0086
1	Round_4_Replicate_12	-3674.17	7360.34	55688.88	1238.22	0.0064,0.5499,6.4993,1.9586,0.0094,0.0151
1	Round_4_Replicate_5	-3683.99	7379.98	29770.5	1149.23	5.2009,0.4488,0.0437,3.9132,0.0394,0.0029
1	Round_4_Replicate_5	-4114.39	8240.78	18660.41	1167.11	2.9624,2.1948,0.1292,0.4513,0.063,0.0666
1	Round_4_Replicate_13	-4045.16	8102.32	66206.98	937.32	0.5576,2.8477,0.1589,7.0784,0.0571,0.039
1	Round_4_Replicate_9	-3859.9	7731.8	11459.4	1093.75	0.0288,0.6862,3.317,3.4699,0.0313,0.0605
1	Round_4_Replicate_4	-3740.82	7493.64	21179.66	1172.57	0.2696,0.3903,0.0733,6.5407,0.0277,0.0206
1	Round_3_Replicate_14	-14398.06	28808.12	13517025.16	969.19	0.441,2.0825,0.7598,1.5448,0.0578,0.8844
1	Round_4_Replicate_15	-4134.54	8281.08	6981.49	837.94	2.2764,7.1007,0.3388,1.062,0.1724,0.0385
1	Round_4_Replicate_6	-3945.41	7902.82	9241.09	1167.43	2.7654,1.2251,0.0976,0.7179,0.0597,0.0564
1	Round_4_Replicate_8	-4093.84	8199.68	11118284.56	860.21	4.2304,18.9557,0.2835,1.0912,0.0968,0.0058
1	Round_3_Replicate_15	-8609.23	17230.46	23432.32	724.87	1.1912,0.735,1.2788,4.034,0.1645,0.566
1	Round_4_Replicate_13	-3621.81	7255.62	8452.98	1207.26	0.0085,0.6075,6.0686,2.2761,0.0145,0.0073
1	Round_4_Replicate_6	-4176.28	8364.56	11052.71	1141.72	4.3966,1.8466,0.0394,1.2674,0.0408,0.1033
1	Round_4_Replicate_14	-4032.63	8077.26	279648.92	957.07	0.5035,3.7653,0.1345,12.3002,0.0466,0.0185
1	Round_4_Replicate_6	-3676.04	7364.08	19096.92	1120.25	2.2071,0.3986,0.0633,5.4316,0.0446,0.0023
1	Round_4_Replicate_10	-3656.75	7325.5	16430.52	1127.22	0.0251,0.4671,5.2607,3.1695,0.0287,0.0177
1	Round_4_Replicate_5	-3802.2	7616.4	40118.59	1198.28	0.2711,0.5811,0.0419,4.6416,0.0196,0.016
1	Round_4_Replicate_16	-4362.56	8737.12	7803.82	787.53	1.8348,8.6291,0.5485,0.9475,0.217,0.031
1	Round_4_Replicate_7	-3791.86	7595.72	15274.65	1204.57	6.0752,1.1482,0.053,0.7299,0.0455,0.0293
1	Round_4_Replicate_9	-3693.27	7398.54	73414.43	997.64	2.2002,11.0461,0.1187,0.9606,0.068,0.0082
1	Round_4_Replicate_7	-3992.9	7997.8	10013.57	1142.74	10.0889,1.8779,0.0926,0.5911,0.072,0.055
1	Round_4_Replicate_14	-3624.93	7261.86	16032.27	1184.39	0.0107,0.5071,14.2467,2.7136,0.0176,0.0154
1	Round_4_Replicate_1	-4267.92	8547.84	22323.65	1027.22	0.1604,3.4223,0.3074,1.9221,0.0457,0.1315
1	Round_4_Replicate_15	-3912.69	7837.38	69513.36	1000.82	0.2823,2.8375,0.1517,6.5784,0.0426,0.028
1	Round_4_Replicate_7	-3660.62	7333.24	19925.24	1122.65	3.2541,0.424,0.0642,3.9935,0.0474,0.0013
1	Round_4_Replicate_6	-3875.63	7763.26	17575.94	1251.48	0.1715,0.1991,0.0779,5.0409,0.0222,0.0501
1	Round_4_Replicate_8	-3880.88	7773.76	17239.9	1252.45	4.077,1.0128,0.0319,0.6911,0.0302,0.041
1	Round_4_Replicate_11	-3671.95	7355.9	26257.4	1189.38	0.0157,0.5316,6.0306,1.8384,0.0194,0.0271
1	Round_4_Replicate_17	-3785.33	7582.66	60004.97	893.76	1.8646,5.0957,0.2681,1.4017,0.1032,0.0107
1	Round_4_Replicate_10	-3742.11	7496.22	10847.87	935.05	3.1298,14.6053,0.1734,0.8057,0.1103,0.0113
1	Round_4_Replicate_8	-3998.54	8009.08	16187.29	1199.59	3.6993,1.7791,0.0737,0.5297,0.0502,0.0659
1	Round_4_Replicate_15	-3586.2	7184.4	27004.49	1211.78	0.0107,0.5244,7.5072,1.834,0.0152,0.0068
1	Round_4_Replicate_2	-4348.27	8708.54	6660.03	1043.03	0.1816,1.8095,0.1142,5.4287,0.0418,0.106
1	Round_4_Replicate_16	-3991.54	7995.08	68669.91	1103.04	0.461,5.1314,0.0408,7.2517,0.0236,0.0251
1	Round_4_Replicate_7	-3865.17	7742.34	24082.74	1161.38	0.1843,0.4569,0.0613,16.7082,0.0225,0.0329
1	Round_4_Replicate_8	-3666.95	7345.9	15784.53	1187.86	7.1816,0.4443,0.0469,1.9458,0.0428,0.0029
1	Round_4_Replicate_18	-4569.04	9150.08	9296.1	736.15	2.6654,3.2186,0.9885,1.1602,0.215,0.0331
1	Round_4_Replicate_9	-3840.58	7693.16	11455.22	1234.31	3.9238,1.3271,0.0565,0.539,0.0442,0.0322
1	Round_4_Replicate_12	-3786.64	7585.28	28671.59	1057.92	0.029,1.1571,7.7751,2.4759,0.0339,0.0358
1	Round_4_Replicate_9	-3872.16	7756.32	30968.09	1157.81	3.7,2.3473,0.0422,0.9407,0.0374,0.0473
1	Round_4_Replicate_11	-3776.33	7564.66	44881.63	892.43	2.1409,16.4674,0.1945,1.1501,0.0987,0.0085
1	Round_4_Replicate_17	-3998.38	8008.76	23601.08	1062.83	0.2178,2.2206,0.0807,15.7403,0.0301,0.038
1	Round_4_Replicate_3	-3909.31	7830.62	19155.71	1015.26	0.1437,1.8364,0.2726,4.7405,0.0439,0.0509
1	Round_4_Replicate_16	-3642.16	7296.32	24850.15	1175.17	0.0128,0.4889,7.166,3.7884,0.0178,0.0201
1	Round_4_Replicate_8	-4005.73	8023.46	18411.99	1219.27	0.2023,0.3096,0.0378,11.7911,0.0174,0.0566
1	Round_4_Replicate_9	-3698.39	7408.78	15134.46	1184.14	6.0355,0.4037,0.067,1.6221,0.0489,0.0029
1	Round_4_Replicate_10	-3781.35	7574.7	12791.01	1216.48	1.7073,1.4791,0.0766,0.5532,0.0453,0.0254
1	Round_4_Replicate_19	-4396.6	8805.2	18791.49	714.46	1.9117,5.3057,0.9215,1.4375,0.199,0.0441
1	Round_4_Replicate_10	-4107.95	8227.9	30663.97	1170.63	8.2178,2.0069,0.0997,0.4604,0.0616,0.0605
1	Round_4_Replicate_13	-3869.68	7751.36	7507.78	1086.17	0.019,1.2846,7.6667,2.4114,0.0292,0.0554
1	Round_4_Replicate_12	-3927.91	7867.82	18646.69	991.7	3.3989,11.7972,0.2923,0.4384,0.1144,0.0078
1	Round_4_Replicate_18	-3917.62	7847.24	34413.65	1057.03	0.2475,2.1005,0.0796,17.9362,0.0309,0.0175
1	Round_4_Replicate_4	-3809.77	7631.54	30217.16	1070.02	0.2459,2.2557,0.1482,2.2398,0.0399,0.0399
1	Round_4_Replicate_17	-3652.68	7317.36	38963.88	1216.65	0.0059,0.6629,19.0449,2.5935,0.0105,0.0129
1	Round_4_Replicate_9	-3725.57	7463.14	17887.3	1201.58	0.202,0.2578,0.0926,6.5816,0.0271,0.0232
1	Round_4_Replicate_10	-3669.0	7350.0	24679.23	1052.9	2.8144,0.9916,0.0869,2.6076,0.0591,0.0047
1	Round_4_Replicate_11	-3856.77	7725.54	46752.2	1139.96	1.9683,1.169,0.0594,1.5645,0.0394,0.0473
1	Round_4_Replicate_20	-4836.74	9685.48	21179446.51	664.21	4.5457,4.5721,0.9094,2.6498,0.1657,0.0427
1	Round_4_Replicate_11	-3991.44	7994.88	10757.96	1079.71	9.8368,3.3289,0.085,0.7464,0.0763,0.074
1	Round_4_Replicate_13	-4506.42	9024.84	9885.8	1030.77	1.6838,15.5135,0.1441,0.5024,0.1506,0.012
1	Round_4_Replicate_14	-3732.99	7477.98	28777.84	1195.2	0.0127,0.6318,2.7465,2.7675,0.0149,0.0392
1	Round_4_Replicate_19	-3957.94	7927.88	41585.4	1067.7	0.4462,4.5422,0.0493,11.934,0.0285,0.0103
1	Round_4_Replicate_5	-3951.51	7915.02	12329.79	982.98	0.2325,1.9452,0.2818,3.1976,0.0582,0.0592
1	Round_4_Replicate_18	-3652.71	7317.42	69615.77	1261.07	0.0083,0.2521,12.1681,1.9423,0.0116,0.0107
1	Round_4_Replicate_12	-3864.98	7741.96	60868.94	1044.98	4.1073,2.7979,0.0773,1.4946,0.0569,0.045
1	Round_4_Replicate_11	-3662.81	7337.62	37438.03	1105.67	4.5559,0.8926,0.0594,2.2547,0.0481,0.0037
1	Round_4_Replicate_10	-3815.66	7643.32	118927.14	1194.21	0.4209,0.4812,0.0455,4.9695,0.0212,0.0208
1	Round_4_Replicate_12	-3786.86	7585.72	9444.8	1151.98	3.1471,3.0942,0.0798,0.574,0.059,0.0334
1	Round_4_Replicate_14	-3792.94	7597.88	6130.46	958.31	3.0099,7.5677,0.1799,0.7976,0.1206,0.0096
1	Round_4_Replicate_15	-3704.37	7420.74	8500.35	1088.17	0.0285,0.6774,2.9637,3.7634,0.0326,0.0236
1	Round_4_Replicate_6	-4096.58	8205.16	6414.12	1087.8	0.204,2.0235,0.149,1.6721,0.0448,0.095
1	Round_4_Replicate_20	-4013.09	8038.18	88706.18	1006.18	0.2929,4.5335,0.1173,10.0335,0.0376,0.0337
1	Round_4_Replicate_19	-3630.16	7272.32	16776.07	1239.95	0.008,0.2172,15.9283,4.4019,0.0134,0.0146
1	Round_4_Replicate_13	-3802.68	7617.36	16391.21	1116.06	6.8027,2.9994,0.0841,0.6528,0.0661,0.0366
1	Round_4_Replicate_12	-3726.06	7464.12	42995.11	1051.46	7.2363,0.8317,0.0566,4.5375,0.0524,0.0017
1	Round_4_Replicate_13	-3871.21	7754.42	21045.0	1101.43	3.6343,1.2691,0.0777,1.3889,0.0559,0.0547
1	Round_4_Replicate_11	-3810.0	7632.0	19456.03	1171.13	0.3085,0.4749,0.0591,6.1252,0.0264,0.0294
1	Round_4_Replicate_15	-3958.79	7929.58	317441.62	790.36	5.8699,15.4337,0.3278,1.2052,0.1431,0.004
1	Round_4_Replicate_16	-3699.82	7411.64	24580.32	1171.4	0.0196,0.5149,5.2958,2.0297,0.0226,0.0319
1	Round_4_Replicate_7	-3864.45	7740.9	34212.85	1064.53	0.1743,3.208,0.2262,1.611,0.0407,0.0579
1	Round_4_Replicate_20	-3614.49	7240.98	32673.15	1182.97	0.0082,0.4941,17.1538,6.4852,0.014,0.0078
1	Round_4_Replicate_14	-4199.75	8411.5	50533.55	1203.49	5.6362,1.8504,0.0719,0.4774,0.047,0.0929
1	Round_4_Replicate_13	-3660.14	7332.28	20662.5	1202.41	3.0962,0.4316,0.0493,1.9364,0.0375,0.002
1	Round_4_Replicate_14	-3797.02	7606.04	24300.84	1189.62	5.2803,2.0619,0.0661,0.541,0.0494,0.0284
1	Round_4_Replicate_12	-3802.54	7617.08	49915.92	1254.91	0.2988,0.2269,0.0348,6.4669,0.0166,0.0157
1	Round_4_Replicate_16	-3958.31	7928.62	5999.43	971.72	1.7747,15.2932,0.1902,0.6205,0.1247,0.0248
1	Round_4_Replicate_17	-3662.96	7337.92	34606.03	1099.66	0.0209,1.1033,4.9667,3.523,0.0249,0.0174
1	Round_4_Replicate_8	-4295.53	8603.06	21310.0	960.2	0.1979,3.1358,0.2793,5.053,0.0516,0.1098
1	Round_4_Replicate_15	-3927.27	7866.54	18319.99	1122.33	3.513,1.4731,0.1144,0.785,0.0652,0.0544
1	Round_4_Replicate_14	-3713.53	7439.06	16385.24	1048.81	2.1874,0.6502,0.0826,4.884,0.0567,0.0056
1	Round_4_Replicate_15	-4109.04	8230.08	10709.84	1264.9	4.9561,0.7639,0.0267,0.7998,0.0287,0.0825
1	Round_4_Replicate_13	-3918.92	7849.84	143356.04	1185.32	0.2174,0.2473,0.0788,18.9391,0.0221,0.0485
1	Round_4_Replicate_17	-3669.76	7351.52	21028.2	1094.74	4.9879,19.5257,0.0879,0.4197,0.0678,0.0113
1	Round_4_Replicate_18	-3696.17	7404.34	39082.43	1095.77	0.029,0.8783,7.5813,1.8626,0.0317,0.0193
1	Round_4_Replicate_9	-4037.65	8087.3	17118.52	1109.15	0.0724,1.2731,0.3273,2.672,0.0306,0.098
1	Round_4_Replicate_16	-4083.67	8179.34	11674.96	1201.23	7.403,1.6736,0.063,0.5457,0.0529,0.0804
1	Round_4_Replicate_15	-3682.03	7376.06	9421.41	1148.83	4.5734,0.3452,0.0634,3.1754,0.0507,0.0038
1	Round_4_Replicate_16	-3737.03	7486.06	50138.65	1113.7	2.0515,2.626,0.0617,1.1622,0.0426,0.0216
1	Round_4_Replicate_18	-3817.43	7646.86	9242.74	952.54	4.4541,14.5858,0.2074,0.5982,0.1249,0.0158
1	Round_4_Replicate_19	-3675.42	7362.84	16104.84	1091.21	0.0273,0.7123,6.7971,2.5161,0.0327,0.0163
1	Round_4_Replicate_14	-3961.97	7935.94	6262.58	1185.93	0.2858,0.2292,0.0755,10.4731,0.0324,0.0597
1	Round_4_Replicate_10	-4253.72	8519.44	10868.25	1046.65	0.2528,4.1617,0.1143,2.6627,0.0399,0.1107
1	Round_4_Replicate_17	-3809.33	7630.66	11365.03	1187.48	2.7697,1.8677,0.0589,0.6688,0.0459,0.0384
1	Round_4_Replicate_17	-3913.28	7838.56	9489.32	1190.02	2.127,2.8018,0.0431,0.6581,0.038,0.0544
1	Round_4_Replicate_16	-3686.25	7384.5	23633.41	1226.06	3.5298,0.3024,0.04,2.6234,0.0325,0.0023
1	Round_4_Replicate_19	-3717.7	7447.4	83336.63	942.15	2.8325,12.2278,0.1643,0.9847,0.0873,0.0067
1	Round_4_Replicate_15	-3863.27	7738.54	17059.44	1206.46	0.1932,0.2067,0.0859,11.3947,0.0255,0.0496
1	Round_4_Replicate_11	-4002.34	8016.68	14421.27	1118.17	0.1957,2.0905,0.1132,1.7965,0.0331,0.0808
1	Round_4_Replicate_20	-3688.77	7389.54	11580.86	1155.2	0.0113,1.6044,4.1007,2.471,0.0169,0.0232
1	Round_4_Replicate_18	-3820.28	7652.56	36623.09	1174.22	9.3174,2.1458,0.0666,0.555,0.0525,0.0303
1	Round_4_Replicate_18	-3795.78	7603.56	25779.78	1210.9	1.6832,0.735,0.0397,1.4053,0.0298,0.0291
1	Round_4_Replicate_20	-3903.78	7819.56	142253.47	827.41	3.2334,18.9557,0.2798,1.171,0.1231,0.0139
1	Round_4_Replicate_17	-3687.47	7386.94	9631.88	1190.15	2.0565,0.3317,0.0432,4.0642,0.0361,0.0016
1	Round_4_Replicate_16	-3734.36	7480.72	36117.03	1223.91	0.2826,0.261,0.064,5.229,0.0235,0.0179
1	Round_4_Replicate_12	-4440.62	8893.24	69982.61	1016.06	0.3383,2.8483,0.1548,3.8845,0.043,0.141
1	Round_4_Replicate_19	-3883.0	7778.0	8523.43	1027.61	8.5231,2.5466,0.0976,1.0835,0.0874,0.0497
1	Round_5_Replicate_1	-3600.16	7212.32	28295.68	1044.87	0.566,5.0071,0.1611,1.0168,0.0574,0.0001
1	Round_4_Replicate_19	-3848.94	7709.88	81132.99	1044.74	4.3393,2.469,0.0856,1.4416,0.0591,0.0425
1	Round_4_Replicate_18	-3668.98	7349.96	28429.93	1071.25	8.6105,0.974,0.0647,2.2624,0.0582,0.0044
1	Round_4_Replicate_17	-3766.61	7545.22	49809.37	1144.31	0.3013,0.4132,0.0784,11.0237,0.0283,0.0211
1	Round_4_Replicate_13	-3819.28	7650.56	60192.09	1068.64	0.2272,3.4777,0.166,1.7399,0.0386,0.0417
1	Round_4_Replicate_20	-4252.74	8517.48	11633.78	1124.01	11.8469,1.8088,0.114,0.5738,0.0791,0.0889
1	Round_4_Replicate_20	-4057.0	8126.0	11891.07	1141.03	2.7537,0.7914,0.1324,0.9085,0.0648,0.0662
1	Round_4_Replicate_19	-3691.46	7394.92	19289.68	1088.93	2.3693,0.4717,0.0702,5.5278,0.0494,0.0036
1	Round_5_Replicate_1	-3556.75	7125.5	19758.58	1213.83	0.0119,0.3958,5.8602,2.3264,0.0164,0.0001
1	Round_4_Replicate_14	-4118.16	8248.32	75109.43	1029.36	0.2915,2.439,0.2178,2.2692,0.0467,0.0967
1	Round_5_Replicate_1	-3541.86	7095.72	20706.2	1152.16	0.073,1.3007,0.4058,1.1081,0.0321,0.0002
1	Round_4_Replicate_18	-3709.96	7431.92	18856.07	1186.34	0.3819,0.2072,0.082,10.7865,0.0312,0.0145
1	Round_4_Replicate_20	-3732.96	7477.92	9882.46	1277.37	3.3476,0.2782,0.0384,1.5403,0.0321,0.004
1	Round_4_Replicate_15	-3939.79	7891.58	38245.94	1097.58	0.1314,4.1395,0.1267,2.5032,0.0279,0.0568
1	Round_4_Replicate_19	-3931.39	7874.78	28932.51	1151.19	0.2443,0.3493,0.0894,11.8232,0.0286,0.0606
1	Round_4_Replicate_16	-3897.91	7807.82	8282.39	1142.87	0.2108,1.4415,0.0993,1.6625,0.034,0.0586
1	Round_4_Replicate_20	-3841.79	7695.58	45559.03	1108.75	0.395,0.5818,0.0819,9.6619,0.0327,0.0338
1	Round_4_Replicate_17	-4128.16	8268.32	5798.6	1156.55	0.0688,1.1649,0.2047,1.6829,0.0305,0.1058
1	Round_4_Replicate_18	-3967.77	7947.54	93572.19	1080.53	0.2726,1.4401,0.1403,3.2552,0.036,0.0659
1	Round_5_Replicate_1	-3548.51	7109.02	22236.85	1179.6	0.0171,0.9566,3.6172,1.2523,0.0203,0.0001
1	Round_4_Replicate_19	-3996.6	8005.2	44790.88	1122.88	0.1982,1.4791,0.0804,4.7183,0.0256,0.0624
1	Round_5_Replicate_1	-3602.01	7216.02	21475.5	1092.86	2.2279,3.3032,0.0963,0.8175,0.0602,0.0001
1	Round_5_Replicate_1	-3578.44	7168.88	21079.42	1109.27	0.5626,3.269,0.1382,0.7893,0.051,0.0001
1	Round_5_Replicate_2	-3585.14	7182.28	19785.93	1087.03	0.7003,2.328,0.1458,1.0071,0.0564,0.0002
1	Round_4_Replicate_20	-4297.49	8606.98	27571.63	999.49	0.2946,1.844,0.3076,2.3155,0.0581,0.1322
1	Round_5_Replicate_1	-3603.07	7218.14	24179.27	1052.52	1.6232,9.2298,0.1211,0.6791,0.0665,0.0001
1	Round_5_Replicate_2	-3543.57	7099.14	21427.61	1165.93	0.026,0.745,1.1429,2.1336,0.0225,0.0001
1	Round_5_Replicate_2	-3560.67	7133.34	16950.5	1118.16	0.1713,1.4104,0.27,1.1686,0.0436,0.001
1	Round_5_Replicate_1	-3605.77	7223.54	11012.73	1160.44	0.4241,0.4314,0.1323,2.3143,0.0434,0.0002
1	Round_5_Replicate_1	-3550.05	7112.1	17746.05	1137.38	0.1272,1.588,0.2938,0.9884,0.0389,0.0001
1	Round_5_Replicate_2	-3538.76	7089.52	19181.88	1164.78	0.0384,0.8065,0.7438,1.6304,0.0261,0.0001
1	Round_5_Replicate_2	-3583.71	7179.42	26293.68	1080.11	0.4445,18.3791,0.1638,0.5265,0.053,0.0017
1	Round_5_Replicate_2	-3593.24	7198.48	19115.12	1099.84	1.1148,1.8702,0.1132,1.0735,0.0556,0.0001
1	Round_5_Replicate_2	-3609.67	7231.34	18400.68	1119.66	3.1259,1.8659,0.0807,0.9292,0.0567,0.0001
1	Round_5_Replicate_3	-3550.5	7113.0	22656.66	1206.6	0.016,0.7729,3.1611,1.0879,0.0185,0.0001
1	Round_5_Replicate_3	-3606.07	7224.14	18308.37	1099.11	2.3744,1.8142,0.0961,1.032,0.0601,0.0003
1	Round_5_Replicate_1	-3583.71	7179.42	20084.98	1115.55	0.4931,2.4506,0.1476,0.8562,0.05,0.002
1	Round_5_Replicate_3	-3585.05	7182.1	24521.03	1145.22	0.0262,1.8086,0.6299,2.2587,0.0205,0.0001
1	Round_5_Replicate_2	-3581.56	7175.12	13843.84	1088.72	0.3231,1.6867,0.206,1.2129,0.0528,0.002
1	Round_5_Replicate_2	-3635.94	7283.88	22031.04	1172.35	0.691,0.3061,0.0803,4.5599,0.0364,0.0001
1	Round_5_Replicate_3	-3543.12	7098.24	22321.27	1171.24	0.0213,1.2683,1.8942,1.1516,0.0216,0.0001
1	Round_5_Replicate_3	-3611.88	7235.76	17307.44	1103.84	3.5056,1.8214,0.0804,1.0481,0.059,0.0004
1	Round_5_Replicate_3	-3594.58	7201.16	15758.28	1105.96	0.9648,1.548,0.1112,1.1952,0.0538,0.0004
1	Round_5_Replicate_4	-3542.21	7096.42	21491.63	1176.83	0.0235,0.7053,1.7014,1.6761,0.0223,0.0001
1	Round_5_Replicate_4	-3588.45	7188.9	17158.43	1095.77	0.7683,1.9963,0.1244,1.1065,0.0541,0.0001
1	Round_5_Replicate_3	-3596.19	7204.38	20187.61	1102.51	1.3851,2.0794,0.1077,0.9733,0.0567,0.0002
1	Round_5_Replicate_2	-3567.73	7147.46	17403.64	1112.74	0.2587,1.3117,0.2202,1.2193,0.0474,0.0002
1	Round_5_Replicate_4	-3540.94	7093.88	18334.26	1170.05	0.0294,3.6437,1.1161,0.5709,0.0247,0.0006
1	Round_5_Replicate_3	-3630.1	7272.2	19691.77	1123.02	3.1884,0.6554,0.0691,2.2102,0.0501,0.0001
1	Round_5_Replicate_3	-3599.13	7210.26	14723.35	1159.39	0.4133,0.5258,0.1084,2.3541,0.0394,0.0001
1	Round_5_Replicate_4	-3543.72	7099.44	20494.37	1180.73	0.0209,0.6217,1.7468,2.0577,0.0208,0.0001
1	Round_5_Replicate_4	-3601.5	7215.0	24252.33	1059.35	1.1774,10.2603,0.1402,0.6122,0.0657,0.0015
1	Round_5_Replicate_4	-3593.43	7198.86	22273.58	1095.25	1.3029,4.7794,0.1127,0.6937,0.0583,0.0001
1	Round_5_Replicate_5	-3546.31	7104.62	17295.01	1193.01	0.0273,0.3987,1.155,2.5649,0.0225,0.0007
1	Round_5_Replicate_3	-3538.33	7088.66	19232.48	1152.29	0.0597,2.6237,0.4895,0.7355,0.0311,0.0001
1	Round_5_Replicate_4	-3599.6	7211.2	19503.24	1102.32	1.5125,2.0106,0.1019,1.0114,0.0564,0.0006
1	Round_5_Replicate_5	-3592.6	7197.2	21824.29	1101.07	1.0606,2.0995,0.1165,0.9934,0.0551,0.0004
1	Round_5_Replicate_4	-3636.97	7285.94	21610.15	1129.16	5.6997,0.6378,0.0603,2.1247,0.05,0.0001
1	Round_5_Replicate_5	-3537.04	7086.08	20808.72	1161.48	0.0384,2.4513,0.7651,0.7488,0.0266,0.0002
1	Round_5_Replicate_4	-3579.36	7170.72	14237.67	1175.61	0.2058,0.5224,0.1659,1.8523,0.0367,0.0001
1	Round_5_Replicate_5	-3581.5	7175.0	21201.33	1109.7	0.628,3.4958,0.1268,0.7828,0.0508,0.0001
1	Round_5_Replicate_5	-3553.11	7118.22	21358.47	1205.37	0.0189,0.885,2.153,0.9582,0.0196,0.0016
1	Round_5_Replicate_5	-3613.28	7238.56	28510.83	1046.59	2.8106,4.9857,0.1062,0.8687,0.0682,0.0001
1	Round_5_Replicate_5	-3585.13	7182.26	21938.85	1101.4	0.761,2.2404,0.132,0.9597,0.0539,0.0001
1	Round_5_Replicate_6	-3544.13	7100.26	18458.28	1170.41	0.0278,0.451,1.2337,3.1496,0.0236,0.0002
1	Round_5_Replicate_4	-3548.4	7108.8	16005.74	1136.01	0.1028,4.2974,0.3715,0.5851,0.0391,0.0003
1	Round_5_Replicate_6	-3588.87	7189.74	20558.27	1103.17	0.9054,2.1414,0.1184,0.9952,0.0538,0.0001
1	Round_5_Replicate_5	-3641.56	7295.12	18744.82	1144.94	3.3873,0.4554,0.0649,2.6602,0.047,0.0001
1	Round_5_Replicate_6	-3542.66	7097.32	16725.27	1164.39	0.0555,1.0994,0.4592,1.2017,0.0291,0.0009
1	Round_5_Replicate_5	-3570.29	7152.58	14420.33	1165.63	0.1628,0.5355,0.2018,1.9858,0.0365,0.0001
1	Round_5_Replicate_6	-3598.53	7209.06	19086.63	1079.91	1.413,2.5289,0.1105,1.0273,0.0598,0.0001
1	Round_5_Replicate_6	-3544.71	7101.42	18729.62	1198.41	0.0212,0.8044,1.819,1.1067,0.0209,0.0001
1	Round_5_Replicate_6	-3577.16	7166.32	21603.38	1144.09	0.3085,19.9838,0.1493,0.3675,0.0433,0.0008
1	Round_5_Replicate_7	-3562.91	7137.82	23246.91	1223.52	0.011,0.6076,7.9731,1.1266,0.0158,0.0002
1	Round_5_Replicate_6	-3633.55	7279.1	15988.5	1105.47	4.8919,1.205,0.0802,1.2416,0.0611,0.0034
1	Round_5_Replicate_5	-3538.17	7088.34	18968.07	1167.37	0.0386,1.1426,0.773,1.1248,0.0265,0.0003
1	Round_5_Replicate_6	-3668.29	7348.58	16428.69	1151.31	7.1588,0.3612,0.0469,3.9868,0.0441,0.0001
1	Round_5_Replicate_7	-3593.3	7198.6	29891.68	1166.51	0.0327,0.6438,0.3534,5.6109,0.0194,0.0001
1	Round_5_Replicate_7	-3594.32	7200.64	18865.8	1106.12	1.1338,1.9647,0.1075,1.0247,0.0544,0.0004
1	Round_5_Replicate_6	-3633.75	7279.5	23307.36	1143.56	0.6361,0.3545,0.0908,5.139,0.0391,0.0002
1	Round_5_Replicate_7	-3594.33	7200.66	19228.24	1121.37	0.9635,1.7138,0.1228,0.9222,0.0541,0.0002
1	Round_5_Replicate_7	-3551.45	7114.9	19970.35	1208.0	0.0157,0.7961,3.399,1.0181,0.0187,0.0001
1	Round_5_Replicate_7	-3597.79	7207.58	24582.67	1067.41	1.3577,3.2275,0.1256,0.933,0.0625,0.0001
1	Round_5_Replicate_8	-3553.56	7119.12	16984.24	1220.44	0.0159,0.2877,2.654,3.0894,0.0179,0.0001
1	Round_5_Replicate_7	-3602.77	7217.54	19315.58	1104.08	2.0698,1.8901,0.0945,1.0142,0.0577,0.0001
1	Round_5_Replicate_6	-3551.98	7115.96	15073.97	1162.68	0.0776,0.9696,0.4143,1.1358,0.0336,0.0014
1	Round_5_Replicate_7	-3639.92	7291.84	17506.11	1155.07	2.3013,0.4177,0.0658,2.8789,0.0442,0.0001
1	Round_5_Replicate_8	-3541.4	7094.8	18849.01	1144.15	0.066,1.3916,0.5122,1.0765,0.033,0.0003
1	Round_5_Replicate_8	-3589.37	7190.74	20457.0	1103.64	0.9373,2.0371,0.12,0.9981,0.0544,0.0001
1	Round_5_Replicate_7	-3576.89	7165.78	15905.63	1197.36	0.0987,0.3626,0.1809,3.1689,0.0276,0.0001
1	Round_5_Replicate_8	-3604.27	7220.54	28938.96	1099.81	2.3888,5.2974,0.0891,0.671,0.0574,0.0001
1	Round_5_Replicate_8	-3548.09	7108.18	21636.29	1181.69	0.0175,1.0034,3.4067,1.1503,0.0205,0.0002
1	Round_5_Replicate_9	-3574.93	7161.86	27107.29	1140.15	0.0169,0.9079,2.8654,3.8618,0.02,0.0002
1	Round_5_Replicate_8	-3617.46	7246.92	10260.07	1158.38	0.3362,0.3105,0.1518,3.5372,0.0424,0.0001
1	Round_5_Replicate_8	-3607.44	7226.88	27590.31	1107.82	2.3338,1.701,0.0867,1.1017,0.0545,0.0002
1	Round_5_Replicate_8	-3585.82	7183.64	21096.9	1098.05	0.8335,3.199,0.1297,0.8149,0.0556,0.0001
1	Round_5_Replicate_7	-3555.18	7122.36	16753.34	1161.16	0.084,3.0296,0.3328,0.6269,0.0333,0.0028
1	Round_5_Replicate_9	-3554.01	7120.02	19163.73	1160.72	0.018,1.7348,2.2029,1.2336,0.0205,0.0001
1	Round_5_Replicate_8	-3570.11	7152.22	15375.21	1115.66	0.2686,1.0934,0.2106,1.3599,0.0474,0.0001
1	Round_5_Replicate_9	-3607.96	7227.92	14882.66	1106.69	1.6833,1.0554,0.1052,1.3652,0.058,0.0002
1	Round_5_Replicate_9	-3612.84	7237.68	22029.61	1102.28	4.3774,2.0522,0.0794,0.9704,0.0597,0.0002
1	Round_5_Replicate_9	-3544.08	7100.16	19367.93	1181.0	0.0205,1.2608,2.2618,0.9481,0.0217,0.0001
1	Round_5_Replicate_10	-3545.06	7102.12	15537.23	1196.22	0.0218,0.5515,1.7692,1.6334,0.0215,0.0001
1	Round_5_Replicate_8	-3543.03	7098.06	17493.22	1172.84	0.058,0.9976,0.3835,1.2596,0.028,0.0001
1	Round_5_Replicate_10	-3546.17	7104.34	24679.23	1171.46	0.0203,1.0721,2.1149,1.3424,0.021,0.0005
1	Round_5_Replicate_9	-3630.1	7272.2	17548.68	1131.22	4.9832,0.7033,0.0644,1.8093,0.0518,0.0001
1	Round_5_Replicate_9	-3593.38	7198.76	17904.31	1096.44	1.1158,1.9241,0.121,1.0295,0.0578,0.0002
1	Round_5_Replicate_9	-3598.64	7209.28	24936.6	1093.49	1.7217,6.9268,0.1041,0.6112,0.0595,0.0001
1	Round_5_Replicate_9	-3613.74	7239.48	19304.9	1164.68	0.8508,0.5546,0.0822,2.0588,0.0404,0.0001
1	Round_5_Replicate_10	-3582.1	7176.2	22160.21	1095.27	0.6902,3.8316,0.1389,0.7752,0.0547,0.0001
1	Round_5_Replicate_10	-3611.51	7235.02	19536.37	1138.44	1.0121,1.2203,0.1122,1.0303,0.0508,0.0028
1	Round_5_Replicate_10	-3571.53	7155.06	28871.87	1152.38	0.0133,0.9716,7.6954,2.3936,0.0191,0.0007
1	Round_5_Replicate_9	-3540.79	7093.58	20219.61	1162.69	0.0315,1.0945,0.838,1.4653,0.0241,0.0001
1	Round_5_Replicate_10	-3619.64	7251.28	22390.37	1086.03	5.8633,1.6868,0.0748,1.2298,0.0611,0.0001
1	Round_5_Replicate_10	-3639.8	7291.6	22194.82	1149.23	2.6296,0.4661,0.0629,2.7845,0.0439,0.0001
1	Round_5_Replicate_10	-3616.22	7244.44	20337.54	1141.96	0.7712,0.4612,0.0996,2.8693,0.0434,0.0001
1	Round_5_Replicate_10	-3600.05	7212.1	20090.95	1097.21	1.4879,1.5708,0.1071,1.1778,0.0572,0.0002
1	Round_5_Replicate_10	-3536.97	7085.94	20633.53	1162.72	0.0382,1.6119,0.8003,0.933,0.0266,0.0001
