Model	Replicate	log-likelihood	AIC	chi-squared	theta	optimized_params
Model	Replicate	log-likelihood	AIC	chi-squared	theta	optimized_params
Model	Replicate	log-likelihood	AIC	chi-squared	theta	optimized_params
Model	Replicate	log-likelihood	AIC	chi-squared	theta	optimized_params
Model	Replicate	log-likelihood	AIC	chi-squared	theta	optimized_params
Model	Replicate	log-likelihood	AIC	chi-squared	theta	optimized_params
Model	Replicate	log-likelihood	AIC	chi-squared	theta	optimized_params
Model	Replicate	log-likelihood	AIC	chi-squared	theta	optimized_params
Model	Replicate	log-likelihood	AIC	chi-squared	theta	optimized_params
Model	Replicate	log-likelihood	AIC	chi-squared	theta	optimized_params
1	Round_1_Replicate_1	-10956.69	21923.38	1422264.44	1334.81	0.0693,11.9252,0.142,0.0266,0.0194
1	Round_1_Replicate_1	-7581.8	15173.6	409908.3	435.36	1.4958,2.2982,0.3847,0.901,3.8755
1	Round_1_Replicate_1	-7892.98	15795.96	21067.96	1204.34	0.6152,0.6731,1.1695,1.6585,0.2708
1	Round_1_Replicate_1	-7090.84	14191.68	6995.27	691.51	0.7461,1.7621,1.0377,0.4444,1.2911
1	Round_1_Replicate_1	-8555.77	17121.54	2737103.23	980.91	0.9496,0.7844,1.0498,2.4601,0.3965
1	Round_1_Replicate_1	-8240.76	16491.52	319987.3	1333.08	0.384,0.8163,1.1943,1.1748,0.0945
1	Round_1_Replicate_1	-7094.77	14199.54	7821.53	293.87	1.8375,3.8806,0.4024,0.2294,5.1785
1	Round_1_Replicate_1	-7626.34	15262.68	33115.68	1002.29	0.7339,0.9567,0.7206,1.5883,0.4272
1	Round_1_Replicate_2	-7382.49	14774.98	6549.92	1166.81	0.3283,0.8604,1.8867,1.3436,10.4296
1	Round_1_Replicate_2	-7735.55	15481.1	6518.24	1600.71	0.2414,0.5597,3.0852,0.4506,0.1424
1	Round_1_Replicate_2	-7718.02	15446.04	1576107.66	673.38	0.9801,1.5089,0.6253,1.5418,1.846
1	Round_1_Replicate_2	-7950.99	15911.98	132060.81	707.28	1.0195,2.0522,0.4495,0.8168,0.4618
1	Round_1_Replicate_3	-8756.57	17523.14	8475469.93	846.68	1.0339,1.5373,0.5647,1.2262,0.2436
1	Round_1_Replicate_2	-7700.47	15410.94	17519.81	1507.16	0.1706,0.7994,4.5321,0.3726,0.0903
1	Round_1_Replicate_2	-8052.15	16114.3	7331.76	475.43	0.1831,3.1649,3.4192,0.0715,11.3469
1	Round_1_Replicate_3	-7171.14	14352.28	6551.99	813.29	0.6181,1.3098,0.9033,0.8742,1.6668
1	Round_1_Replicate_3	-7177.72	14365.44	4064.48	380.65	0.8381,3.2235,0.6359,0.1411,6.3928
1	Round_1_Replicate_3	-9349.32	18708.64	13351.98	758.5	1.6164,1.1586,0.2442,0.1783,0.3269
1	Round_1_Replicate_3	-8421.54	16853.08	19569.31	1348.81	0.3298,0.8472,0.1835,1.6227,0.1346
1	Round_1_Replicate_4	-7341.5	14693.0	4671.3	321.55	0.7931,4.3525,0.5536,0.0835,6.3881
1	Round_1_Replicate_4	-7804.09	15618.18	23067.35	1326.69	0.372,0.8035,2.2129,0.3916,0.1393
1	Round_1_Replicate_3	-7345.25	14700.5	4397.83	1752.73	0.1636,0.6643,4.3093,0.4556,10.8653
1	Round_1_Replicate_4	-7064.64	14139.28	4170.46	664.97	0.6805,1.9381,0.9139,0.2838,1.4566
1	Round_1_Replicate_4	-7483.29	14976.58	55638.33	680.3	0.9243,2.0356,0.7546,0.687,0.6866
1	Round_1_Replicate_4	-7608.59	15227.18	9392.69	473.24	1.5017,1.6587,0.468,0.6845,4.3265
1	Round_1_Replicate_1	-7413.13	14836.26	6523.01	602.18	0.5809,1.794,0.8418,0.7144,12.2426
1	Round_1_Replicate_5	-7191.66	14393.32	6463.05	408.29	0.8509,3.0999,1.0774,0.0845,5.4507
1	Round_1_Replicate_5	-9788.42	19586.84	10650762814.94	896.61	1.0273,1.3058,0.7575,2.8429,0.2291
1	Round_1_Replicate_5	-6995.72	14001.44	4648.01	295.12	1.262,4.417,0.5205,0.1481,5.9608
1	Round_1_Replicate_4	-7415.04	14840.08	113038.13	640.95	0.9899,1.6035,0.6648,1.0757,1.8473
1	Round_1_Replicate_1	-11667.26	23344.52	128784440.99	1944.78	0.5213,0.3873,6.7974,0.0512,6.5846
1	Round_1_Replicate_2	-7927.52	15865.04	159675.02	950.94	0.3011,2.1615,1.9312,1.0638,0.2675
1	Round_1_Replicate_6	-8349.03	16708.06	3114641.87	170.06	2.8318,8.3492,0.6598,0.0363,7.5994
1	Round_1_Replicate_5	-9620.57	19251.14	160444398298.91	567.81	1.1114,2.4243,1.1231,1.9207,1.2327
1	Round_1_Replicate_6	-7845.75	15701.5	9267.32	824.71	0.7546,1.6538,0.3259,0.6718,0.4436
1	Round_1_Replicate_5	-7385.65	14781.3	8194.43	12678.96	0.0297,0.0819,19.0269,16.134,3.8112
1	Round_1_Replicate_2	-7344.92	14699.84	5143.57	242.54	2.4378,3.687,0.2548,0.2462,10.1451
1	Round_1_Replicate_7	-7607.35	15224.7	9127.44	1267.56	0.3281,0.9976,0.9921,1.0978,0.179
1	Round_1_Replicate_3	-12445.74	24901.48	798405695020100.8	972.75	0.4405,3.102,0.0169,5.7344,0.1361
1	Round_1_Replicate_8	-7818.41	15646.82	90207.34	1149.96	0.532,0.952,0.571,1.985,0.2367
1	Round_1_Replicate_6	-9314.81	18639.62	884394.68	486.87	0.0666,3.7292,19.4205,0.0635,4.3012
1	Round_1_Replicate_4	-9222.66	18455.32	12732.99	7896.78	0.1259,0.0635,0.5296,19.5091,2.4927
1	Round_1_Replicate_9	-7287.56	14585.12	9240.94	916.16	0.497,1.6024,1.1028,0.6957,0.4363
1	Round_1_Replicate_5	-11216.15	22442.3	17224263178.47	151.66	0.1371,13.8582,14.2955,0.8382,14.2483
1	Round_1_Replicate_6	-7532.88	15075.76	209337.84	691.21	1.0013,1.4565,0.7441,1.1988,1.3326
1	Round_1_Replicate_7	-10898.27	21806.54	587684387.09	984.32	1.4719,0.6548,0.4072,3.311,0.1306
1	Round_1_Replicate_6	-7340.56	14691.12	17356.29	489.92	0.4261,3.1793,2.1594,0.1676,3.3406
1	Round_1_Replicate_7	-7050.44	14110.88	5372.68	740.9	0.5847,1.5799,1.2554,0.4876,1.8093
1	Round_1_Replicate_7	-10923.58	21857.16	7218463.24	1305.95	0.0925,7.9401,0.0037,0.0423,0.0225
1	Round_1_Replicate_5	-7126.73	14263.46	4921.75	803.25	0.3313,1.9255,2.0225,0.2489,1.0877
1	Round_1_Replicate_7	-7092.51	14195.02	4900.81	774.89	0.6411,1.5318,1.1574,0.4035,1.1811
1	Round_1_Replicate_10	-7362.17	14734.34	22823.1	146.12	4.6184,6.6844,0.174,0.176,11.5309
1	Round_1_Replicate_6	-7350.97	14711.94	4484.37	938.49	0.5744,1.0838,1.1821,0.3947,1.0843
1	Round_1_Replicate_6	-7999.2	16008.4	9861.67	1502.98	0.2638,0.6501,0.9584,0.7343,0.0946
1	Round_1_Replicate_11	-7392.72	14795.44	15893.08	800.98	0.8687,1.3531,0.7015,0.942,0.7102
1	Round_1_Replicate_8	-7264.73	14539.46	8352.92	366.92	0.5811,3.9861,1.4636,0.0998,6.1687
1	Round_1_Replicate_7	-7064.63	14139.26	7084.79	212.99	1.4292,6.6367,0.4812,0.1186,8.6744
1	Round_1_Replicate_7	-7286.55	14583.1	4611.57	1292.9	0.3479,0.762,1.7816,1.1045,0.8484
1	Round_1_Replicate_8	-7385.88	14781.76	9871.22	168.79	1.943,8.1329,0.2144,0.1602,12.3147
1	Round_1_Replicate_9	-7657.99	15325.98	6122.34	1587.03	0.2153,0.6181,3.5961,0.2545,0.1562
1	Round_1_Replicate_12	-7401.69	14813.38	107888.28	619.71	0.6515,2.0964,1.8337,0.4185,2.0027
1	Round_1_Replicate_8	-7735.95	15481.9	206448.37	144.65	1.4862,10.535,0.835,0.0674,15.0929
1	Round_1_Replicate_9	-8359.63	16729.26	254130.57	1039.51	0.4861,1.6451,1.6538,0.0081,0.1417
1	Round_1_Replicate_13	-12442.43	24894.86	741999411164.14	902.37	0.3132,12.3858,0.7961,2.8123,0.0801
1	Round_1_Replicate_10	-7712.14	15434.28	8473.26	1208.26	0.3064,1.0958,0.8546,1.3341,0.3232
1	Round_1_Replicate_9	-10413.99	20837.98	209590.12	1299.53	0.0741,5.149,1.2269,0.772,0.0282
1	Round_1_Replicate_14	-7839.49	15688.98	189714.12	1141.26	0.3445,1.3804,2.7085,0.6087,0.1587
1	Round_1_Replicate_10	-7190.43	14390.86	7123.87	469.68	0.5383,2.9773,1.6062,0.1124,4.5932
1	Round_1_Replicate_11	-8772.97	17555.94	64498562.49	1033.71	0.3884,1.978,1.7444,1.7909,0.1443
1	Round_1_Replicate_10	-6998.64	14007.28	5386.61	263.42	1.4339,4.9185,0.5285,0.1183,6.8871
1	Round_1_Replicate_12	-7124.97	14259.94	4418.42	604.71	0.8157,1.7575,0.7396,0.4575,2.7609
1	Round_1_Replicate_15	-8715.64	17441.28	1701518.94	680.61	1.3703,1.1853,0.072,2.1898,1.5543
1	Round_1_Replicate_11	-7430.46	14870.92	132229.85	980.29	0.5494,1.2658,1.078,1.5091,0.4681
1	Round_1_Replicate_13	-7150.9	14311.8	4242.74	839.56	0.3558,1.5997,1.4566,0.4375,1.5198
1	Round_1_Replicate_8	-10436.02	20882.04	15776.23	585.44	2.019,0.5011,0.0433,2.1459,13.7262
1	Round_2_Replicate_1	-7273.21	14556.42	21318.45	1016.28	0.3621,1.384,2.7089,0.5419,0.4947
1	Round_1_Replicate_8	-23638.78	47287.56	369486.54	1296.75	0.1464,0.2597,0.1071,0.1163,12.5072
1	Round_1_Replicate_12	-8323.93	16657.86	88493.84	1089.21	0.6963,0.9954,0.7215,0.6552,0.1602
1	Round_1_Replicate_11	-8172.62	16355.24	4706153.83	1719.42	0.4282,0.4914,1.0216,5.5368,11.443
1	Round_1_Replicate_9	-8854.75	17719.5	8332.82	401.47	2.6882,1.3428,0.2432,0.4982,3.3524
1	Round_1_Replicate_9	-7219.76	14449.52	17488.75	190.7	2.944,5.7813,0.3181,0.1525,8.7782
1	Round_1_Replicate_14	-7718.8	15447.6	1631212.81	861.47	0.7453,1.2191,0.8056,1.9636,0.9808
1	Round_1_Replicate_13	-7608.34	15226.68	6838.56	8311.09	0.0686,0.1025,5.5042,12.6211,10.2435
1	Round_2_Replicate_2	-8576.24	17162.48	10261.5	1098.33	0.0587,2.1251,10.0953,0.0014,0.2229
1	Round_1_Replicate_10	-10486.96	20983.92	250414739.53	1121.59	0.843,0.9354,0.2498,0.3325,0.0806
1	Round_1_Replicate_12	-7241.03	14492.06	24560.46	317.74	1.1642,3.9295,0.4976,0.3906,7.1656
1	Round_2_Replicate_3	-7143.4	14296.8	5038.0	755.13	0.5431,1.5041,1.5133,0.3385,2.2915
1	Round_1_Replicate_15	-7081.32	14172.64	8687.22	663.23	0.6926,1.8041,1.2265,0.4318,1.8459
1	Round_1_Replicate_10	-8100.29	16210.58	11843.29	1103.99	0.0946,1.4749,5.6258,0.9074,1.0447
1	Round_1_Replicate_11	-7410.19	14830.38	7056.49	1790.68	0.1928,0.6054,2.6397,2.1661,7.8984
1	Round_1_Replicate_13	-7025.02	14060.04	5505.19	405.87	0.837,3.2271,0.9297,0.1717,4.5235
1	Round_2_Replicate_1	-7599.85	15209.7	284960.02	784.67	0.8077,1.6862,0.9091,1.0501,0.5383
1	Round_2_Replicate_4	-7068.13	14146.26	8761.36	584.35	0.6292,2.2641,1.4156,0.2542,2.3649
1	Round_1_Replicate_14	-12432.3	24874.6	217059676383.85	450.93	3.3974,0.8715,0.0396,5.2838,2.0136
1	Round_1_Replicate_12	-7856.33	15722.66	8194.37	1217.1	0.3254,1.1186,0.6686,0.8274,0.1963
1	Round_2_Replicate_5	-6990.63	13991.26	4715.54	337.22	1.119,3.8945,0.6128,0.1549,4.8946
1	Round_2_Replicate_2	-7426.29	14862.58	207963.52	155.42	3.7415,7.1724,0.2667,0.1908,10.416
1	Round_1_Replicate_13	-9248.57	18507.14	2634862.41	1220.17	0.1459,2.3961,2.0097,2.1553,0.0644
1	Round_1_Replicate_15	-8204.99	16419.98	9554.98	1129.94	0.6197,0.7418,0.2161,1.7688,0.6151
1	Round_2_Replicate_3	-7210.95	14431.9	4617.49	692.47	0.4221,1.8954,1.814,0.0907,2.9757
1	Round_1_Replicate_14	-8051.63	16113.26	11552.84	454.34	0.1871,4.0164,3.401,0.115,3.4704
1	Round_1_Replicate_14	-7725.01	15460.02	9440.55	817.11	0.3243,1.5424,1.1528,0.9965,8.5241
1	Round_2_Replicate_4	-7103.68	14217.36	4142.48	457.73	1.0155,2.7066,0.5345,0.2106,2.8761
1	Round_2_Replicate_6	-8518.75	17047.5	10466.84	128.26	0.5421,13.4361,0.771,0.039,19.1229
1	Round_1_Replicate_11	-9902.58	19815.16	11756556.33	1650.8	0.0918,0.5386,0.0011,0.0598,0.0165
1	Round_1_Replicate_2	-10927.37	21864.74	800716980.72	115.12	0.1367,19.2238,13.3976,0.0613,12.1636
1	Round_2_Replicate_5	-7317.95	14645.9	18361.69	654.71	0.3766,2.2888,2.709,0.1447,2.2045
1	Round_2_Replicate_7	-7254.33	14518.66	5089.28	656.02	0.3377,2.4473,1.6964,0.2306,1.7168
1	Round_2_Replicate_6	-8208.74	16427.48	194091.39	1087.66	0.7601,0.8385,0.7295,1.713,0.2126
1	Round_1_Replicate_15	-7456.13	14922.26	5473.38	4401.26	0.0816,0.2536,10.825,0.7917,2.591
1	Round_2_Replicate_8	-7010.37	14030.74	4545.13	363.49	0.9587,3.7494,0.6572,0.1648,4.3858
1	Round_1_Replicate_3	-7725.08	15460.16	5827.22	571.38	0.2552,2.8419,1.8308,0.0199,3.0709
1	Round_2_Replicate_7	-7024.61	14059.22	8549.06	463.05	0.8548,2.8073,0.8605,0.3212,3.1576
1	Round_2_Replicate_9	-7091.1	14192.2	4466.74	579.31	0.5743,2.4188,0.9285,0.2949,2.2043
1	Round_1_Replicate_4	-11231.67	22473.34	4547472710.49	884.7	0.2659,7.508,0.8929,2.4761,0.1058
1	Round_2_Replicate_8	-7045.56	14101.12	6667.77	429.34	0.7073,3.3077,1.075,0.1862,3.6818
1	Round_2_Replicate_10	-7417.69	14845.38	10155.82	658.77	0.2681,2.6106,2.7925,0.2337,1.6173
1	Round_1_Replicate_12	-12996.44	26002.88	5148685776440.42	496.74	1.4625,1.9382,3.3629,0.1942,16.1585
1	Round_2_Replicate_1	-10177.74	20365.48	3932362882.36	96.09	1.4488,19.9676,1.4535,0.0843,14.9632
1	Round_2_Replicate_1	-7705.75	15421.5	291963.39	91.01	3.6486,16.0893,0.3906,0.0259,19.9444
1	Round_3_Replicate_1	-7093.17	14196.34	3927.7	245.64	1.5869,4.7514,0.3748,0.1105,9.4475
1	Round_2_Replicate_9	-7480.4	14970.8	4851.75	284.13	2.4198,3.2161,0.2427,0.1848,5.7646
1	Round_2_Replicate_2	-7258.72	14527.44	5941.33	419.99	0.8185,2.6402,1.0047,0.2639,8.7456
1	Round_2_Replicate_2	-7556.49	15122.98	20618.02	903.42	0.227,1.7441,2.5226,0.9019,1.1596
1	Round_1_Replicate_13	-8297.45	16604.9	8757.27	153.84	0.5077,10.5747,0.9046,0.0494,18.9925
1	Round_1_Replicate_5	-7195.55	14401.1	10383.75	751.2	0.3524,2.0392,2.571,0.1804,1.3662
1	Round_2_Replicate_10	-7201.68	14413.36	22891.53	921.15	0.5244,1.2997,1.6587,0.8496,0.7929
1	Round_3_Replicate_2	-7024.93	14059.86	5798.76	250.99	1.2646,5.47,0.5644,0.1209,7.4922
1	Round_2_Replicate_3	-7115.76	14241.52	5215.22	209.46	1.6644,6.0092,0.3223,0.1597,10.7615
1	Round_3_Replicate_1	-7215.69	14441.38	4803.49	720.44	0.5781,1.8073,0.7377,0.4862,1.422
1	Round_2_Replicate_3	-7004.41	14018.82	6324.3	196.43	2.0824,6.5674,0.3706,0.0984,8.8525
1	Round_2_Replicate_4	-7211.29	14432.58	6199.46	624.77	0.3489,2.3255,2.1918,0.1987,2.9411
1	Round_1_Replicate_8	-8169.03	16348.06	7297.49	1177.84	0.073,1.2687,7.0927,0.1015,5.7974
1	Round_3_Replicate_3	-7066.28	14142.56	6187.15	134.07	2.3697,9.6333,0.334,0.0657,18.0841
1	Round_3_Replicate_2	-7054.96	14119.92	10824.52	219.21	1.8893,6.0553,0.4572,0.1118,7.2093
1	Round_2_Replicate_5	-7444.08	14898.16	4871.02	464.56	1.2716,1.8541,0.4871,0.4112,5.1448
1	Round_3_Replicate_4	-7094.87	14199.74	3996.55	690.12	0.6533,1.7002,0.8776,0.3431,1.8578
1	Round_3_Replicate_3	-7007.86	14025.72	4436.21	493.99	0.7834,2.5866,0.9196,0.1936,3.1184
1	Round_1_Replicate_6	-7346.9	14703.8	4745.94	8040.07	0.038,0.1352,18.1738,5.5064,5.6161
1	Round_2_Replicate_4	-6991.53	13993.06	4702.99	250.12	1.5007,5.1836,0.4582,0.1179,7.2983
1	Round_2_Replicate_6	-7135.33	14280.66	20541.12	320.38	1.2385,4.2587,0.7872,0.1591,4.5123
1	Round_1_Replicate_14	-17199.54	34409.08	8.731242698351293e+18	751.65	1.0266,5.4309,2.3912,1.5428,0.1152
1	Round_3_Replicate_5	-6992.57	13995.14	4761.72	167.83	2.1954,7.8682,0.32,0.07,11.1488
1	Round_1_Replicate_7	-7860.29	15730.58	23728.03	1245.44	0.269,1.2771,2.205,0.0567,0.1082
1	Round_1_Replicate_9	-7664.74	15339.48	8831.59	1608.51	0.1992,0.7684,5.1405,0.0064,2.9162
1	Round_2_Replicate_7	-7062.61	14135.22	11340.47	151.54	2.5855,8.6777,0.3443,0.0765,11.9256
1	Round_1_Replicate_3	-7927.5	15865.0	6256.41	2328.99	0.0466,0.6223,11.7225,0.2772,18.2558
1	Round_1_Replicate_8	-7210.39	14430.78	4493.42	334.22	0.6828,4.4902,0.8209,0.0819,5.5514
1	Round_3_Replicate_4	-8389.15	16788.3	68926574.32	1192.6	0.3297,1.1462,3.765,2.3993,0.236
1	Round_3_Replicate_6	-7181.48	14372.96	4971.14	182.52	1.4357,8.0544,0.3714,0.0808,10.4388
1	Round_1_Replicate_15	-8582.53	17175.06	885912.26	642.13	0.1595,2.3155,6.0868,1.1181,19.3389
1	Round_1_Replicate_4	-7076.02	14162.04	5112.45	972.97	0.447,1.2693,1.5294,0.6197,0.7341
1	Round_3_Replicate_7	-6995.22	14000.44	4565.53	522.65	0.76,2.4742,0.8814,0.2598,2.6453
1	Round_2_Replicate_8	-7283.16	14576.32	6922.66	647.72	0.5373,2.0363,1.7398,0.0552,2.5045
1	Round_3_Replicate_5	-7011.53	14033.06	6817.78	362.93	1.0194,3.7249,0.78,0.1621,4.2508
1	Round_1_Replicate_5	-7503.81	15017.62	9064.31	1320.99	0.2793,0.9671,2.2171,0.4211,0.1455
1	Round_1_Replicate_9	-7101.89	14213.78	4168.45	527.69	0.5453,2.6467,1.0219,0.203,3.0336
1	Round_3_Replicate_8	-7012.67	14035.34	6421.91	271.71	1.3142,5.1149,0.586,0.1093,5.8576
1	Round_3_Replicate_6	-7152.65	14315.3	26555.26	646.55	0.7236,1.855,0.9516,0.7437,1.973
1	Round_2_Replicate_9	-7305.73	14621.46	5484.54	398.45	0.8608,3.475,0.4688,0.2518,3.8658
1	Round_1_Replicate_6	-9980.98	19971.96	114884563.74	242.68	4.8754,2.0449,0.2053,1.3406,6.5478
1	Round_1_Replicate_10	-20902.76	41815.52	3.817863412327014e+22	727.0	1.117,17.3503,0.8498,1.8569,0.0899
1	Round_3_Replicate_9	-6990.66	13991.32	5058.89	244.44	1.579,5.3605,0.4514,0.1119,7.0656
1	Round_1_Replicate_10	-7385.68	14781.36	6454.37	625.98	1.1069,1.5532,0.7275,0.4816,1.6206
1	Round_1_Replicate_2	-13153.83	26317.66	1162245490288.61	828.71	0.0683,8.662,18.009,8.2456,19.4379
1	Round_2_Replicate_10	-7000.46	14010.92	6172.59	305.6	1.212,4.4137,0.5999,0.1556,5.2652
1	Round_3_Replicate_7	-7087.95	14185.9	10918.31	594.61	0.5861,2.3724,1.5412,0.2427,1.9863
1	Round_1_Replicate_11	-7160.66	14331.32	6861.32	983.51	0.521,1.1333,1.1456,0.9875,0.7687
1	Round_1_Replicate_15	-12714.73	25439.46	42146.65	352.09	1.415,2.5654,0.0777,0.0013,6.7467
1	Round_1_Replicate_7	-7410.47	14830.94	13266.21	4971.28	0.0763,0.2119,7.4326,7.0275,1.6451
1	Round_3_Replicate_1	-7006.82	14023.64	5035.33	166.05	2.3691,7.5281,0.3199,0.0755,12.1388
1	Round_1_Replicate_11	-8580.05	17170.1	52407.55	1283.12	0.3432,0.993,0.121,1.8875,0.1379
1	Round_3_Replicate_8	-6991.66	13993.32	4727.18	414.35	0.9127,3.1775,0.7714,0.1799,3.7256
1	Round_3_Replicate_10	-7046.39	14102.78	5485.44	288.43	1.0212,4.9227,0.6719,0.1261,6.2229
1	Round_2_Replicate_1	-7013.08	14036.16	7254.42	354.34	1.1957,3.5802,0.6428,0.2138,4.3957
1	Round_2_Replicate_1	-9043.21	18096.42	28164908.97	166.92	1.3737,11.7554,0.2754,0.4314,19.6455
1	Round_3_Replicate_9	-7120.41	14250.82	4218.71	607.2	0.5664,2.3876,0.938,0.2106,1.737
1	Round_1_Replicate_12	-7888.31	15786.62	6247.26	1157.62	0.1411,1.3169,2.559,0.3082,0.7028
1	Round_1_Replicate_3	-7624.57	15259.14	366624.8	7509.01	0.0488,0.1492,15.7571,13.9613,14.4334
1	Round_1_Replicate_8	-9303.52	18617.04	22650.39	1381.09	0.5987,0.4238,1.2318,0.4106,0.1024
1	Round_3_Replicate_2	-7057.41	14124.82	11628.72	207.08	2.1488,5.953,0.3385,0.1721,8.5264
1	Round_2_Replicate_2	-7802.36	15614.72	9527.89	1272.11	0.2029,1.2224,1.6176,1.2167,0.1888
1	Round_2_Replicate_5	-7459.22	14928.44	4900.87	1093.53	0.3637,0.9209,2.2093,0.4099,18.3043
1	Round_1_Replicate_4	-7670.36	15350.72	2897205.21	953.24	0.4855,1.3805,1.7064,1.7577,0.6164
1	Round_1_Replicate_13	-8157.71	16325.42	84052191.0	903.22	0.4475,1.6418,1.969,2.0928,0.6813
1	Round_3_Replicate_10	-7148.51	14307.02	10711.53	567.05	0.8517,2.1251,1.1231,0.293,2.1773
1	Round_1_Replicate_12	-7437.67	14885.34	5271.27	1366.3	0.1437,0.9582,5.2837,0.3271,9.0111
1	Round_3_Replicate_3	-7084.37	14178.74	6955.83	506.0	0.9201,2.3419,0.9397,0.265,2.887
1	Round_2_Replicate_3	-7229.49	14468.98	6396.11	341.02	0.6447,4.2764,1.0231,0.1775,6.1642
1	Round_1_Replicate_9	-7268.56	14547.12	77027.94	427.27	0.9981,2.7352,0.7996,0.5554,4.7275
1	Round_3_Replicate_4	-7221.97	14453.94	7310.28	427.6	1.3605,2.4344,0.633,0.301,3.536
1	Round_2_Replicate_2	-7243.11	14496.22	6329.36	202.23	1.1736,7.3498,0.4839,0.1146,9.8957
1	Round_1_Replicate_13	-8379.33	16768.66	5628224.19	263.77	0.8433,5.6885,1.9059,0.1798,7.9601
1	Round_1_Replicate_10	-11032.38	22074.76	50725.52	1321.71	0.0546,6.7826,0.604,0.0027,0.0243
1	Round_2_Replicate_6	-7066.78	14143.56	5676.06	452.21	0.7097,3.3273,1.0562,0.107,2.7225
1	Round_3_Replicate_5	-6990.97	13991.94	4770.55	399.07	0.956,3.2538,0.7267,0.1914,4.0263
1	Round_2_Replicate_3	-6994.95	13999.9	5598.27	137.39	2.7193,9.5588,0.2661,0.0682,13.8477
1	Round_1_Replicate_14	-7368.58	14747.16	4348.09	6257.4	0.0406,0.1891,15.4335,2.1176,3.7404
1	Round_1_Replicate_11	-7107.71	14225.42	11652.25	356.65	0.9336,3.7882,0.9919,0.1543,5.0379
1	Round_1_Replicate_14	-7104.43	14218.86	6440.17	882.16	0.5529,1.4092,1.3132,0.5847,0.7513
1	Round_3_Replicate_6	-6993.34	13996.68	4840.96	307.77	1.3147,4.1468,0.5435,0.1439,5.445
1	Round_2_Replicate_7	-7253.15	14516.3	35043.11	730.0	0.7703,1.657,0.7947,0.9237,1.0688
1	Round_2_Replicate_4	-7302.61	14615.22	12163.44	550.0	0.7413,2.1061,1.4313,0.2255,3.8243
1	Round_1_Replicate_15	-8350.12	16710.24	9710.69	660.2	0.1553,3.0001,2.6063,0.2553,1.3257
1	Round_1_Replicate_15	-7355.66	14721.32	15842.55	970.95	0.3711,1.6713,2.3141,0.3909,0.3519
1	Round_1_Replicate_12	-7209.54	14429.08	64681.58	486.81	0.9577,2.5371,0.7504,0.5997,2.8834
1	Round_3_Replicate_7	-7109.45	14228.9	4130.49	634.92	0.4384,2.1577,1.3148,0.25,2.5724
1	Round_2_Replicate_1	-7297.47	14604.94	81598.74	707.4	0.6113,2.0195,1.0709,0.8521,1.0912
1	Round_1_Replicate_13	-6997.04	14004.08	5262.34	421.78	0.9502,3.1752,0.7538,0.1915,3.2163
1	Round_2_Replicate_1	-7236.15	14482.3	29561.48	162.61	2.2706,8.154,0.4793,0.0733,11.8733
1	Round_1_Replicate_5	-8002.09	16014.18	10196.7	3876.69	0.1557,0.187,5.986,4.8734,10.045
1	Round_3_Replicate_8	-7012.72	14035.44	4808.06	291.21	1.2455,4.5782,0.4977,0.1552,5.8685
1	Round_2_Replicate_8	-7208.17	14426.34	19663.55	487.35	0.9194,2.66,0.5768,0.5412,2.6915
1	Round_2_Replicate_5	-9317.71	18645.42	16590.31	158.32	0.2045,11.5764,1.9381,0.0128,15.2667
1	Round_1_Replicate_14	-8317.25	16644.5	21820.7	2111.14	0.4119,0.2812,0.8326,5.8236,2.633
1	Round_4_Replicate_1	-6989.81	13989.62	4891.93	332.36	1.1635,3.9265,0.601,0.1571,4.9273
1	Round_2_Replicate_2	-7831.53	15673.06	59919.79	683.79	0.203,2.4231,5.2907,0.2087,2.211
1	Round_2_Replicate_2	-7563.4	15136.8	25543.16	609.39	1.2802,1.4797,0.4041,1.0231,1.7029
1	Round_3_Replicate_9	-7399.99	14809.98	6357.43	157.53	1.5509,8.9303,0.2945,0.1178,15.441
1	Round_2_Replicate_6	-7064.54	14139.08	10203.5	373.44	1.2315,3.1942,0.5654,0.3339,4.4177
1	Round_2_Replicate_9	-6995.19	14000.38	5373.61	454.48	0.8082,2.9534,0.9029,0.208,3.2238
1	Round_2_Replicate_4	-10537.58	21085.16	19178.0	228.54	0.3557,6.25,0.3739,0.0406,19.3694
1	Round_3_Replicate_10	-6996.5	14003.0	4452.1	191.82	2.1074,6.6095,0.3227,0.0868,9.5683
1	Round_1_Replicate_15	-9023.36	18056.72	78381.56	966.63	0.192,3.7889,2.5767,0.523,0.1187
1	Round_2_Replicate_7	-7398.27	14806.54	59817.39	266.04	2.5288,3.7799,0.3078,0.373,5.6393
1	Round_2_Replicate_10	-7089.6	14189.2	12960.52	421.45	0.7939,3.2713,1.1072,0.2229,3.7347
1	Round_2_Replicate_8	-9772.8	19555.6	694765682.41	442.85	1.28,2.8145,2.1876,0.1727,2.7082
1	Round_4_Replicate_1	-6989.83	13989.66	4917.73	353.41	1.0933,3.699,0.6399,0.1679,4.5451
1	Round_2_Replicate_5	-7125.22	14260.44	4193.8	216.53	1.6362,6.2598,0.3127,0.0702,8.0277
1	Round_2_Replicate_1	-7460.04	14930.08	5126.2	207.79	1.1283,6.7487,0.3535,0.0845,11.2066
1	Round_2_Replicate_9	-7719.2	15448.4	115709.0	1027.87	0.348,1.705,2.679,0.6022,0.2239
1	Round_3_Replicate_1	-7623.19	15256.38	5443.8	256.31	0.5794,5.9985,0.9976,0.0017,11.3766
1	Round_2_Replicate_2	-7159.87	14329.74	8888.83	469.26	1.0861,2.2352,0.6962,0.4533,3.9713
1	Round_3_Replicate_2	-6990.3	13990.6	4971.15	229.55	1.6854,5.6477,0.4149,0.1115,7.78
1	Round_2_Replicate_6	-7263.14	14536.28	4367.21	439.8	0.5,3.2569,1.092,0.0991,4.8536
1	Round_2_Replicate_10	-7471.45	14952.9	4805.55	230.54	0.7642,6.1595,0.7532,0.0267,15.1648
1	Round_2_Replicate_3	-7950.88	15911.76	37441.0	572.48	0.7847,2.1347,1.7505,0.001,3.2044
1	Round_3_Replicate_3	-7237.67	14485.34	4799.62	153.7	2.2377,8.3994,0.1903,0.0937,13.9595
1	Round_3_Replicate_1	-7075.78	14161.56	6661.94	275.92	1.388,4.4388,0.6232,0.1266,7.7
1	Round_3_Replicate_4	-7011.14	14032.28	5837.08	359.27	1.1544,3.4243,0.6541,0.2088,4.8377
1	Round_4_Replicate_1	-6989.9	13989.8	4917.79	370.06	1.0431,3.538,0.6701,0.176,4.2728
1	Round_2_Replicate_4	-8208.41	16426.82	403326.12	1154.14	0.4601,1.0479,0.312,2.5906,0.2858
1	Round_3_Replicate_2	-6994.24	13998.48	5065.29	213.47	1.8811,5.9083,0.3695,0.1165,8.6836
1	Round_3_Replicate_5	-7078.31	14166.62	4916.74	151.98	2.4437,8.3283,0.2204,0.1051,13.8026
1	Round_4_Replicate_2	-6989.89	13989.78	4907.33	369.85	1.0457,3.5358,0.6683,0.176,4.2797
1	Round_1_Replicate_6	-8298.81	16607.62	9641.0	1535.3	0.4145,0.4866,2.7182,0.8831,17.355
1	Round_3_Replicate_6	-7011.1	14032.2	4419.68	474.18	0.8068,2.6076,0.8345,0.2522,3.6949
1	Round_3_Replicate_7	-7438.05	14886.1	5285.86	156.07	1.6592,9.1444,0.233,0.0671,13.3934
1	Round_1_Replicate_7	-7627.86	15265.72	15397.15	1335.84	0.2547,1.0087,2.0667,0.6757,0.118
1	Round_2_Replicate_7	-7931.15	15872.3	11480.19	1360.18	0.3071,0.8359,3.7026,0.001,3.768
1	Round_3_Replicate_8	-6990.41	13990.82	4853.3	242.25	1.5827,5.3854,0.446,0.1088,7.2776
1	Round_4_Replicate_2	-6989.91	13989.82	4906.68	373.52	1.0336,3.5026,0.6762,0.1777,4.2305
1	Round_2_Replicate_8	-7074.84	14159.68	14043.57	170.4	2.6477,7.1763,0.2769,0.1501,10.6623
1	Round_3_Replicate_9	-7012.02	14034.04	7228.13	227.24	1.8334,5.6222,0.3937,0.1467,7.5225
1	Round_2_Replicate_3	-7457.37	14924.74	5636.7	1128.37	0.2496,1.1098,3.4471,0.0694,17.0432
1	Round_3_Replicate_10	-7219.8	14449.6	4253.81	316.32	0.872,4.4912,0.6253,0.0439,6.0147
1	Round_2_Replicate_9	-7033.64	14077.28	5287.84	98.8	4.8324,12.339,0.1451,0.0548,17.6497
1	Round_2_Replicate_3	-9712.76	19435.52	8502514638.36	1304.75	0.134,1.7055,6.0528,5.2452,14.4915
1	Round_3_Replicate_3	-7125.69	14261.38	19663.96	84.35	4.5429,16.734,0.1931,0.0454,19.2007
1	Round_4_Replicate_3	-6989.91	13989.82	4906.66	373.52	1.0336,3.5026,0.6762,0.1777,4.2305
1	Round_2_Replicate_4	-7963.85	15937.7	283194.64	273.4	2.7993,4.7624,0.4159,0.2141,2.5838
1	Round_2_Replicate_4	-7382.02	14774.04	5124.58	717.56	0.3941,2.113,1.0347,0.3532,1.4041
1	Round_3_Replicate_4	-7077.33	14164.66	4315.26	965.63	0.3358,1.3744,2.1022,0.3274,0.9957
1	Round_2_Replicate_5	-7132.35	14274.7	8856.15	693.62	0.5508,1.7214,1.1329,0.6898,2.5509
1	Round_2_Replicate_5	-8729.19	17468.38	297462.09	100.85	0.5939,19.0182,1.5229,0.0778,18.5731
1	Round_4_Replicate_2	-6989.86	13989.72	4936.74	357.86	1.0786,3.6533,0.6483,0.1714,4.4787
1	Round_2_Replicate_5	-7272.17	14554.34	8723.57	853.6	0.6845,1.1426,1.0866,0.9141,1.3504
1	Round_2_Replicate_6	-7018.65	14047.3	4417.14	409.28	1.0551,2.9938,0.6779,0.18,3.8966
1	Round_2_Replicate_6	-7338.0	14686.0	171346.45	598.15	0.9109,1.9158,0.8835,0.8561,1.9922
1	Round_3_Replicate_5	-6992.01	13994.02	4883.29	210.99	1.9027,6.0447,0.3634,0.1066,8.5464
1	Round_2_Replicate_10	-9157.65	18325.3	765055381.57	74.13	6.8266,17.6712,0.3251,0.0763,19.9491
1	Round_2_Replicate_7	-7042.42	14094.84	5088.34	617.91	0.6361,2.1695,0.915,0.3959,1.8529
1	Round_2_Replicate_7	-9075.6	18161.2	13140.13	541.03	1.9842,2.0253,0.4253,0.013,0.6774
1	Round_4_Replicate_1	-6989.83	13989.66	4919.11	346.43	1.117,3.773,0.6269,0.164,4.6546
1	Round_2_Replicate_6	-7138.6	14287.2	4713.34	722.31	0.4224,2.0621,1.6979,0.0942,1.3655
1	Round_3_Replicate_1	-7199.26	14408.52	4822.14	514.93	1.1346,2.0197,0.475,0.4383,2.7168
1	Round_4_Replicate_3	-6989.83	13989.66	4917.76	347.29	1.1107,3.7696,0.6299,0.164,4.6379
1	Round_2_Replicate_8	-7039.71	14089.42	4295.67	677.27	0.5512,1.8042,1.2827,0.312,2.3715
1	Round_2_Replicate_8	-7084.3	14178.6	9543.85	539.83	0.5822,2.6549,1.4909,0.2091,2.5067
1	Round_2_Replicate_9	-7223.42	14456.84	4147.39	1090.66	0.2315,1.2048,2.4973,0.3852,1.217
1	Round_2_Replicate_7	-7963.21	15936.42	6515.71	586.36	0.2247,2.5041,1.7254,0.1384,4.7416
1	Round_3_Replicate_2	-7029.11	14068.22	4060.19	281.97	1.52,4.2607,0.4164,0.1357,6.5418
1	Round_2_Replicate_9	-7691.32	15392.64	77716.6	180.11	1.0319,9.4218,1.1085,0.0235,9.8515
1	Round_2_Replicate_8	-7091.56	14193.12	8663.36	724.52	0.5599,1.6811,1.561,0.4313,1.8625
1	Round_4_Replicate_4	-6989.82	13989.64	4893.91	335.53	1.1464,3.8897,0.6103,0.1589,4.9013
1	Round_3_Replicate_3	-7584.32	15178.64	5263.45	1375.55	0.1409,1.0735,4.1802,0.0569,0.1958
1	Round_2_Replicate_10	-7034.14	14078.28	4814.9	480.6	0.6807,2.7561,1.1112,0.163,3.6858
1	Round_2_Replicate_9	-8544.05	17098.1	16051.26	1000.43	0.047,1.9796,15.8182,0.0461,0.6813
1	Round_3_Replicate_6	-7352.93	14715.86	120534.52	177.55	1.8546,8.3428,0.3967,0.187,9.2511
1	Round_2_Replicate_10	-7475.9	14961.8	31994.61	513.15	0.7919,2.164,0.5796,0.8425,16.4989
1	Round_3_Replicate_4	-6993.67	13997.34	4802.44	316.81	1.1854,4.1698,0.5616,0.1553,5.2247
1	Round_2_Replicate_10	-7143.74	14297.48	6179.42	1002.71	0.4493,1.1726,1.85,0.5472,0.7607
1	Round_3_Replicate_1	-7837.78	15685.56	11154.21	749.37	0.1976,2.8375,3.5101,0.2289,0.6811
1	Round_3_Replicate_5	-7197.61	14405.22	4863.7	357.84	0.8583,3.9665,0.8814,0.0224,4.9804
1	Round_3_Replicate_1	-7345.0	14700.0	4879.32	846.95	0.5816,1.3228,0.6624,0.5881,1.2346
1	Round_4_Replicate_3	-6989.84	13989.68	4910.53	357.98	1.0787,3.6511,0.6483,0.1702,4.4775
1	Round_3_Replicate_1	-7086.6	14183.2	5830.69	205.38	1.3368,6.8733,0.5064,0.1019,9.9882
1	Round_3_Replicate_2	-7009.44	14028.88	4266.16	571.04	0.6275,2.2875,1.0161,0.2731,2.5817
1	Round_4_Replicate_2	-6989.87	13989.74	4912.8	364.67	1.0588,3.5842,0.6602,0.174,4.3739
1	Round_3_Replicate_6	-7043.27	14096.54	4899.55	701.83	0.4572,2.0393,1.4108,0.3353,1.5352
1	Round_3_Replicate_2	-7009.93	14029.86	4541.24	509.85	0.8378,2.4269,0.8482,0.2429,2.8309
1	Round_3_Replicate_2	-6999.98	14009.96	4555.6	509.46	0.7373,2.5921,0.8716,0.2581,2.7779
1	Round_4_Replicate_4	-6989.91	13989.82	4906.64	373.53	1.0336,3.5025,0.6762,0.1777,4.2304
1	Round_3_Replicate_3	-7078.38	14166.76	9853.08	346.64	1.3081,3.5491,0.6838,0.1925,4.5113
1	Round_3_Replicate_7	-7160.22	14330.44	20523.04	259.32	1.3274,5.3828,0.7491,0.1111,6.4973
1	Round_3_Replicate_3	-6991.68	13993.36	4908.8	427.08	0.8886,3.0451,0.7882,0.2105,3.6907
1	Round_3_Replicate_7	-7977.76	15965.52	2658359.73	84.31	2.9069,19.2222,0.4341,0.0701,19.9772
1	Round_3_Replicate_3	-7123.42	14256.84	4287.68	941.15	0.3782,1.3483,1.3762,0.6037,1.1176
1	Round_3_Replicate_4	-7436.68	14883.36	23914.44	980.44	0.3885,1.6237,2.4774,0.3285,0.3318
1	Round_3_Replicate_4	-7277.84	14565.68	9214.72	341.11	0.5924,4.6772,1.2953,0.112,4.9892
1	Round_3_Replicate_8	-6992.18	13994.36	5397.06	307.24	1.2394,4.3087,0.5871,0.1431,5.33
1	Round_3_Replicate_8	-6993.22	13996.44	4642.4	342.42	1.1228,3.7312,0.6217,0.1622,5.0782
1	Round_3_Replicate_4	-7178.29	14366.58	26750.71	715.1	0.4745,1.9394,1.5196,0.6913,1.6295
1	Round_3_Replicate_5	-7097.31	14204.62	4988.33	550.23	0.4919,2.4633,1.4367,0.2391,3.5304
1	Round_3_Replicate_9	-7033.86	14077.72	5092.83	459.18	0.8293,2.655,0.9176,0.2366,4.1219
1	Round_4_Replicate_3	-6989.8	13989.6	4908.59	324.93	1.1864,4.0177,0.5897,0.1539,5.0822
1	Round_1_Replicate_8	-10865.09	21740.18	14477.3	3434.64	0.2168,0.182,3.0378,0.1211,7.0193
1	Round_3_Replicate_5	-7833.62	15677.24	7164.6	130.18	0.9355,12.9168,0.5058,0.0361,16.4519
1	Round_3_Replicate_5	-7305.24	14620.48	6548.34	1189.91	0.4452,0.8746,1.5479,1.0041,0.3834
1	Round_3_Replicate_6	-7088.88	14187.76	4213.09	486.96	0.7667,2.6604,0.665,0.2555,3.1528
1	Round_3_Replicate_9	-6995.38	14000.76	4777.83	112.6	3.1655,11.7437,0.2235,0.0464,17.7179
1	Round_3_Replicate_10	-7048.16	14106.32	5545.44	392.89	0.9844,3.3275,0.5859,0.2715,4.0044
1	Round_1_Replicate_9	-7516.84	15043.68	5346.41	774.3	0.9666,1.1541,0.5865,0.737,1.0887
1	Round_4_Replicate_5	-6989.91	13989.82	4906.64	373.53	1.0336,3.5025,0.6762,0.1777,4.2304
1	Round_3_Replicate_7	-7475.53	14961.06	196378.24	188.44	2.7809,5.9574,0.4191,0.1927,9.5762
1	Round_3_Replicate_6	-7092.38	14194.76	4575.96	292.31	1.0424,4.8988,0.5337,0.1241,5.7188
1	Round_3_Replicate_6	-7336.4	14682.8	6539.61	448.08	0.9457,2.983,0.956,0.0262,2.9608
1	Round_4_Replicate_4	-6989.91	13989.82	4906.75	373.52	1.0336,3.5025,0.6762,0.1777,4.2304
1	Round_1_Replicate_10	-7526.21	15062.42	5206.43	532.75	0.397,2.6405,1.0123,0.1992,3.9695
1	Round_3_Replicate_7	-7144.55	14299.1	17999.2	323.33	1.2709,3.7262,0.7279,0.2405,6.0137
1	Round_3_Replicate_7	-7141.56	14293.12	24125.85	466.47	1.0957,2.5275,0.7006,0.4787,2.8909
1	Round_3_Replicate_8	-7035.34	14080.68	4168.09	504.0	0.8609,2.5689,0.7262,0.21,2.4451
1	Round_3_Replicate_8	-7012.69	14035.38	4174.34	594.15	0.61,2.1557,1.0858,0.2627,2.5611
1	Round_3_Replicate_9	-7032.95	14075.9	7596.32	469.98	0.7276,2.9237,1.1201,0.2122,3.1554
1	Round_3_Replicate_8	-7050.01	14110.02	9240.71	572.78	0.641,2.5067,1.2242,0.3071,1.8505
1	Round_3_Replicate_9	-6994.84	13999.68	4772.81	522.65	0.7101,2.56,0.9918,0.2246,2.6183
1	Round_3_Replicate_10	-7088.77	14187.54	4413.46	616.58	0.7056,1.7955,0.9586,0.4008,2.983
1	Round_3_Replicate_9	-7156.84	14323.68	17718.45	212.59	1.8268,6.1875,0.5578,0.0914,8.4312
1	Round_4_Replicate_5	-6989.91	13989.82	4906.85	373.48	1.0337,3.503,0.6761,0.1777,4.231
1	Round_4_Replicate_4	-6989.84	13989.68	4888.18	354.13	1.0909,3.6908,0.6405,0.1674,4.5365
1	Round_3_Replicate_10	-7129.61	14269.22	5128.95	717.3	0.3932,1.7947,1.9059,0.3292,2.8491
1	Round_3_Replicate_10	-7015.08	14040.16	6301.5	425.26	0.7927,3.2708,0.934,0.2006,3.5232
1	Round_4_Replicate_5	-6989.91	13989.82	4906.65	373.51	1.0336,3.5027,0.6762,0.1777,4.2306
1	Round_3_Replicate_10	-8841.32	17692.64	16120272.87	112.5	2.252,14.8294,0.8768,0.0059,15.1022
1	Round_4_Replicate_1	-6989.84	13989.68	4874.02	347.03	1.1125,3.7593,0.6277,0.1645,4.6826
1	Round_4_Replicate_6	-6989.91	13989.82	4906.61	373.42	1.0338,3.5034,0.676,0.1777,4.2322
1	Round_1_Replicate_11	-10785.91	21581.82	1297531878.08	117.68	0.1104,18.3632,15.2384,0.5685,16.1561
1	Round_4_Replicate_1	-6989.91	13989.82	4906.76	373.51	1.0336,3.5026,0.6762,0.1777,4.2306
1	Round_4_Replicate_6	-6989.91	13989.82	4907.93	373.13	1.0345,3.5059,0.6757,0.1776,4.2384
1	Round_4_Replicate_6	-6989.98	13989.96	4920.96	381.42	1.0139,3.4246,0.6915,0.1822,4.1278
1	Round_4_Replicate_1	-6989.91	13989.82	4906.72	373.52	1.0336,3.5025,0.6762,0.1777,4.2304
1	Round_4_Replicate_5	-6989.89	13989.78	4902.09	369.56	1.0451,3.5368,0.6687,0.176,4.298
1	Round_1_Replicate_12	-16013.49	32036.98	212068051637614.97	656.71	0.6207,18.7339,4.2452,0.2003,0.1227
1	Round_4_Replicate_1	-6989.91	13989.82	4906.74	373.51	1.0336,3.5026,0.6762,0.1777,4.2306
1	Round_4_Replicate_2	-6989.91	13989.82	4906.63	373.53	1.0336,3.5025,0.6762,0.1777,4.2304
1	Round_1_Replicate_13	-9137.75	18285.5	147426.28	3333.36	0.1634,0.3573,0.3886,6.2534,2.6499
1	Round_4_Replicate_2	-6989.91	13989.82	4906.62	373.53	1.0336,3.5025,0.6762,0.1777,4.2304
1	Round_4_Replicate_1	-6989.87	13989.74	4904.96	363.22	1.0625,3.5977,0.6582,0.1728,4.4018
1	Round_4_Replicate_7	-6989.88	13989.76	4903.98	365.92	1.0549,3.57,0.6624,0.1747,4.3626
1	Round_4_Replicate_7	-6989.91	13989.82	4906.74	373.52	1.0336,3.5025,0.6762,0.1777,4.2304
1	Round_1_Replicate_14	-9068.5	18147.0	339618.67	1542.49	0.1718,0.7473,0.0133,2.8593,0.0522
1	Round_4_Replicate_7	-6989.91	13989.82	4906.73	373.52	1.0336,3.5025,0.6762,0.1777,4.2304
1	Round_1_Replicate_15	-7922.37	15854.74	76401.91	797.86	0.3971,1.5391,3.5803,0.1319,11.7752
1	Round_4_Replicate_6	-6991.23	13992.46	4940.3	104.34	3.6878,12.4193,0.1908,0.0487,18.5659
1	Round_4_Replicate_8	-6989.91	13989.82	4906.64	373.53	1.0336,3.5025,0.6762,0.1777,4.2304
1	Round_2_Replicate_1	-7430.63	14871.26	83197.9	579.46	0.9451,2.4932,1.0328,0.4459,1.0474
1	Round_4_Replicate_2	-6989.88	13989.76	4917.01	366.49	1.0515,3.5722,0.6654,0.1738,4.3371
1	Round_4_Replicate_2	-6989.91	13989.82	4906.63	373.53	1.0336,3.5025,0.6762,0.1777,4.2304
1	Round_2_Replicate_2	-7369.3	14748.6	4827.37	830.22	0.4131,1.3095,1.951,0.2809,18.0479
1	Round_4_Replicate_3	-6989.89	13989.78	4900.48	368.04	1.0496,3.5534,0.6659,0.1747,4.3125
1	Round_2_Replicate_3	-7273.36	14556.72	7815.92	848.77	0.5712,1.7273,1.2509,0.374,0.4897
1	Round_4_Replicate_3	-6989.87	13989.74	4902.15	359.43	1.0695,3.6381,0.6539,0.1705,4.4742
1	Round_4_Replicate_8	-6989.89	13989.78	4961.17	354.13	1.0898,3.7011,0.6418,0.169,4.5074
1	Round_2_Replicate_4	-7368.44	14746.88	24946.54	821.37	0.7895,1.3294,1.0794,0.8407,0.7536
1	Round_4_Replicate_7	-6989.9	13989.8	4907.51	371.54	1.0393,3.5207,0.6723,0.1769,4.2599
1	Round_4_Replicate_8	-6989.91	13989.82	4906.25	373.27	1.0342,3.5047,0.6757,0.1776,4.2345
1	Round_4_Replicate_2	-6989.87	13989.74	4898.11	360.82	1.0687,3.6184,0.6538,0.1722,4.4545
1	Round_2_Replicate_5	-7354.54	14719.08	9976.84	1012.05	0.5461,1.1988,1.4737,0.5603,0.3752
1	Round_2_Replicate_6	-7010.09	14030.18	4629.59	534.84	0.6581,2.4924,0.9696,0.2784,2.7373
1	Round_4_Replicate_9	-6989.86	13989.72	4904.63	362.57	1.0639,3.6082,0.6569,0.172,4.4
1	Round_4_Replicate_4	-6989.85	13989.7	4893.12	300.77	1.277,4.3341,0.5477,0.1421,5.6322
1	Round_2_Replicate_7	-7080.84	14171.68	8831.06	504.89	0.6082,2.7822,1.4024,0.2082,3.0459
1	Round_2_Replicate_8	-7070.29	14150.58	4342.46	668.86	0.5395,1.9648,0.9991,0.3909,1.9392
1	Round_4_Replicate_4	-6989.91	13989.82	4906.72	373.51	1.0336,3.5026,0.6762,0.1777,4.2306
1	Round_4_Replicate_3	-6989.91	13989.82	4906.75	373.52	1.0336,3.5025,0.6762,0.1777,4.2304
1	Round_4_Replicate_3	-6989.87	13989.74	4906.93	363.83	1.0589,3.5935,0.661,0.1726,4.3957
1	Round_2_Replicate_9	-7188.27	14386.54	11674.33	828.36	0.3298,1.743,2.7672,0.3283,1.3469
1	Round_4_Replicate_4	-6989.91	13989.82	4906.64	373.53	1.0336,3.5025,0.6762,0.1777,4.2304
1	Round_2_Replicate_10	-7141.1	14292.2	16096.71	708.25	0.682,1.8621,1.267,0.4935,1.0834
1	Round_4_Replicate_9	-6989.91	13989.82	4906.76	373.52	1.0336,3.5025,0.6762,0.1777,4.2304
1	Round_4_Replicate_3	-7038.84	14087.68	4503.27	106.11	3.1446,12.8877,0.1879,0.0475,18.3069
1	Round_3_Replicate_1	-7102.26	14214.52	5290.93	492.68	0.5185,2.9102,1.386,0.1704,3.5902
1	Round_4_Replicate_9	-6989.91	13989.82	4906.53	373.37	1.034,3.5039,0.6759,0.1776,4.233
1	Round_4_Replicate_8	-6989.88	13989.76	4909.32	367.31	1.0511,3.5616,0.6649,0.1746,4.323
1	Round_3_Replicate_2	-7235.05	14480.1	5054.48	799.5	0.3041,1.9489,1.8246,0.3779,1.1894
1	Round_4_Replicate_5	-6989.91	13989.82	4902.65	372.68	1.0361,3.5098,0.6746,0.1772,4.2441
1	Round_3_Replicate_3	-7310.42	14630.84	4625.43	516.02	0.8002,2.0649,0.9904,0.1723,5.6771
1	Round_4_Replicate_10	-6989.91	13989.82	4906.63	373.52	1.0336,3.5026,0.6762,0.1777,4.2305
1	Round_3_Replicate_4	-7213.38	14436.76	4657.74	428.56	0.8118,3.1004,0.5351,0.236,3.8168
1	Round_3_Replicate_5	-7296.4	14602.8	52632.1	223.85	2.2587,5.0746,0.4625,0.1991,8.0379
1	Round_4_Replicate_10	-6989.91	13989.82	4906.81	373.37	1.034,3.504,0.6759,0.1776,4.2326
1	Round_4_Replicate_5	-6989.8	13989.6	4924.81	332.18	1.16,3.9378,0.6037,0.1568,4.921
1	Round_4_Replicate_4	-6989.85	13989.7	4878.04	352.6	1.0944,3.7022,0.6385,0.1669,4.5838
1	Round_3_Replicate_6	-7083.72	14177.44	4992.54	416.76	0.6365,3.4747,1.0499,0.1555,4.1214
1	Round_4_Replicate_4	-6989.86	13989.72	4886.13	360.36	1.0695,3.6278,0.6532,0.1705,4.4477
1	Round_5_Replicate_1	-6989.91	13989.82	4906.64	373.53	1.0336,3.5025,0.6762,0.1777,4.2304
1	Round_3_Replicate_7	-7013.09	14036.18	5204.24	269.81	1.4624,4.711,0.5353,0.1083,6.7313
1	Round_4_Replicate_6	-6989.9	13989.8	4907.73	371.67	1.0389,3.519,0.6725,0.1771,4.2598
1	Round_4_Replicate_5	-6989.91	13989.82	4906.78	373.49	1.0337,3.5028,0.6761,0.1777,4.2309
1	Round_3_Replicate_8	-7169.35	14348.7	4533.69	483.94	0.5989,3.0495,1.1396,0.0426,3.0066
1	Round_4_Replicate_9	-6989.86	13989.72	4928.79	361.43	1.0698,3.6184,0.6541,0.1723,4.409
1	Round_4_Replicate_10	-6989.91	13989.82	4906.63	373.45	1.0337,3.5032,0.6761,0.1777,4.2317
1	Round_3_Replicate_9	-6993.94	13997.88	5238.95	522.63	0.7317,2.5264,0.9659,0.2676,2.622
1	Round_4_Replicate_7	-6989.91	13989.82	4906.64	373.53	1.0336,3.5025,0.6762,0.1777,4.2304
1	Round_5_Replicate_1	-6989.91	13989.82	4906.71	373.52	1.0336,3.5025,0.6762,0.1777,4.2305
1	Round_3_Replicate_10	-7091.73	14193.46	13852.16	248.18	1.351,5.5399,0.6491,0.1341,7.2181
1	Round_4_Replicate_5	-6989.91	13989.82	4906.74	373.51	1.0336,3.5026,0.6762,0.1777,4.2305
1	Round_4_Replicate_5	-6989.84	13989.68	4861.75	329.86	1.1651,3.9567,0.5981,0.1559,5.0099
1	Round_4_Replicate_6	-6989.91	13989.82	4907.49	373.2	1.0345,3.5054,0.6757,0.1776,4.2359
1	Round_4_Replicate_6	-6989.91	13989.82	4906.64	373.53	1.0336,3.5025,0.6762,0.1777,4.2304
1	Round_4_Replicate_8	-6989.83	13989.66	4905.5	349.62	1.1035,3.74,0.6324,0.1663,4.6131
1	Round_4_Replicate_10	-6989.91	13989.82	4909.01	372.92	1.0351,3.5085,0.6754,0.1774,4.2394
1	Round_4_Replicate_1	-6989.91	13989.82	4906.47	373.49	1.0337,3.5028,0.6761,0.1777,4.2309
1	Round_5_Replicate_1	-6989.91	13989.82	4906.79	373.52	1.0336,3.5026,0.6762,0.1777,4.2304
1	Round_4_Replicate_6	-6989.91	13989.82	4908.23	373.23	1.0345,3.5056,0.6756,0.1776,4.2328
1	Round_4_Replicate_6	-6989.91	13989.82	4906.63	373.51	1.0336,3.5026,0.6762,0.1777,4.2307
1	Round_4_Replicate_7	-6989.88	13989.76	4920.32	366.7	1.0535,3.5687,0.6639,0.1744,4.3249
1	Round_4_Replicate_7	-6989.91	13989.82	4907.91	373.55	1.0333,3.5026,0.6764,0.1777,4.2302
1	Round_4_Replicate_9	-6989.91	13989.82	4906.63	373.41	1.0339,3.5035,0.6759,0.1777,4.232
1	Round_4_Replicate_2	-6989.91	13989.82	4906.89	373.5	1.0336,3.5028,0.6762,0.1777,4.2308
1	Round_4_Replicate_8	-6989.81	13989.62	4879.18	329.0	1.173,3.9698,0.595,0.1551,4.9908
1	Round_5_Replicate_1	-6989.85	13989.7	4900.61	359.64	1.0736,3.6348,0.6513,0.1705,4.4503
1	Round_4_Replicate_7	-6989.91	13989.82	4906.64	373.53	1.0336,3.5025,0.6762,0.1777,4.2304
1	Round_4_Replicate_8	-6989.86	13989.72	4919.91	354.06	1.0859,3.6946,0.6432,0.169,4.5547
1	Round_4_Replicate_7	-6989.87	13989.74	4874.8	359.91	1.0748,3.6281,0.6494,0.1705,4.4488
1	Round_4_Replicate_8	-6989.91	13989.82	4906.68	373.52	1.0336,3.5025,0.6762,0.1777,4.2305
1	Round_4_Replicate_10	-6989.8	13989.6	4908.96	327.19	1.1782,3.9909,0.5931,0.1553,5.0346
1	Round_4_Replicate_9	-6989.91	13989.82	4907.05	372.72	1.0352,3.5113,0.675,0.1772,4.2414
1	Round_4_Replicate_3	-6989.83	13989.66	4924.22	348.23	1.1104,3.7567,0.6295,0.1654,4.617
1	Round_4_Replicate_9	-6989.91	13989.82	4900.92	373.03	1.0347,3.5059,0.6755,0.1774,4.2433
1	Round_4_Replicate_8	-6989.83	13989.66	4883.02	334.96	1.1495,3.8937,0.6081,0.1587,4.9145
1	Round_4_Replicate_10	-6989.91	13989.82	4906.61	373.47	1.0337,3.503,0.6761,0.1777,4.2313
1	Round_4_Replicate_9	-6989.91	13989.82	4906.69	373.42	1.0338,3.5034,0.676,0.1777,4.2321
1	Round_4_Replicate_4	-6989.87	13989.74	4889.95	362.4	1.0646,3.6032,0.6565,0.1723,4.4247
1	Round_4_Replicate_10	-6989.91	13989.82	4906.64	373.53	1.0336,3.5025,0.6762,0.1777,4.2304
1	Round_5_Replicate_1	-6989.86	13989.72	4953.39	355.21	1.0874,3.681,0.6433,0.1706,4.5157
1	Round_4_Replicate_9	-6989.81	13989.62	4889.27	334.84	1.1519,3.8957,0.6066,0.1589,4.903
1	Round_5_Replicate_1	-6989.81	13989.62	4925.04	333.59	1.1577,3.9205,0.6043,0.1579,4.8841
1	Round_4_Replicate_5	-6989.9	13989.8	4906.19	372.12	1.0386,3.5141,0.6724,0.1775,4.2503
1	Round_5_Replicate_1	-6989.87	13989.74	4900.23	363.59	1.062,3.5963,0.6574,0.173,4.3841
1	Round_4_Replicate_6	-6989.91	13989.82	4906.64	373.53	1.0336,3.5025,0.6762,0.1777,4.2304
1	Round_4_Replicate_10	-6989.87	13989.74	4918.97	364.68	1.0591,3.5867,0.6602,0.1737,4.3629
1	Round_4_Replicate_10	-6989.83	13989.66	4886.95	340.27	1.1327,3.833,0.6174,0.1614,4.8128
1	Round_4_Replicate_7	-6989.91	13989.82	4906.64	373.53	1.0336,3.5025,0.6762,0.1777,4.2304
1	Round_5_Replicate_1	-6989.85	13989.7	4901.65	359.25	1.0724,3.6411,0.6513,0.1705,4.4603
1	Round_5_Replicate_1	-6989.85	13989.7	4897.95	353.29	1.0911,3.6989,0.6425,0.1664,4.5662
1	Round_4_Replicate_8	-6989.91	13989.82	4906.49	373.45	1.0338,3.5032,0.6761,0.1777,4.2317
1	Round_4_Replicate_9	-6989.91	13989.82	4906.68	373.35	1.034,3.504,0.6759,0.1776,4.2332
1	Round_4_Replicate_10	-6989.87	13989.74	4896.5	362.24	1.0648,3.6063,0.6565,0.1722,4.4236
1	Round_5_Replicate_1	-6989.88	13989.76	4884.94	365.36	1.0561,3.5779,0.6606,0.1736,4.3641
