Model	Replicate	log-likelihood	AIC	chi-squared	theta	optimized_params
Model	Replicate	log-likelihood	AIC	chi-squared	theta	optimized_params
Model	Replicate	log-likelihood	AIC	chi-squared	theta	optimized_params
Model	Replicate	log-likelihood	AIC	chi-squared	theta	optimized_params
Model	Replicate	log-likelihood	AIC	chi-squared	theta	optimized_params
Model	Replicate	log-likelihood	AIC	chi-squared	theta	optimized_params
Model	Replicate	log-likelihood	AIC	chi-squared	theta	optimized_params
Model	Replicate	log-likelihood	AIC	chi-squared	theta	optimized_params
Model	Replicate	log-likelihood	AIC	chi-squared	theta	optimized_params
Model	Replicate	log-likelihood	AIC	chi-squared	theta	optimized_params
1	Round_1_Replicate_1	-6771.8	13559.6	2688.28	493.49	0.7358,2.8036,3.0932,0.6689,0.0845,9.6503,8.2937,0.2086
1	Round_1_Replicate_1	-7018.79	14053.58	3545.95	694.9	0.9172,1.5805,2.0145,0.3971,0.2242,0.9829,3.3273,0.7133
1	Round_1_Replicate_1	-7251.65	14519.3	6029.91	798.8	0.3231,2.3885,0.5683,1.0939,0.3989,9.6061,0.3149,0.373
1	Round_1_Replicate_1	-7313.35	14642.7	6329.03	545.21	0.2923,3.3042,2.0216,1.2701,0.2106,8.867,0.4734,0.3592
1	Round_1_Replicate_1	-8953.17	17922.34	26058.55	1464.65	0.299,0.659,0.0701,0.0689,0.0351,0.0555,0.0065,0.6618
1	Round_1_Replicate_1	-6984.53	13985.06	3114.2	2095.97	0.2131,0.5666,7.6517,3.131,7.2954,1.6135,0.6014,0.2021
1	Round_1_Replicate_2	-7756.92	15529.84	7414.42	1609.68	0.1709,0.6184,0.0733,11.0913,0.2431,1.2221,0.295,0.4926
1	Round_1_Replicate_1	-7018.64	14053.28	3096.82	4355.71	0.1041,0.2476,5.1936,7.974,14.4595,2.9817,0.5725,0.2417
1	Round_1_Replicate_1	-7161.17	14338.34	3441.95	2598.11	0.1041,0.471,6.8264,19.1263,0.6523,2.3195,1.6341,0.3674
1	Round_1_Replicate_2	-7909.51	15835.02	10984.14	1366.34	0.4084,0.6884,0.1123,3.5119,4.3447,0.4816,0.2561,0.5562
1	Round_1_Replicate_1	-7115.86	14247.72	3174.5	2435.86	0.1123,0.4872,16.282,2.791,0.4743,16.7219,1.1785,0.6293
1	Round_1_Replicate_3	-7090.68	14197.36	6184.11	704.77	0.6526,1.6492,2.2222,1.4015,0.3174,0.2264,1.3983,0.2396
1	Round_1_Replicate_2	-7110.5	14237.0	8872.59	745.0	0.5333,2.1033,2.264,1.6627,0.2383,1.7996,19.3949,0.2832
1	Round_1_Replicate_2	-6778.38	13572.76	3356.64	367.62	1.1516,3.8433,3.8746,0.416,0.1328,2.9917,3.1923,0.3598
1	Round_1_Replicate_1	-15342.18	30700.36	53405.14	878.3	1.7069,0.0778,2.3122,1.634,0.2768,0.1265,10.0917,0.99
1	Round_1_Replicate_3	-7564.97	15145.94	8759.32	1207.94	0.2878,1.2389,0.1766,0.1591,1.0059,11.7769,0.2688,0.3671
1	Round_1_Replicate_2	-7693.9	15403.8	6756.16	1256.89	0.4957,0.7266,0.2471,0.7022,1.2945,2.3582,0.2784,0.4825
1	Round_1_Replicate_2	-16168.27	32352.54	59395.14	531.64	11.7108,0.2563,0.1806,2.0923,0.2702,0.2087,2.8122,0.9088
1	Round_1_Replicate_3	-6870.88	13757.76	3416.25	499.42	0.8939,2.391,3.1302,1.4144,0.7241,0.1805,0.133,0.2175
1	Round_1_Replicate_3	-22615.06	45246.12	3.10032035778348e+23	434.73	7.9596,3.7015,0.2044,0.1755,3.1565,0.2264,1.4519,0.99
1	Round_1_Replicate_3	-7049.91	14115.82	3713.92	879.47	0.5405,1.3582,3.4251,0.9727,0.6101,0.8959,15.2596,0.2993
1	Round_1_Replicate_4	-7439.48	14894.96	17160.08	923.3	0.5157,1.5274,0.4931,0.2106,1.1504,4.0358,2.5521,0.3572
1	Round_1_Replicate_2	-9113.72	18243.44	12088.67	5157.53	0.1945,0.1015,2.0533,0.2166,17.9864,0.1601,0.1572,0.0169
1	Round_1_Replicate_4	-6990.13	13996.26	3368.59	247.79	2.1115,4.5105,7.6649,3.9655,0.1895,0.3074,0.0826,0.817
1	Round_1_Replicate_5	-7305.42	14626.84	5441.22	547.33	1.0218,1.9534,2.6804,6.752,4.8058,0.4489,0.4665,0.5376
1	Round_1_Replicate_4	-15764.28	31544.56	2.3426729613622582e+20	568.81	0.786,5.7811,1.8438,4.1295,6.293,0.9585,4.7914,0.99
1	Round_1_Replicate_3	-7358.07	14732.14	4685.01	3645.76	0.1078,0.4129,6.7172,0.795,18.6102,4.6594,0.6544,0.3807
1	Round_1_Replicate_4	-19787.76	39591.52	1.3659385637129175e+22	588.52	2.0418,2.5048,0.5271,0.7176,8.5592,0.3341,5.1244,0.1448
1	Round_1_Replicate_3	-6928.19	13872.38	3226.94	220.49	2.5876,6.5113,11.4608,0.1789,0.0812,0.1175,9.0898,0.3805
1	Round_1_Replicate_2	-18964.05	37944.1	3028077980652244.0	1235.9	0.1191,10.8375,0.3743,0.2677,14.415,0.4233,12.209,0.9987
1	Round_1_Replicate_5	-7021.46	14058.92	3732.55	380.64	0.7427,3.4507,6.2536,12.1131,1.5039,0.3616,0.2411,0.7108
1	Round_1_Replicate_4	-6929.56	13875.12	3170.23	550.58	0.3824,2.8252,2.8347,0.8303,0.1111,16.3414,0.0079,0.2866
1	Round_1_Replicate_5	-7132.43	14280.86	7761.46	377.79	0.9516,3.7007,8.3432,0.9268,0.1575,6.784,19.5221,0.242
1	Round_1_Replicate_4	-14909.43	29834.86	196290.68	1446.21	0.9237,0.1019,0.1969,9.725,3.1303,3.2783,5.8733,0.99
1	Round_1_Replicate_2	-13788.3	27592.6	32297.99	5418.74	0.1349,0.0686,6.4393,0.2034,0.1591,2.202,0.9452,0.99
1	Round_1_Replicate_5	-6853.83	13723.66	2869.5	588.75	0.9338,1.9098,1.9661,0.4582,0.2017,6.4667,2.519,0.2944
1	Round_1_Replicate_6	-7092.21	14200.42	3629.72	3716.81	0.1522,0.2865,4.1379,2.9791,1.4315,2.8218,13.7198,0.7819
1	Round_1_Replicate_4	-7072.2	14160.4	3012.27	995.17	0.2621,1.2189,14.6093,17.1317,0.9319,1.6561,0.1489,0.647
1	Round_1_Replicate_5	-8452.93	16921.86	671457.7	711.91	1.2405,1.2918,0.9441,0.6173,1.4101,5.3388,0.9809,0.384
1	Round_1_Replicate_3	-6900.04	13816.08	3124.16	668.1	0.6671,1.81,1.8423,1.6666,0.445,0.2915,0.1449,0.3028
1	Round_1_Replicate_6	-7127.47	14270.94	3335.46	1005.43	0.2735,1.1973,14.5393,14.3924,8.6732,2.1035,0.184,0.8411
1	Round_1_Replicate_7	-6999.05	14014.1	3684.69	884.45	0.5003,1.4393,0.8696,4.1951,2.3275,0.2147,0.0966,0.397
1	Round_1_Replicate_6	-6852.91	13721.82	3045.15	347.16	1.1232,3.6018,5.6385,0.2081,0.118,2.3218,0.2871,0.6087
1	Round_1_Replicate_5	-7747.25	15510.5	8060.23	1138.02	0.4633,1.3518,0.2263,0.3848,14.479,0.8984,0.1742,0.5792
1	Round_1_Replicate_7	-7418.64	14853.28	4948.04	1028.43	0.6328,0.8869,1.6656,0.1291,8.6089,0.5444,0.9782,0.747
1	Round_1_Replicate_8	-7429.07	14874.14	15194.52	851.5	0.8666,1.1662,0.7759,0.8476,0.9808,0.0828,13.3596,0.0885
1	Round_1_Replicate_6	-7309.74	14635.48	4294.18	1053.41	0.5839,1.0812,0.6105,0.7216,0.2089,0.3895,9.0094,0.3467
1	Round_1_Replicate_3	-10328.11	20672.22	15725734.33	400.55	3.4327,0.9926,3.2745,12.4448,0.7245,0.0966,2.7528,0.9824
1	Round_1_Replicate_8	-7040.23	14096.46	4675.3	313.41	1.1007,4.7755,4.4414,0.9956,0.0365,0.1504,0.1644,0.1364
1	Round_1_Replicate_7	-7827.39	15670.78	15546.81	1413.85	0.2908,0.7724,0.0907,1.025,0.2265,9.2904,3.3807,0.3541
1	Round_1_Replicate_4	-6760.79	13537.58	2966.75	502.16	0.8693,2.7522,2.0457,5.0299,1.0631,0.5021,0.1399,0.7002
1	Round_1_Replicate_9	-6942.14	13900.28	3103.04	977.65	0.3235,1.5565,0.5431,1.0362,0.0786,7.6398,2.9239,0.3452
1	Round_1_Replicate_4	-19790.03	39596.06	163479886196.42	403.72	10.5205,0.5564,0.4476,4.4332,11.5444,0.3427,5.5544,0.0931
1	Round_1_Replicate_6	-8668.3	17352.6	10654.84	1424.19	0.0824,1.5644,2.7611,0.1274,7.5312,7.3136,0.3595,0.44
1	Round_1_Replicate_10	-7252.32	14520.64	4310.38	1733.96	0.2541,0.7815,15.4116,2.7694,0.1744,0.2609,14.8076,0.4328
1	Round_1_Replicate_8	-6882.14	13780.28	3690.09	653.27	0.8017,2.0689,1.7452,4.5126,13.3998,0.7643,0.2683,0.7042
1	Round_1_Replicate_5	-8816.22	17648.44	4430616.07	1186.99	0.2984,1.5038,0.1272,0.8725,2.2377,0.1298,3.8493,0.4659
1	Round_1_Replicate_9	-17603.78	35223.56	1230864.79	516.8	6.7834,0.1535,0.5767,0.9865,4.3128,6.3855,14.8172,0.4912
1	Round_1_Replicate_7	-9617.36	19250.72	116902032.55	680.68	1.5649,2.021,0.303,2.4061,1.9072,0.461,1.0065,0.8771
1	Round_1_Replicate_7	-21614.63	43245.26	288448.21	3446.04	0.1108,0.0863,1.3999,0.0881,0.3534,0.3006,0.2853,0.996
1	Round_1_Replicate_10	-7738.43	15492.86	5552.73	1797.27	0.1817,0.5395,0.2152,1.0282,8.0982,2.4685,0.3578,0.5885
1	Round_1_Replicate_6	-8771.1	17558.2	9482.72	565.96	0.1728,2.4555,13.1838,1.0095,0.1301,2.0435,0.2314,0.6805
1	Round_1_Replicate_8	-6952.91	13921.82	4101.0	350.43	0.9812,4.5569,3.2457,5.8699,0.0816,0.2691,0.0972,0.6762
1	Round_1_Replicate_9	-6739.06	13494.12	3094.09	215.54	1.7019,6.4241,7.4792,0.3101,0.0645,10.3525,3.9415,0.1839
1	Round_1_Replicate_10	-7024.39	14064.78	3938.8	714.71	0.6567,2.1345,0.9469,2.9739,3.8863,0.514,0.0958,0.4361
1	Round_1_Replicate_2	-11077.21	22170.42	498552.36	5814.11	0.1831,0.1065,10.3732,16.489,0.8306,12.0365,1.5007,0.3356
1	Round_1_Replicate_9	-7181.77	14379.54	3624.85	5002.02	0.1138,0.1948,1.0838,5.6997,17.2145,1.7915,1.1928,0.0927
1	Round_1_Replicate_7	-7109.21	14234.42	6766.34	923.45	0.4909,1.376,0.8938,0.8581,0.8662,7.3976,0.1065,0.428
1	Round_1_Replicate_11	-8610.62	17237.24	9137.57	1603.34	0.1166,0.7668,1.1746,1.0726,0.0953,1.9774,0.8446,0.99
1	Round_1_Replicate_5	-8926.46	17868.92	8712.39	986.28	0.8331,0.4981,7.4838,1.0095,2.4795,0.7616,0.8331,0.5116
1	Round_1_Replicate_8	-6858.96	13733.92	4079.51	516.14	0.8023,2.7626,2.4537,2.7744,3.4758,0.8073,0.1439,0.6509
1	Round_1_Replicate_8	-12789.43	25594.86	2.1227521476323932e+16	230.95	3.0653,4.6712,8.6412,0.2702,2.9953,0.6513,1.5618,0.99
1	Round_1_Replicate_6	-23278.93	46573.86	1.4859957968536005e+25	593.15	2.3494,8.6677,0.1353,0.873,13.648,0.4048,1.6285,0.9533
1	Round_1_Replicate_9	-6899.87	13815.74	3597.42	386.27	0.7314,3.7605,4.4027,1.7268,0.6096,0.3854,0.0748,0.2983
1	Round_1_Replicate_11	-23993.35	48002.7	2.2236149437241814e+24	590.36	14.6202,1.6405,0.0942,2.9403,0.3986,0.9534,0.3233,0.99
1	Round_1_Replicate_9	-7685.82	15387.64	5206.53	1469.5	0.351,0.5732,11.1319,1.5215,0.5103,1.5462,3.1842,0.3231
1	Round_1_Replicate_11	-8025.79	16067.58	5831.66	1652.27	0.3329,0.4639,0.8484,0.2053,0.1177,2.7141,0.9303,0.9836
1	Round_1_Replicate_10	-7931.69	15879.38	15825.88	1516.93	0.1304,0.8639,0.0644,0.117,0.1799,7.9091,0.4463,0.9216
1	Round_1_Replicate_12	-7132.41	14280.82	3550.82	1148.46	0.4424,0.999,0.3207,0.5072,0.3002,10.8507,3.0299,0.3099
1	Round_1_Replicate_11	-7528.69	15073.38	5248.54	1120.14	0.1619,1.6563,0.2573,4.6698,0.1692,0.5124,0.0862,0.0654
1	Round_1_Replicate_12	-8352.02	16720.04	40955.83	694.84	0.3171,2.0505,8.9388,0.0878,0.7636,6.6411,1.1148,0.3668
1	Round_1_Replicate_6	-20920.62	41857.24	2.5764848410490956e+23	927.22	1.3646,2.1854,0.0648,0.2266,14.8132,3.6559,0.1302,0.99
1	Round_1_Replicate_13	-7298.75	14613.5	4815.76	2268.43	0.1782,0.4817,2.7949,4.5692,0.7688,0.0573,6.8,0.2136
1	Round_1_Replicate_12	-7441.28	14898.56	4603.48	6131.31	0.0439,0.2101,3.5941,19.2075,0.1547,0.315,5.3536,0.1944
1	Round_1_Replicate_5	-7361.15	14738.3	7757.82	619.24	0.8208,1.7932,12.6396,0.9779,0.5271,0.0792,17.9263,0.2949
1	Round_1_Replicate_3	-10946.08	21908.16	266805.81	684.47	0.238,3.0925,1.3736,0.6719,4.9967,0.4771,1.028,0.9958
1	Round_1_Replicate_13	-6785.93	13587.86	2610.38	505.15	0.6794,2.5056,3.695,0.443,0.1253,7.4137,3.0001,0.3677
1	Round_1_Replicate_12	-7526.79	15069.58	7700.64	3660.71	0.0775,0.4197,1.2891,0.6914,13.5815,10.9092,0.8844,0.4673
1	Round_1_Replicate_7	-9346.72	18709.44	93094892.9	1018.65	0.3104,1.4002,0.7575,6.4672,13.9539,7.4869,0.3461,0.99
1	Round_1_Replicate_10	-10621.44	21258.88	579646.43	1029.16	0.2033,5.2835,0.0739,0.1264,0.7833,0.6024,19.0956,0.0454
1	Round_1_Replicate_14	-6918.0	13852.0	4830.94	181.55	2.5168,7.6174,7.8267,0.1471,0.0942,1.7754,0.0939,0.3699
1	Round_1_Replicate_13	-6751.32	13518.64	2891.45	328.57	1.1084,4.0693,5.0814,1.9735,0.6433,0.3525,0.0599,0.4608
1	Round_1_Replicate_10	-17104.24	34224.48	75837.76	423.8	5.3252,0.0976,1.332,0.1887,5.9192,0.1817,9.687,0.99
1	Round_1_Replicate_14	-7535.75	15087.5	4364.08	1527.98	0.2824,0.6841,1.2219,2.3332,0.1762,12.9103,0.1582,0.384
1	Round_1_Replicate_7	-7803.24	15622.48	6609.07	1551.01	0.2541,0.5877,0.0989,6.8799,0.632,0.1328,0.2085,0.4184
1	Round_1_Replicate_13	-9530.99	19077.98	3965490396.08	357.42	1.662,4.1624,2.1025,11.8812,0.7378,0.9981,0.6604,0.8188
1	Round_1_Replicate_14	-8095.53	16207.06	92958.38	1089.44	0.3554,1.6858,0.1344,2.3137,0.0373,1.624,0.0607,0.0671
1	Round_1_Replicate_11	-7837.04	15690.08	5554.91	2178.51	0.2943,0.4386,3.8951,12.0032,0.0938,0.5593,2.0399,0.2822
1	Round_1_Replicate_8	-8004.75	16025.5	6743.11	3945.4	0.0926,0.261,0.3989,0.116,15.7241,5.518,0.7166,0.4408
1	Round_1_Replicate_8	-7460.0	14936.0	5390.53	771.68	0.3427,2.7064,0.4624,0.6166,0.0684,17.6439,3.1847,0.3313
1	Round_1_Replicate_11	-7259.2	14534.4	4693.2	1264.54	0.2785,1.0022,0.4553,0.1207,0.3442,4.2674,3.5702,0.7261
1	Round_1_Replicate_15	-7170.32	14356.64	3632.31	1963.53	0.3019,0.4744,11.1701,2.4025,7.2798,1.505,0.3505,0.2268
1	Round_1_Replicate_14	-6702.57	13421.14	2755.59	102.68	3.959,12.5438,18.1416,0.1144,0.0334,1.1177,0.5048,0.2593
1	Round_1_Replicate_9	-7196.8	14409.6	12605.45	598.91	0.6955,2.3025,3.1861,0.4644,0.635,3.6823,6.2946,0.359
1	Round_1_Replicate_9	-6938.3	13892.6	2992.41	999.8	0.3952,1.3371,4.3644,3.283,8.1327,1.3802,0.2637,0.4628
1	Round_1_Replicate_12	-6890.12	13796.24	3304.84	776.03	0.4819,1.6522,1.5291,1.9894,0.6115,0.2752,0.1928,0.1506
1	Round_1_Replicate_15	-6897.28	13810.56	4183.48	267.87	1.6105,4.6849,6.8924,0.4634,0.0925,7.2994,0.1929,0.1814
1	Round_1_Replicate_15	-6951.4	13918.8	3053.02	778.72	0.4954,1.7819,1.2065,0.8118,0.0361,8.3952,0.1791,0.4179
1	Round_1_Replicate_10	-7503.47	15022.94	12154.57	981.17	0.635,1.2485,0.3931,0.5545,3.4408,1.1778,0.3544,0.3725
1	Round_1_Replicate_12	-7172.38	14360.76	3519.15	4194.51	0.0818,0.2634,1.8591,19.9576,1.6659,2.746,3.1662,0.4072
1	Round_2_Replicate_1	-7052.34	14120.68	5308.48	328.99	1.5167,3.7564,4.3345,2.1345,1.4034,0.5622,0.0578,0.8088
1	Round_1_Replicate_11	-7009.61	14035.22	3749.7	694.09	0.8587,1.8957,0.8457,1.8012,2.0359,0.3797,0.1393,0.474
1	Round_2_Replicate_1	-6978.0	13972.0	5119.34	114.88	2.4548,13.6143,14.2017,0.0756,0.0258,0.9112,0.2704,0.5205
1	Round_1_Replicate_15	-16140.46	32296.92	2.0143513964156452e+18	862.21	1.0416,2.9579,0.0985,7.0635,0.5649,1.4201,2.4509,0.8686
1	Round_1_Replicate_4	-10123.77	20263.54	17824.53	2201.99	0.3444,0.272,8.1099,0.0796,0.3228,0.1766,2.2124,0.9976
1	Round_1_Replicate_13	-7119.72	14255.44	3192.19	3001.73	0.1029,0.3814,6.1608,3.3007,1.1491,19.817,0.9591,0.5758
1	Round_2_Replicate_2	-6807.44	13630.88	2684.74	538.14	0.7611,2.2117,3.1275,3.0596,1.1002,0.4183,0.079,0.5787
1	Round_2_Replicate_2	-6775.57	13567.14	2995.6	148.28	2.4594,8.6113,14.6167,0.2447,0.0421,2.665,1.2134,0.2492
1	Round_2_Replicate_1	-6846.54	13709.08	2823.34	626.58	0.4341,2.1065,3.2749,1.0269,0.2416,10.4641,3.6733,0.248
1	Round_2_Replicate_3	-6715.59	13447.18	2649.78	111.37	3.4428,11.5072,17.8482,0.0943,0.0276,0.8145,0.3388,0.3627
1	Round_2_Replicate_2	-6808.87	13633.74	3154.97	339.82	1.0137,4.1019,4.6686,0.5524,0.031,3.746,1.0547,0.3532
1	Round_2_Replicate_3	-7021.63	14059.26	6654.83	244.21	1.559,5.128,8.4502,2.0503,0.5733,0.5549,0.0941,0.8764
1	Round_1_Replicate_14	-8316.81	16649.62	12359.57	332.71	1.7213,3.8833,3.4273,19.4847,3.3147,0.3443,0.2162,0.4722
1	Round_2_Replicate_1	-6977.02	13970.04	3319.84	487.13	0.573,2.839,4.0635,1.0782,0.037,19.9316,1.2596,0.0967
1	Round_2_Replicate_4	-6822.62	13661.24	3137.45	93.42	5.8951,12.3253,17.8559,0.0825,0.0376,0.6485,0.4079,0.2986
1	Round_1_Replicate_6	-14281.27	28578.54	550764581058.23	694.08	1.6334,0.399,9.6698,7.9207,6.1385,2.2883,7.3098,0.9713
1	Round_2_Replicate_4	-6756.62	13529.24	2953.4	282.59	1.3352,4.6715,6.2278,1.0807,0.5719,0.1956,0.058,0.4162
1	Round_1_Replicate_12	-15876.35	31768.7	223329.42	609.13	7.5754,0.3632,0.1672,2.8944,0.3869,0.6326,0.2033,0.9764
1	Round_2_Replicate_3	-6845.49	13706.98	3023.4	765.61	0.3695,1.9017,1.4118,0.6247,0.0799,6.9465,1.1628,0.5459
1	Round_1_Replicate_15	-8225.97	16467.94	7627.63	1991.76	0.1416,0.3608,0.0961,5.2085,0.0619,0.0882,8.7902,0.4643
1	Round_2_Replicate_5	-6820.83	13657.66	2953.11	473.05	0.9163,2.6432,3.0215,1.6743,0.4275,0.2733,0.042,0.3243
1	Round_1_Replicate_7	-7086.32	14188.64	3758.82	1181.32	0.3148,1.1516,0.2644,0.7134,0.1507,6.1222,1.3936,0.5766
1	Round_1_Replicate_13	-7911.51	15839.02	10770.08	2158.97	0.3563,0.3482,2.4552,1.004,4.095,19.8235,1.734,0.3087
1	Round_2_Replicate_2	-6952.53	13921.06	5862.29	101.75	2.8035,14.6411,17.6182,0.2146,0.0428,5.0481,1.0488,0.2451
1	Round_1_Replicate_13	-6774.9	13565.8	2987.73	387.86	0.7757,3.8373,3.7614,0.4064,0.0857,6.3656,0.4028,0.3657
1	Round_2_Replicate_6	-7020.97	14057.94	4803.18	474.97	0.5729,3.4982,2.2079,2.5161,0.2513,0.6059,0.1486,0.3813
1	Round_2_Replicate_4	-6738.81	13493.62	2883.06	304.98	1.3673,4.2914,5.0829,0.3181,0.1197,9.2514,5.3273,0.1856
1	Round_2_Replicate_1	-6861.44	13738.88	3955.27	375.59	1.1795,3.4648,3.7048,1.1101,0.6066,0.1594,0.1414,0.3437
1	Round_2_Replicate_7	-6728.26	13472.52	2714.64	301.51	1.3093,4.1963,6.0145,1.6117,0.7497,0.2171,0.0643,0.4667
1	Round_2_Replicate_5	-6743.16	13502.32	2758.39	311.06	1.0582,4.606,5.7443,0.3574,0.0769,3.4661,2.3957,0.3485
1	Round_1_Replicate_8	-8107.76	16231.52	6390.13	844.61	1.1874,0.8837,0.697,0.6354,0.1282,0.1207,5.144,0.4468
1	Round_2_Replicate_2	-6862.49	13740.98	3610.67	452.19	1.0372,3.0324,2.2779,2.427,0.4431,0.2526,0.1662,0.4869
1	Round_2_Replicate_8	-6895.9	13807.8	4765.74	155.15	2.5442,9.7121,8.289,1.4974,0.2603,0.2007,0.0429,0.6881
1	Round_2_Replicate_3	-6810.06	13636.12	3290.49	189.28	1.6197,7.2889,10.6742,0.334,0.0688,10.3001,0.9643,0.2438
1	Round_2_Replicate_3	-7329.6	14675.2	5797.75	538.14	0.5818,2.0952,12.2961,0.8985,0.5722,4.8507,0.0812,0.0774
1	Round_1_Replicate_14	-7697.29	15410.58	14678.17	2482.24	0.2776,0.3553,14.1592,3.2369,0.1076,1.9569,8.0561,0.9573
1	Round_1_Replicate_14	-13473.27	26962.54	32333.68	1158.18	1.3115,0.1125,0.3565,0.6698,0.546,0.1104,6.3244,0.99
1	Round_1_Replicate_5	-12978.14	25972.28	7911543.11	380.85	3.521,0.4463,9.3584,9.0747,1.8721,0.3473,4.9896,0.9726
1	Round_2_Replicate_9	-6807.06	13630.12	3096.24	478.24	0.6662,3.0657,2.7475,2.8517,0.3161,0.3623,0.0412,0.3871
1	Round_2_Replicate_6	-6995.91	14007.82	4482.92	334.16	0.6894,4.4308,5.7791,0.7723,0.1626,9.5886,2.4746,0.1254
1	Round_2_Replicate_5	-7412.53	14841.06	79312.0	73.69	6.4696,19.8913,18.4263,0.0695,0.078,1.0433,0.8742,0.18
1	Round_1_Replicate_9	-8758.02	17532.04	7655.5	7398.36	0.0885,0.1132,0.8514,0.1379,0.189,13.7808,0.5273,0.9936
1	Round_2_Replicate_10	-6763.15	13542.3	2774.52	347.57	1.433,3.4562,4.1776,4.2388,2.576,0.3309,0.118,0.7792
1	Round_1_Replicate_15	-7311.3	14638.6	3692.23	3415.41	0.1092,0.2919,1.7609,13.5555,3.2728,1.9592,0.7206,0.1767
1	Round_2_Replicate_4	-6780.91	13577.82	3007.4	467.85	0.8039,2.8601,3.118,1.5236,0.7478,0.3505,0.0838,0.3868
1	Round_1_Replicate_6	-6880.49	13776.98	3646.52	347.54	0.7333,4.3667,4.6932,2.7464,0.2775,0.3363,0.0867,0.4066
1	Round_2_Replicate_7	-7000.65	14017.3	3519.12	557.75	0.525,2.5588,2.6418,0.9991,0.1153,6.125,0.0306,0.1027
1	Round_1_Replicate_15	-6834.29	13684.58	3630.71	259.94	1.3375,5.4704,6.1075,0.4056,0.101,10.7282,0.0845,0.0941
1	Round_2_Replicate_4	-7028.92	14073.84	5479.45	121.85	2.3271,12.9498,18.6515,0.2479,0.0618,2.1175,5.53,0.1543
1	Round_1_Replicate_10	-6981.82	13979.64	3630.13	416.4	0.9167,2.9194,4.8823,1.9692,0.4356,0.4581,0.1747,0.3141
1	Round_2_Replicate_5	-6847.3	13710.6	3262.35	425.61	1.2097,2.8204,3.5983,0.7972,1.1821,0.2484,0.1402,0.3832
1	Round_2_Replicate_1	-6806.05	13628.1	2912.78	577.1	0.6154,2.3399,2.4723,4.1677,1.9621,0.4753,0.0779,0.4294
1	Round_2_Replicate_1	-6889.15	13794.3	3472.43	271.41	1.6281,4.7421,5.8063,0.8775,0.1183,0.1126,0.1148,0.3029
1	Round_2_Replicate_8	-6781.74	13579.48	3223.35	593.84	0.5182,2.43,2.1119,1.0155,0.196,15.698,4.3272,0.254
1	Round_1_Replicate_7	-6972.05	13960.1	4009.9	428.67	0.9552,2.9711,3.5849,0.6262,0.1983,1.3413,0.1187,0.2218
1	Round_2_Replicate_2	-6713.58	13443.16	2749.0	442.15	0.9595,2.943,3.042,5.4329,2.1683,0.4992,0.1269,0.7103
1	Round_2_Replicate_6	-7180.72	14377.44	4452.67	565.75	0.9961,2.0742,14.6671,0.3896,2.7333,0.7106,0.0635,0.319
1	Round_2_Replicate_2	-6908.75	13833.5	3848.82	254.3	1.0231,5.7864,7.8272,0.3569,0.1131,2.8824,0.0973,0.4464
1	Round_2_Replicate_5	-6919.98	13855.96	5959.75	179.39	1.948,8.0928,8.6177,0.3559,0.0725,12.436,1.3273,0.0442
1	Round_1_Replicate_8	-7099.48	14214.96	4329.57	650.67	0.4726,2.4151,2.3825,1.4013,0.1091,0.0897,8.8007,0.166
1	Round_2_Replicate_9	-6736.27	13488.54	2724.84	402.18	1.0611,3.1866,3.7408,0.475,0.0795,3.6322,2.1457,0.3306
1	Round_2_Replicate_3	-6814.78	13645.56	3372.91	491.49	0.8237,2.8678,2.217,1.9617,0.6212,0.422,0.0755,0.3652
1	Round_1_Replicate_10	-7479.39	14974.78	4708.58	1317.29	0.1499,1.0372,17.2921,5.411,0.0236,2.1232,0.2635,0.0415
1	Round_2_Replicate_3	-7060.85	14137.7	5444.26	353.56	1.2088,4.4846,2.5156,0.3639,0.1042,1.1397,0.4648,0.5166
1	Round_2_Replicate_7	-6774.7	13565.4	2822.66	670.27	0.5768,1.9454,1.7916,2.9548,0.7537,0.6212,0.1689,0.4869
1	Round_2_Replicate_4	-6736.81	13489.62	2814.74	486.65	0.7337,2.9509,2.494,3.8929,1.505,0.5563,0.0865,0.67
1	Round_2_Replicate_10	-6764.66	13545.32	2998.12	580.27	0.6727,2.3947,1.8565,0.711,0.135,5.4522,0.9985,0.3806
1	Round_2_Replicate_4	-6890.79	13797.58	3959.25	310.71	1.5381,4.3811,3.7923,0.3773,0.0876,2.2336,0.369,0.334
1	Round_2_Replicate_5	-6799.3	13614.6	2846.57	611.06	0.8047,1.9798,1.8193,3.7682,1.5429,0.5888,0.1511,0.6236
1	Round_2_Replicate_8	-6890.32	13796.64	3198.93	642.08	0.7323,1.9522,2.5757,1.7014,2.6374,0.4479,0.1712,0.2936
1	Round_2_Replicate_5	-6985.18	13986.36	3535.61	691.58	0.4374,2.0008,1.9274,0.0955,0.0454,1.825,0.315,0.8752
1	Round_2_Replicate_9	-6974.93	13965.86	4383.22	523.31	0.8881,2.6163,1.8175,0.9895,0.3995,0.1069,0.0775,0.0664
1	Round_2_Replicate_6	-7867.24	15750.48	7259.45	202.33	0.405,8.6104,10.407,0.5237,0.0396,15.3495,1.5251,0.2583
1	Round_1_Replicate_11	-7780.38	15576.76	6290.16	493.65	1.3754,2.3302,1.6853,0.5816,0.1077,0.2403,0.2512,0.9699
1	Round_2_Replicate_6	-6796.54	13609.08	3677.76	313.43	1.1159,4.5178,4.7824,7.151,2.8023,0.5385,0.1085,0.8871
1	Round_1_Replicate_9	-7297.81	14611.62	4480.7	2841.55	0.1759,0.4192,9.961,3.8042,0.0917,1.6116,10.5509,0.5843
1	Round_2_Replicate_6	-6759.17	13534.34	2879.35	276.72	1.3154,4.8973,6.0175,0.359,0.0593,1.9797,0.3184,0.3274
1	Round_2_Replicate_10	-6927.48	13870.96	3148.01	475.98	0.8374,2.5338,3.9987,1.5732,0.2603,0.2194,0.0596,0.1637
1	Round_2_Replicate_7	-6822.53	13661.06	3168.25	697.2	0.6357,1.8618,1.3731,2.5121,1.0551,0.3718,0.1352,0.3254
1	Round_2_Replicate_7	-6915.87	13847.74	3045.69	220.6	1.5176,6.0306,9.1657,0.1507,0.0276,3.5776,1.6079,0.4081
1	Round_2_Replicate_6	-12147.95	24311.9	51432128698.4	65.61	11.4392,19.1645,19.926,0.3157,0.0205,4.4216,0.4707,0.3421
1	Round_2_Replicate_8	-7088.68	14193.36	4884.96	572.66	0.6874,2.2254,2.611,1.9081,0.2737,0.727,0.1737,0.1638
1	Round_1_Replicate_10	-12011.09	24038.18	46939491.06	315.28	5.1506,1.0497,2.6549,0.1374,2.5328,3.6311,18.5735,0.333
1	Round_2_Replicate_8	-6773.26	13562.52	2743.07	326.35	1.4646,3.5618,5.1526,0.3312,0.1136,3.2619,1.2892,0.2386
1	Round_2_Replicate_7	-6834.18	13684.36	3087.74	300.74	0.8327,4.9408,6.4328,0.4976,0.0834,9.462,0.1272,0.3221
1	Round_2_Replicate_9	-6724.48	13464.96	2619.2	629.92	0.6073,2.0944,1.9697,4.4345,1.7459,0.5779,0.1078,0.5584
1	Round_2_Replicate_7	-6762.78	13541.56	3016.85	96.49	4.2237,13.8853,17.8009,0.1306,0.0157,0.8438,0.3656,0.2723
1	Round_1_Replicate_11	-14074.56	28165.12	37331.64	1918.14	0.6815,0.0655,6.0753,0.0625,2.2348,0.2419,7.4723,0.99
1	Round_1_Replicate_12	-7633.92	15283.84	379107.88	656.49	0.82,1.9735,13.199,1.5425,19.9483,0.498,1.2024,0.7269
1	Round_2_Replicate_8	-6790.42	13596.84	2676.51	472.91	0.588,2.9232,3.9505,0.5993,0.0809,5.2207,0.4446,0.3751
1	Round_2_Replicate_10	-6817.83	13651.66	2949.12	551.3	0.7404,2.4333,2.837,2.2099,4.1893,0.6358,0.1797,0.7287
1	Round_2_Replicate_9	-6753.74	13523.48	2826.89	130.42	2.6463,10.7606,13.4794,0.1879,0.021,5.4347,0.6659,0.18
1	Round_3_Replicate_1	-6689.46	13394.92	2607.5	259.95	1.4586,5.0548,6.6818,2.7379,1.0716,0.2774,0.0668,0.6774
1	Round_1_Replicate_12	-6849.83	13715.66	4197.11	228.32	1.9346,5.6955,7.5597,0.3692,0.0739,2.2469,2.1999,0.2635
1	Round_1_Replicate_13	-7192.94	14401.88	3543.86	1349.75	0.1785,0.9538,7.3785,2.4163,0.2978,6.0693,5.0029,0.3581
1	Round_1_Replicate_11	-12730.71	25477.42	153677.1	624.4	0.1281,10.418,0.2528,0.1117,3.339,1.4528,0.5735,0.99
1	Round_1_Replicate_14	-7003.72	14023.44	3424.76	858.97	0.4398,1.7719,0.6759,0.8021,0.0873,13.1749,0.1876,0.4314
1	Round_1_Replicate_13	-6922.52	13861.04	4110.92	896.72	0.5146,1.3144,1.1212,0.8116,0.8007,19.9112,2.9754,0.1724
1	Round_1_Replicate_12	-6931.57	13879.14	3482.9	678.28	0.6427,1.9247,3.0121,1.8265,3.5361,0.927,0.1467,0.413
1	Round_3_Replicate_1	-6689.55	13395.1	2613.25	283.84	1.3385,4.64,5.9724,0.305,0.0737,3.0628,1.1988,0.3184
1	Round_2_Replicate_9	-9079.86	18175.72	51894.9	227.25	0.7192,12.3849,2.3079,1.0697,0.0472,19.9442,2.1505,0.0746
1	Round_2_Replicate_10	-6730.93	13477.86	3033.21	275.8	1.5054,4.9256,5.0991,0.2927,0.0905,5.0841,1.6458,0.2477
1	Round_2_Replicate_8	-7405.03	14826.06	4555.94	86.14	4.6743,15.3964,19.9212,0.0476,0.0109,1.2714,0.181,0.144
1	Round_1_Replicate_13	-6960.15	13936.3	3602.04	838.52	0.6529,1.6536,1.7853,0.4374,19.8412,0.7861,0.4201,0.6484
1	Round_2_Replicate_9	-6696.74	13409.48	2664.43	135.49	3.0208,9.5386,13.684,0.1249,0.0369,1.1817,0.698,0.3436
1	Round_1_Replicate_14	-6816.44	13648.88	2682.34	951.72	0.454,1.2175,1.1487,0.9759,0.2853,8.1096,5.0974,0.3592
1	Round_2_Replicate_10	-7964.91	15945.82	8848.18	435.48	1.5715,1.7613,5.7695,0.6945,0.0308,0.6695,0.3778,0.9684
1	Round_1_Replicate_14	-36996.98	74009.96	8.414343817667686e+36	372.71	11.4187,11.9834,0.1807,3.4601,0.3179,0.1967,0.2689,0.99
1	Round_3_Replicate_1	-6689.55	13395.1	2613.31	282.9	1.3436,4.6548,5.9975,3.0059,1.182,0.3027,0.0731,0.6784
1	Round_1_Replicate_15	-7301.02	14618.04	6557.08	4083.09	0.1069,0.2582,3.9316,5.4513,7.5536,7.5824,0.7986,0.0744
1	Round_2_Replicate_10	-6697.85	13411.7	2647.84	162.94	2.3037,8.1749,11.6157,0.1848,0.0384,1.5806,0.8887,0.3525
1	Round_3_Replicate_1	-6689.4	13394.8	2618.49	256.92	1.4787,5.1253,6.7216,2.7785,1.0859,0.2757,0.0665,0.6807
1	Round_2_Replicate_1	-7315.98	14647.96	3905.89	998.39	0.2525,1.5503,3.5983,0.5954,0.0584,3.1493,3.5734,0.7662
1	Round_3_Replicate_2	-6689.57	13395.14	2613.7	280.0	1.3604,4.7004,6.0663,2.9146,1.1525,0.2969,0.0722,0.6761
1	Round_2_Replicate_2	-7124.06	14264.12	9444.74	692.07	0.8708,1.8929,0.8258,0.653,0.5584,7.6148,5.9644,0.226
1	Round_3_Replicate_2	-6689.55	13395.1	2613.24	282.94	1.3434,4.6542,5.9966,3.006,1.1821,0.3027,0.0731,0.6784
1	Round_2_Replicate_3	-6803.37	13622.74	2938.7	811.89	0.5468,1.4786,1.2855,1.0383,0.349,15.6566,4.6104,0.1651
1	Round_1_Replicate_15	-16708.76	33433.52	53052.8	234.88	7.4383,0.4495,5.4331,14.5513,0.1081,0.0619,0.4925,0.9862
1	Round_3_Replicate_2	-6689.43	13394.86	2619.16	262.12	1.4512,5.0219,6.5598,0.282,0.0682,2.833,1.1012,0.3182
1	Round_2_Replicate_4	-6822.12	13660.24	2959.46	722.15	0.557,1.7581,1.6282,0.8224,0.1809,5.8663,2.0717,0.4791
1	Round_2_Replicate_1	-6793.26	13602.52	2877.68	376.62	1.2463,3.4899,3.8217,0.3734,0.0836,4.7688,4.9676,0.333
1	Round_3_Replicate_1	-6689.37	13394.74	2611.24	233.69	1.6316,5.6087,7.5679,0.2495,0.061,2.5237,1.0098,0.3179
1	Round_2_Replicate_5	-6807.13	13630.26	2810.36	745.56	0.6116,1.75,1.8847,0.6596,0.3109,6.1338,10.6818,0.3663
1	Round_2_Replicate_2	-6860.29	13736.58	3122.42	354.32	0.8114,4.3422,5.601,0.4944,0.1037,5.0526,4.1299,0.3825
1	Round_3_Replicate_1	-6689.55	13395.1	2613.17	283.88	1.3383,4.6395,5.9715,0.305,0.0737,3.0625,1.1988,0.3184
1	Round_2_Replicate_6	-6738.36	13492.72	2604.39	767.74	0.4847,1.7289,1.5067,0.7477,0.2098,6.6894,4.0112,0.386
1	Round_2_Replicate_7	-7193.6	14403.2	4390.58	458.37	0.3431,3.7116,3.6871,1.1128,0.1024,12.2791,3.9421,0.291
1	Round_2_Replicate_3	-6943.21	13902.42	3134.28	537.57	0.627,2.5013,6.4587,0.8353,0.1742,1.8522,2.7216,0.531
1	Round_2_Replicate_8	-6754.91	13525.82	2725.31	616.7	0.6626,2.1388,1.9984,0.4716,0.1937,6.6249,4.5311,0.3212
1	Round_2_Replicate_4	-6716.11	13448.22	2794.89	233.14	1.4137,5.9735,7.7172,0.3059,0.0678,3.6637,1.5547,0.2806
1	Round_2_Replicate_9	-6766.27	13548.54	2729.06	649.84	0.5035,2.249,1.7781,0.8115,0.124,12.2065,6.624,0.2891
1	Round_1_Replicate_15	-8036.1	16088.2	6548.37	1635.68	0.3819,0.5103,4.8333,2.4207,0.6242,19.0008,0.0714,0.227
1	Round_2_Replicate_5	-6849.12	13714.24	3339.34	328.19	1.4501,3.918,4.1649,0.2534,0.1249,4.7044,0.8032,0.3911
1	Round_3_Replicate_2	-6689.44	13394.88	2620.2	202.13	1.8977,6.4663,8.9222,0.2154,0.0531,2.115,0.8386,0.3202
1	Round_3_Replicate_3	-6689.55	13395.1	2613.2	283.88	1.3383,4.6395,5.9714,0.305,0.0737,3.0625,1.1988,0.3184
1	Round_3_Replicate_1	-6689.39	13394.78	2614.09	255.07	1.4894,5.1567,6.803,0.2739,0.0661,2.7536,1.0881,0.3185
1	Round_3_Replicate_3	-6689.55	13395.1	2613.24	282.94	1.3434,4.6542,5.9966,3.006,1.1821,0.3027,0.0731,0.6784
1	Round_2_Replicate_6	-7173.3	14362.6	4663.31	418.86	1.4317,3.2719,1.8244,0.1554,0.0449,2.6989,1.6725,0.4774
1	Round_2_Replicate_7	-6860.63	13737.26	3838.02	396.98	1.1734,3.4126,3.4682,0.3596,0.1743,2.0314,2.2683,0.4945
1	Round_2_Replicate_8	-6712.24	13440.48	2733.6	487.54	0.7809,2.7662,2.7906,0.4543,0.1433,5.0982,2.1531,0.371
1	Round_2_Replicate_10	-6939.74	13895.48	3426.64	1065.18	0.3061,1.2937,0.6011,1.1809,0.6796,19.9518,3.0893,0.1871
1	Round_2_Replicate_9	-6856.43	13728.86	3211.8	433.99	0.7638,3.2838,5.2328,0.6558,0.1886,3.4068,4.5407,0.3479
1	Round_2_Replicate_1	-8537.28	17090.56	76588110.1	97.65	3.0825,16.4597,19.8,0.2393,0.2219,2.0137,0.6946,0.2977
1	Round_3_Replicate_2	-6689.46	13394.92	2614.0	270.1	1.4087,4.8708,6.3437,0.2898,0.0701,2.9148,1.1458,0.3189
1	Round_2_Replicate_10	-6714.7	13445.4	2822.82	317.02	1.0623,4.4007,5.0658,0.3707,0.0974,4.5663,1.4479,0.2821
1	Round_2_Replicate_2	-6699.93	13415.86	2644.78	276.36	1.3328,4.8109,6.208,0.3313,0.0712,3.8386,0.7187,0.2939
1	Round_3_Replicate_3	-6689.55	13395.1	2613.39	282.46	1.3457,4.662,6.0092,3.0029,1.1801,0.3022,0.073,0.6784
1	Round_3_Replicate_2	-6689.55	13395.1	2613.23	283.79	1.3387,4.6408,5.9737,0.3049,0.0737,3.0611,1.1985,0.3184
1	Round_3_Replicate_4	-6689.55	13395.1	2613.29	282.93	1.3434,4.6543,5.9967,3.006,1.182,0.3027,0.0731,0.6784
1	Round_3_Replicate_4	-6882.98	13781.96	3002.46	666.9	0.7067,1.6572,2.4448,0.7521,0.3528,15.4359,1.5877,0.1628
1	Round_3_Replicate_3	-6689.5	13395.0	2614.48	271.7	1.4037,4.8363,6.3071,0.2925,0.0715,2.9487,1.1731,0.3168
1	Round_3_Replicate_2	-6689.48	13394.96	2614.19	272.73	1.3922,4.8285,6.2677,0.2927,0.0706,2.9373,1.1467,0.3193
1	Round_3_Replicate_1	-6689.55	13395.1	2613.11	283.69	1.339,4.6424,5.9783,0.3049,0.0737,3.0613,1.1982,0.3184
1	Round_3_Replicate_3	-6689.5	13395.0	2625.03	153.13	2.4675,8.5739,12.1921,1.7123,0.6716,0.1668,0.0396,0.684
1	Round_3_Replicate_1	-6689.55	13395.1	2613.07	283.78	1.3387,4.6408,5.9748,0.3049,0.0737,3.0606,1.1981,0.3185
1	Round_3_Replicate_4	-6689.55	13395.1	2613.28	282.9	1.3436,4.6548,5.9975,3.0058,1.182,0.3027,0.0731,0.6784
1	Round_2_Replicate_3	-7250.48	14516.96	5050.33	347.53	0.9503,3.1472,19.1064,0.7996,0.222,7.912,4.0758,0.2131
1	Round_3_Replicate_5	-6689.47	13394.94	2614.74	265.37	1.4329,4.9593,6.4772,2.7663,1.089,0.2829,0.0681,0.6763
1	Round_3_Replicate_4	-6689.55	13395.1	2613.18	283.86	1.3384,4.6398,5.972,0.305,0.0737,3.0625,1.1987,0.3184
1	Round_2_Replicate_4	-7111.3	14238.6	11273.3	278.81	0.9668,5.7367,5.2052,0.8917,0.048,6.9147,1.8458,0.1174
1	Round_3_Replicate_5	-6689.35	13394.7	2615.48	189.48	2.002,6.9148,9.6479,0.2023,0.0487,2.0118,0.7864,0.3245
1	Round_2_Replicate_5	-6929.75	13875.5	3069.1	390.12	0.984,3.8212,6.5125,0.5106,0.0871,4.0591,6.7786,0.4786
1	Round_3_Replicate_3	-6689.55	13395.1	2613.3	283.5	1.3402,4.6456,5.9809,0.3046,0.0736,3.0581,1.1969,0.3185
1	Round_2_Replicate_6	-6741.8	13499.6	3150.08	155.04	2.3979,9.0357,10.3139,0.1754,0.0487,3.7045,1.2263,0.2275
1	Round_3_Replicate_2	-6689.55	13395.1	2613.23	283.83	1.3386,4.6404,5.9728,0.305,0.0737,3.062,1.1986,0.3184
1	Round_3_Replicate_3	-6689.41	13394.82	2608.91	249.7	1.5183,5.2574,7.025,0.2678,0.0646,2.6435,1.0385,0.3224
1	Round_2_Replicate_7	-6696.19	13408.38	2666.36	268.78	1.3319,4.9864,6.4591,0.2795,0.069,2.7493,0.8703,0.3672
1	Round_3_Replicate_4	-6689.55	13395.1	2613.26	282.77	1.3442,4.657,6.0011,3.0061,1.182,0.3026,0.0731,0.6785
1	Round_3_Replicate_6	-6730.7	13477.4	2775.23	103.95	3.4599,12.6198,19.8598,0.5472,0.24,0.0828,0.0203,0.4547
1	Round_2_Replicate_8	-7085.98	14187.96	9557.56	221.5	1.6157,5.6457,11.3218,0.5571,0.1215,4.8737,6.2208,0.0764
1	Round_3_Replicate_5	-6689.55	13395.1	2613.28	282.93	1.3434,4.6543,5.9967,3.006,1.182,0.3027,0.0731,0.6784
1	Round_3_Replicate_2	-6689.55	13395.1	2613.23	283.77	1.339,4.6411,5.9742,0.3049,0.0737,3.0588,1.1994,0.3185
1	Round_3_Replicate_3	-6689.55	13395.1	2613.24	283.88	1.3383,4.6394,5.9713,0.3051,0.0737,3.0626,1.1988,0.3184
1	Round_2_Replicate_9	-6744.56	13505.12	2654.56	293.99	1.4392,4.3651,6.7682,0.3397,0.0747,2.3813,2.7319,0.3581
1	Round_3_Replicate_4	-6689.38	13394.76	2606.09	229.55	1.6502,5.713,7.766,0.2467,0.0588,2.4442,0.9579,0.3219
1	Round_2_Replicate_10	-6872.89	13761.78	4058.37	185.1	1.7429,7.3886,11.437,0.3176,0.0973,6.6447,3.5233,0.2515
1	Round_3_Replicate_6	-6689.55	13395.1	2613.36	283.53	1.34,4.6453,5.9797,0.3046,0.0736,3.0567,1.1962,0.3186
1	Round_3_Replicate_4	-7374.34	14764.68	40337.54	82.56	3.7793,18.569,19.953,0.2804,0.0206,3.9788,1.1671,0.1784
1	Round_3_Replicate_5	-6689.55	13395.1	2613.27	283.79	1.3388,4.6408,5.9737,0.3049,0.0737,3.0602,1.1981,0.3185
1	Round_3_Replicate_5	-6689.46	13394.92	2615.36	269.96	1.4064,4.8789,6.3417,2.9178,1.1402,0.2901,0.07,0.6819
1	Round_3_Replicate_5	-6689.55	13395.1	2612.95	283.51	1.3403,4.6458,5.9785,0.304,0.0733,3.0491,1.1924,0.3198
1	Round_3_Replicate_3	-6689.55	13395.1	2613.29	283.66	1.3391,4.6431,5.9772,0.305,0.0737,3.065,1.1978,0.3182
1	Round_3_Replicate_4	-6689.55	13395.1	2613.24	283.88	1.3383,4.6394,5.9713,0.3051,0.0737,3.0625,1.1988,0.3184
1	Round_3_Replicate_6	-6689.54	13395.08	2614.62	274.58	1.3859,4.7931,6.2151,2.8436,1.1184,0.2916,0.0705,0.6745
1	Round_3_Replicate_7	-6689.55	13395.1	2613.3	282.92	1.3435,4.6545,5.997,3.0056,1.182,0.3027,0.0731,0.6783
1	Round_3_Replicate_1	-6689.4	13394.8	2615.54	250.74	1.5128,5.2505,6.9269,0.2681,0.0646,2.7082,1.0509,0.319
1	Round_3_Replicate_6	-6689.55	13395.1	2613.27	283.35	1.3408,4.648,5.985,0.3044,0.0736,3.0591,1.1976,0.3184
1	Round_3_Replicate_4	-6689.55	13395.1	2613.24	283.88	1.3383,4.6394,5.9713,0.3051,0.0737,3.0626,1.1988,0.3184
1	Round_3_Replicate_6	-6689.48	13394.96	2609.99	267.19	1.4191,4.9235,6.4549,2.8003,1.102,0.2852,0.0686,0.676
1	Round_3_Replicate_5	-6689.55	13395.1	2613.29	283.76	1.3389,4.6414,5.9743,0.305,0.0737,3.0614,1.1986,0.3184
1	Round_3_Replicate_7	-6689.55	13395.1	2613.24	283.87	1.3383,4.6395,5.9716,0.305,0.0737,3.0625,1.1988,0.3184
1	Round_3_Replicate_8	-6689.38	13394.76	2628.29	192.64	1.9742,6.8262,9.3546,2.0935,0.817,0.207,0.0496,0.6825
1	Round_3_Replicate_6	-6689.49	13394.98	2609.55	273.61	1.39,4.805,6.2631,0.293,0.0708,2.9228,1.151,0.3199
1	Round_3_Replicate_7	-6689.65	13395.3	2623.84	116.62	3.2525,11.2282,16.4205,0.1238,0.0292,1.1757,0.4773,0.3318
1	Round_3_Replicate_7	-6689.6	13395.2	2621.21	161.24	2.3656,8.1155,11.5424,1.6153,0.6751,0.1715,0.0415,0.6759
1	Round_3_Replicate_5	-6689.43	13394.86	2615.91	264.69	1.4354,4.9743,6.4969,0.284,0.0684,2.8315,1.1195,0.3201
1	Round_3_Replicate_7	-6965.18	13946.36	5159.11	83.59	3.0294,19.6816,19.764,0.1535,0.0233,1.8279,0.6881,0.2726
1	Round_3_Replicate_2	-6689.55	13395.1	2613.23	283.87	1.3384,4.6397,5.9716,0.305,0.0737,3.0631,1.1986,0.3184
1	Round_3_Replicate_5	-6689.44	13394.88	2615.83	266.17	1.4289,4.9446,6.4552,0.2851,0.0689,2.8295,1.1205,0.3211
1	Round_3_Replicate_7	-6689.44	13394.88	2616.78	264.02	1.4392,4.9881,6.512,2.7798,1.0965,0.2829,0.0677,0.677
1	Round_3_Replicate_9	-6689.36	13394.72	2619.08	228.42	1.6693,5.7493,7.741,2.3435,0.9505,0.2422,0.0586,0.6729
1	Round_3_Replicate_6	-6689.55	13395.1	2613.26	283.85	1.3385,4.6399,5.9719,0.305,0.0737,3.0624,1.1989,0.3184
1	Round_3_Replicate_8	-6689.55	13395.1	2613.21	283.82	1.3386,4.6404,5.9729,0.305,0.0737,3.0614,1.1983,0.3184
1	Round_3_Replicate_6	-6689.55	13395.1	2613.24	283.86	1.3384,4.6397,5.9718,0.305,0.0737,3.0624,1.1987,0.3184
1	Round_3_Replicate_8	-6689.5	13395.0	2612.61	276.85	1.3714,4.7559,6.1601,0.2971,0.0716,2.9818,1.1619,0.3194
1	Round_3_Replicate_8	-6689.39	13394.78	2621.74	246.4	1.5331,5.3555,7.0592,0.266,0.0634,2.6781,1.032,0.3187
1	Round_3_Replicate_8	-6689.55	13395.1	2613.29	282.93	1.3434,4.6543,5.9967,3.006,1.182,0.3027,0.0731,0.6784
1	Round_3_Replicate_8	-6689.55	13395.1	2613.21	282.93	1.3434,4.6545,5.9969,3.0059,1.182,0.3027,0.0731,0.6784
1	Round_3_Replicate_3	-6689.49	13394.98	2614.89	273.07	1.3903,4.8256,6.2533,0.2937,0.0708,2.9546,1.169,0.3168
1	Round_3_Replicate_10	-6743.01	13502.02	2820.17	101.84	3.7882,12.9132,19.4785,0.4162,0.2628,0.0761,0.0122,0.4416
1	Round_3_Replicate_7	-6891.69	13799.38	4675.28	110.19	2.7858,14.3035,15.6214,0.1791,0.0372,1.3647,0.9391,0.3097
1	Round_3_Replicate_6	-6689.55	13395.1	2613.33	283.75	1.3387,4.6421,5.9744,0.305,0.0737,3.0568,1.1987,0.3183
1	Round_3_Replicate_7	-6689.55	13395.1	2614.13	283.4	1.3409,4.6482,5.979,0.3045,0.0736,3.0582,1.1969,0.3183
1	Round_3_Replicate_9	-6689.42	13394.84	2614.71	263.1	1.443,5.003,6.5484,0.2828,0.0683,2.849,1.1147,0.3178
1	Round_3_Replicate_9	-6689.55	13395.1	2613.16	283.86	1.3385,4.6398,5.972,0.305,0.0737,3.0622,1.1987,0.3184
1	Round_3_Replicate_9	-6689.55	13395.1	2613.25	283.71	1.3391,4.6423,5.9755,0.3049,0.0737,3.061,1.1977,0.3184
1	Round_3_Replicate_8	-6689.55	13395.1	2613.22	283.88	1.3383,4.6394,5.9714,0.3051,0.0737,3.0625,1.1988,0.3184
1	Round_3_Replicate_9	-6689.55	13395.1	2613.23	282.93	1.3434,4.6544,5.9969,3.0059,1.182,0.3027,0.0731,0.6784
1	Round_3_Replicate_9	-6689.55	13395.1	2613.37	282.58	1.3451,4.66,6.0055,3.0013,1.18,0.3023,0.073,0.6783
1	Round_3_Replicate_4	-6689.47	13394.94	2610.83	256.8	1.4756,5.1191,6.7785,0.2734,0.0663,2.6812,1.0568,0.3237
1	Round_4_Replicate_1	-6689.54	13395.08	2612.98	282.2	1.3466,4.6659,6.0188,3.0067,1.184,0.3022,0.073,0.6788
1	Round_3_Replicate_7	-6689.55	13395.1	2613.16	283.51	1.34,4.6456,5.9808,0.3046,0.0736,3.0577,1.1967,0.3185
1	Round_3_Replicate_8	-6752.17	13520.34	2942.95	92.72	3.4891,15.2742,19.667,0.1264,0.0246,5.1012,0.7985,0.1637
1	Round_3_Replicate_10	-6689.55	13395.1	2613.42	283.51	1.3402,4.6455,5.9799,0.3046,0.0736,3.0578,1.1974,0.3184
1	Round_3_Replicate_9	-6689.55	13395.1	2613.23	283.88	1.3383,4.6394,5.9713,0.3051,0.0737,3.0625,1.1988,0.3184
1	Round_3_Replicate_10	-6754.89	13525.78	2822.18	283.49	1.3883,4.6097,6.4154,0.3816,0.0918,19.74,0.4607,0.197
1	Round_3_Replicate_8	-6689.37	13394.74	2616.55	249.41	1.5217,5.2767,6.9773,0.2691,0.0647,2.7112,1.0642,0.3164
1	Round_3_Replicate_10	-6689.55	13395.1	2613.28	282.93	1.3434,4.6543,5.9967,3.006,1.182,0.3027,0.0731,0.6784
1	Round_3_Replicate_10	-6885.23	13786.46	3135.32	265.88	1.3695,4.4559,10.3898,0.4106,0.151,19.8371,0.9523,0.1911
1	Round_3_Replicate_10	-6689.53	13395.06	2613.13	280.37	1.3545,4.6965,6.0648,3.0379,1.1823,0.3017,0.073,0.6828
1	Round_3_Replicate_5	-6689.46	13394.92	2619.98	266.38	1.4271,4.9471,6.4287,0.2865,0.0689,2.8336,1.1168,0.3198
1	Round_3_Replicate_10	-6689.55	13395.1	2613.18	283.87	1.3384,4.6396,5.9717,0.305,0.0737,3.0623,1.1987,0.3184
1	Round_3_Replicate_9	-6689.48	13394.96	2615.33	272.66	1.3928,4.8301,6.2668,0.2941,0.0711,2.9761,1.1616,0.3156
1	Round_4_Replicate_1	-6689.48	13394.96	2610.48	266.19	1.4232,4.9436,6.4815,0.2861,0.0693,2.8929,1.14,0.3163
1	Round_3_Replicate_9	-6689.55	13395.1	2613.16	283.83	1.3386,4.6403,5.9729,0.305,0.0737,3.0616,1.1984,0.3184
1	Round_4_Replicate_1	-6692.93	13401.86	2641.13	95.86	3.9758,13.6937,19.9372,0.7996,0.3073,0.0968,0.0205,0.6271
1	Round_4_Replicate_1	-6689.45	13394.9	2612.7	264.67	1.4312,4.9733,6.518,0.2844,0.0685,2.8343,1.1026,0.3194
1	Round_4_Replicate_1	-6689.48	13394.96	2614.37	267.19	1.417,4.9298,6.4487,0.2884,0.0692,2.8374,1.13,0.3196
1	Round_4_Replicate_1	-6689.62	13395.24	2622.2	222.57	1.7213,5.8947,7.9685,2.1347,0.8929,0.232,0.0564,0.6639
1	Round_3_Replicate_6	-6689.53	13395.06	2612.82	279.61	1.3581,4.7075,6.0894,0.3012,0.0727,3.036,1.1777,0.3182
1	Round_3_Replicate_10	-6689.55	13395.1	2613.09	283.09	1.342,4.6523,5.9924,0.3042,0.0735,3.0523,1.1965,0.3184
1	Round_4_Replicate_1	-6689.42	13394.84	2614.31	243.38	1.5626,5.3987,7.2004,0.2584,0.0619,2.5167,0.999,0.329
1	Round_3_Replicate_10	-6689.45	13394.9	2617.95	257.52	1.4755,5.1125,6.7204,0.2762,0.0668,2.6987,1.0927,0.3203
1	Round_4_Replicate_1	-6689.38	13394.76	2616.15	247.28	1.5353,5.3223,7.0527,0.2638,0.0632,2.5938,1.033,0.3249
1	Round_3_Replicate_7	-6689.5	13395.0	2610.91	276.64	1.3727,4.7566,6.1755,0.2975,0.0718,2.9996,1.1732,0.3179
1	Round_4_Replicate_1	-6689.39	13394.78	2616.7	252.05	1.512,5.217,6.881,0.2706,0.0649,2.6743,1.065,0.32
1	Round_3_Replicate_8	-6689.55	13395.1	2613.24	283.88	1.3383,4.6394,5.9713,0.3051,0.0737,3.0626,1.1988,0.3184
1	Round_3_Replicate_9	-6760.34	13536.68	2786.15	302.25	1.3523,4.3485,5.5883,0.3524,0.0938,19.9062,0.4768,0.2053
1	Round_3_Replicate_10	-6689.55	13395.1	2613.22	283.87	1.3384,4.6395,5.9716,0.305,0.0737,3.0624,1.1987,0.3184
1	Round_4_Replicate_1	-6689.52	13395.04	2614.99	280.08	1.3568,4.703,6.0651,0.3007,0.0729,3.0225,1.1857,0.3184
