Model	Replicate	log-likelihood	AIC	chi-squared	theta	optimized_params
Model	Replicate	log-likelihood	AIC	chi-squared	theta	optimized_params
Model	Replicate	log-likelihood	AIC	chi-squared	theta	optimized_params
Model	Replicate	log-likelihood	AIC	chi-squared	theta	optimized_params
Model	Replicate	log-likelihood	AIC	chi-squared	theta	optimized_params
Model	Replicate	log-likelihood	AIC	chi-squared	theta	optimized_params
Model	Replicate	log-likelihood	AIC	chi-squared	theta	optimized_params
Model	Replicate	log-likelihood	AIC	chi-squared	theta	optimized_params
Model	Replicate	log-likelihood	AIC	chi-squared	theta	optimized_params
Model	Replicate	log-likelihood	AIC	chi-squared	theta	optimized_params
1	Round_1_Replicate_1	-7407.83	14827.66	5250.02	1095.83	0.2206,1.5413,2.8486,0.1566,0.034,0.2743
1	Round_1_Replicate_1	-7045.05	14102.1	5781.15	186.33	1.6807,7.2844,0.3974,0.1054,0.0888,10.8558
1	Round_1_Replicate_1	-7469.61	14951.22	10892.7	337.04	1.2889,3.1153,0.8365,0.1531,0.6795,9.1262
1	Round_1_Replicate_1	-7637.44	15286.88	819188.85	473.12	1.3278,2.0682,0.5641,0.9919,1.2557,2.3501
1	Round_1_Replicate_1	-7433.17	14878.34	5423.57	295.77	1.0314,3.7263,1.0489,0.2496,7.6299,0.5173
1	Round_1_Replicate_1	-7615.7	15243.4	7507.75	1168.76	0.5009,0.682,1.0611,1.8435,0.2425,9.2331
1	Round_1_Replicate_1	-7525.49	15062.98	7504.27	382.66	1.3247,2.8776,0.2293,0.4326,0.7,4.4361
1	Round_1_Replicate_2	-7571.54	15155.08	456274.58	209.71	1.5407,6.3724,0.7556,0.2057,0.2712,9.7648
1	Round_1_Replicate_2	-7102.81	14217.62	4910.81	553.68	0.4976,2.6169,1.211,0.2631,0.1011,2.5316
1	Round_1_Replicate_1	-11099.14	22210.28	67846415897.79	1647.89	0.4014,0.7432,1.715,10.6397,0.1222,1.0873
1	Round_1_Replicate_2	-7378.22	14768.44	6745.47	855.36	0.779,1.1247,0.9926,0.7489,0.0588,0.8782
1	Round_1_Replicate_2	-7335.88	14683.76	4453.65	1557.43	0.168,0.7581,4.1833,0.5666,1.3345,16.8645
1	Round_1_Replicate_3	-7507.4	15026.8	153448.76	360.21	1.8562,2.9925,0.5043,0.9201,2.805,0.3449
1	Round_1_Replicate_2	-12095.56	24203.12	214530796039.09	148.99	5.0134,7.4569,0.8683,0.0011,0.2718,12.0638
1	Round_1_Replicate_3	-7269.2	14550.4	4099.77	1204.23	0.2613,1.0425,3.3387,0.2612,0.4312,0.1149
1	Round_1_Replicate_3	-7115.83	14243.66	10963.89	633.58	0.5681,1.9532,1.2426,0.5777,0.5306,2.1958
1	Round_1_Replicate_1	-7350.66	14713.32	5273.53	3121.27	0.0918,0.3609,8.3092,1.9205,10.4147,11.3364
1	Round_1_Replicate_3	-6926.52	13865.04	4109.89	592.97	0.4579,2.475,1.7705,0.4015,1.7224,0.2875
1	Round_1_Replicate_2	-6968.14	13948.28	4240.23	827.42	0.5122,1.4396,1.4087,0.6362,0.8492,0.4338
1	Round_1_Replicate_4	-8003.14	16018.28	8120.25	583.87	0.2048,3.0601,2.1321,0.2278,0.0519,2.1261
1	Round_1_Replicate_3	-6978.52	13969.04	4351.63	414.89	0.7765,3.4435,0.9873,0.0963,2.2415,1.03
1	Round_1_Replicate_2	-8074.9	16161.8	7391.26	1263.18	0.0564,1.2414,9.1815,0.2456,0.5838,0.1364
1	Round_1_Replicate_4	-7505.84	15023.68	5361.85	138.99	1.113,10.9408,0.4869,0.0404,3.7866,15.2081
1	Round_1_Replicate_4	-7031.58	14075.16	3996.12	695.56	0.5389,1.8164,1.1429,0.3226,0.0819,1.8688
1	Round_1_Replicate_3	-7931.51	15875.02	42593.85	2711.18	0.1515,0.3623,2.8592,7.0056,3.4287,0.9897
1	Round_1_Replicate_1	-26312.86	52637.72	1.6138620833281792e+17	820.92	1.5268,0.4967,14.6953,12.3011,3.6345,2.6619
1	Round_1_Replicate_5	-7192.52	14397.04	5640.24	1041.0	0.258,1.2318,2.7407,0.6528,0.2055,1.2573
1	Round_1_Replicate_4	-9637.22	19286.44	29289.49	273.23	1.4164,4.5505,0.0488,0.4063,19.218,10.7089
1	Round_1_Replicate_4	-7256.83	14525.66	43870.07	551.56	0.9399,1.9456,0.8216,0.7265,0.409,2.5887
1	Round_1_Replicate_5	-7432.79	14877.58	61331.68	793.31	0.7068,1.2056,1.0907,1.2742,0.7324,1.2323
1	Round_1_Replicate_2	-13914.23	27840.46	28849.81	227.53	5.3718,1.1,0.2486,0.1308,6.9239,11.8678
1	Round_1_Replicate_5	-7177.69	14367.38	3799.82	252.0	0.9826,5.2586,0.809,0.1609,7.3958,0.487
1	Round_1_Replicate_4	-7914.35	15840.7	8713.95	1333.56	0.4342,0.6803,3.5475,0.4425,0.1541,0.0207
1	Round_1_Replicate_3	-7102.92	14217.84	4265.06	453.32	0.7222,2.6632,0.9687,0.2079,0.2465,5.2815
1	Round_1_Replicate_2	-7056.06	14124.12	6038.52	249.53	1.5428,5.5109,0.3875,0.1493,0.0713,6.0565
1	Round_1_Replicate_5	-7590.13	15192.26	5149.03	1103.94	0.1359,1.2369,4.7175,0.2165,1.9981,0.9965
1	Round_1_Replicate_6	-8495.04	17002.08	8568.36	678.32	0.1232,2.1717,3.0703,0.1515,1.6874,5.5907
1	Round_1_Replicate_3	-7269.31	14550.62	16400.04	293.22	1.6604,3.4669,0.4929,0.3316,3.2685,4.8209
1	Round_1_Replicate_7	-7272.45	14556.9	7196.69	287.03	1.4757,4.1667,0.2837,0.2948,0.1132,7.1963
1	Round_1_Replicate_6	-7356.52	14725.04	4915.64	2448.24	0.1361,0.428,5.1193,1.8739,0.1667,15.7799
1	Round_1_Replicate_4	-7161.4	14334.8	11619.76	460.88	0.5783,3.136,1.5214,0.1932,1.0226,2.6386
1	Round_1_Replicate_6	-7158.13	14328.26	12739.21	416.02	0.7429,3.5324,1.2893,0.1025,0.6103,2.9158
1	Round_1_Replicate_8	-7669.15	15350.3	155412.11	222.68	1.7181,5.634,0.4295,0.4593,3.3838,9.4644
1	Round_1_Replicate_7	-7193.66	14399.32	11525.4	798.82	0.7482,1.2597,1.1315,1.0459,0.8393,0.3837
1	Round_1_Replicate_6	-7696.31	15404.62	6819.01	231.48	2.2718,4.9755,0.4253,0.0103,0.0702,7.6698
1	Round_1_Replicate_5	-6906.4	13824.8	4726.57	703.4	0.5298,1.9329,1.5921,0.5554,1.106,0.2788
1	Round_1_Replicate_5	-7375.71	14763.42	4473.93	1452.06	0.2007,0.8125,3.5518,0.2596,4.7883,18.709
1	Round_1_Replicate_9	-8781.37	17574.74	88807.54	422.04	1.8665,3.8353,0.6716,0.002,0.2812,0.6205
1	Round_1_Replicate_6	-7203.09	14418.18	47280.61	566.4	1.0728,1.9732,0.6413,0.9571,1.2721,0.5043
1	Round_1_Replicate_7	-22566.28	45144.56	9591458572554.7	490.95	5.0972,0.5492,6.6992,5.2928,2.0972,2.552
1	Round_1_Replicate_6	-7968.74	15949.48	1320749.2	780.67	1.0747,1.2647,1.6271,3.8968,0.5575,0.0429
1	Round_1_Replicate_8	-8142.33	16296.66	6991.48	6107.78	0.0269,0.2251,14.6021,0.0199,0.4563,11.5911
1	Round_1_Replicate_7	-7250.8	14513.6	4632.71	797.42	0.269,1.9835,2.2706,0.137,0.2392,1.0538
1	Round_1_Replicate_10	-8076.12	16164.24	9525.17	1599.92	0.1873,0.5983,1.8429,0.0436,0.0496,0.0148
1	Round_1_Replicate_7	-6902.25	13816.5	3556.1	405.45	0.9517,3.2621,0.7872,0.2027,2.6939,0.6487
1	Round_1_Replicate_8	-7674.2	15360.4	663315.05	605.02	0.7798,2.0043,0.5521,1.2407,0.9856,2.1997
1	Round_1_Replicate_8	-7724.49	15460.98	15658.4	1296.42	0.1124,1.281,6.752,1.1685,0.1394,0.1013
1	Round_1_Replicate_2	-26524.39	53060.78	504429.63	835.64	0.1817,0.2383,0.0958,0.1177,7.8214,1.1969
1	Round_1_Replicate_8	-8166.43	16344.86	25803.6	225.25	0.5041,7.6318,1.0114,0.2158,0.0244,9.5923
1	Round_1_Replicate_11	-7387.84	14787.68	26916.47	390.18	1.6442,2.3904,0.3757,0.6425,2.6152,1.6612
1	Round_1_Replicate_9	-7850.41	15712.82	10598.92	219.08	0.4473,7.9148,1.5962,0.0344,1.4189,8.3732
1	Round_1_Replicate_9	-9387.1	18786.2	10814.49	573.45	1.8413,0.7362,0.1739,1.025,1.5241,1.642
1	Round_1_Replicate_3	-24342.22	48696.44	-181014461353.18	826.75	7.3536,0.2596,13.009,1.6226,14.1544,0.8677
1	Round_1_Replicate_3	-7496.01	15004.02	33706.86	387.46	1.6879,2.6715,0.671,0.3022,0.7882,2.5338
1	Round_1_Replicate_4	-7651.72	15315.44	6312.46	6848.27	0.0446,0.1813,19.5267,0.0028,5.3982,0.4367
1	Round_1_Replicate_10	-8389.82	16791.64	3983106.57	559.6	1.604,1.3855,0.6658,1.4361,0.2056,1.7127
1	Round_1_Replicate_9	-8023.24	16058.48	7458.06	1091.08	0.7142,0.7808,1.1031,0.549,0.001,0.3228
1	Round_1_Replicate_12	-7215.05	14442.1	37551.96	1206.58	0.3878,0.9472,1.8065,2.2584,0.2327,0.1019
1	Round_1_Replicate_4	-7509.46	15030.92	12185.4	465.23	0.7508,2.3718,1.114,0.7103,2.2309,7.7538
1	Round_1_Replicate_4	-7107.95	14227.9	11770.9	902.16	0.553,1.3309,1.1144,1.1105,0.4257,0.3526
1	Round_1_Replicate_10	-7092.57	14197.14	5844.89	292.81	0.8997,4.8766,0.7993,0.1211,0.3314,6.4145
1	Round_1_Replicate_10	-7123.08	14258.16	4538.87	233.1	0.7409,6.836,0.8966,0.1397,6.2248,0.8126
1	Round_1_Replicate_11	-7555.12	15122.24	4950.7	853.31	0.3219,1.9264,1.8192,0.0225,0.5012,0.1819
1	Round_1_Replicate_5	-8558.09	17128.18	118379.77	1119.79	0.4575,0.9633,3.655,0.0086,0.535,19.9087
1	Round_1_Replicate_13	-7759.15	15530.3	9470.77	8332.98	0.0802,0.0903,6.4972,17.8318,4.6218,1.083
1	Round_1_Replicate_5	-7466.21	14944.42	7024.06	942.75	0.4382,1.0187,1.984,0.7906,1.338,1.9961
1	Round_1_Replicate_7	-8661.89	17335.78	7247.03	320.79	0.8295,2.6157,0.7139,0.0716,18.4759,2.7819
1	Round_1_Replicate_11	-7463.98	14939.96	193572.26	632.22	0.832,1.6806,0.6751,1.2022,0.6735,2.5122
1	Round_1_Replicate_5	-7493.8	14999.6	19152.46	721.34	0.8734,1.1878,0.7569,1.1757,0.529,2.1862
1	Round_1_Replicate_12	-7120.98	14253.96	3935.61	591.76	0.5391,2.4481,0.9295,0.2892,1.4097,0.4472
1	Round_1_Replicate_6	-7264.85	14541.7	22765.92	558.13	1.0764,1.8941,1.0648,0.6695,1.5913,0.4263
1	Round_1_Replicate_12	-7144.1	14300.2	20727.91	347.53	1.0413,4.2739,0.7475,0.2331,0.3576,3.2212
1	Round_1_Replicate_5	-9434.91	18881.82	9711.8	4042.66	0.1803,0.1693,5.2234,0.5556,0.622,1.2312
1	Round_1_Replicate_6	-7230.31	14472.62	24396.71	684.67	0.863,1.5109,1.2069,1.0844,1.2752,0.2813
1	Round_1_Replicate_11	-8591.87	17195.74	556949.63	493.66	1.4126,1.5891,0.613,1.8422,8.2513,8.1589
1	Round_1_Replicate_8	-7468.44	14948.88	6026.0	989.46	0.4398,1.5417,1.0146,0.3996,0.052,0.2549
1	Round_1_Replicate_6	-7051.67	14115.34	9777.2	459.92	0.7435,2.9994,1.1103,0.2425,0.1204,3.0871
1	Round_1_Replicate_7	-8720.95	17453.9	147707.2	903.06	0.1024,1.8916,4.9223,1.7036,1.1278,13.7419
1	Round_1_Replicate_12	-7201.65	14415.3	4770.41	558.52	0.402,2.7232,1.8435,0.0363,1.7931,0.6878
1	Round_1_Replicate_9	-7404.1	14820.2	5650.17	465.44	0.7822,2.4782,1.3558,0.6088,3.6865,0.2261
1	Round_1_Replicate_7	-9321.09	18654.18	4249386.31	922.97	0.1059,1.9078,13.8571,1.9453,0.1185,1.137
1	Round_1_Replicate_13	-7798.84	15609.68	25456.67	4046.74	0.1196,0.219,9.3975,3.7567,12.22,3.8145
1	Round_1_Replicate_7	-7995.26	16002.52	4458060.67	570.07	0.8353,2.3786,0.9827,2.6595,1.5195,0.0978
1	Round_1_Replicate_8	-7200.17	14412.34	32458.3	173.57	2.7594,6.4768,0.3157,0.1816,4.2705,7.3667
1	Round_1_Replicate_13	-7784.92	15581.84	82739.61	232.61	0.6857,7.3144,1.6515,0.0391,0.0621,7.8802
1	Round_1_Replicate_6	-7388.48	14788.96	8716.85	4450.02	0.0758,0.2414,8.3376,5.266,0.9626,12.2872
1	Round_1_Replicate_13	-7744.02	15500.04	8325.01	876.36	0.3884,1.3558,2.6165,0.0161,2.4603,1.2214
1	Round_1_Replicate_14	-14606.28	29224.56	571555758.59	311.62	5.038,0.4264,0.524,6.0185,0.1192,5.0581
1	Round_1_Replicate_8	-6999.95	14011.9	3632.96	513.74	0.7084,2.7014,0.8298,0.1977,1.6135,0.6689
1	Round_1_Replicate_14	-7925.8	15863.6	14643.44	1239.06	0.1089,1.6087,9.3802,1.6917,0.1233,0.0206
1	Round_1_Replicate_9	-12633.38	25278.76	21902.4	800.89	1.078,0.547,0.5622,0.0738,3.4633,9.8214
1	Round_1_Replicate_14	-8690.08	17392.16	11497.54	825.18	0.4472,2.1046,0.325,0.3259,0.0224,0.4674
1	Round_1_Replicate_9	-7121.05	14254.1	5713.61	625.98	0.7475,1.8987,1.3802,0.2569,1.4023,0.428
1	Round_1_Replicate_14	-8292.24	16596.48	129743.23	739.93	1.2372,1.5271,2.6676,6.6595,0.4188,0.0098
1	Round_1_Replicate_8	-7289.74	14591.48	6512.78	555.19	0.4532,2.2518,1.7567,0.3382,2.3403,2.9441
1	Round_1_Replicate_15	-6979.01	13970.02	5281.93	619.19	0.4228,2.5564,2.0651,0.2847,1.2692,0.2918
1	Round_1_Replicate_10	-7391.59	14795.18	302372.52	936.19	0.4537,1.336,1.8636,1.4013,0.3648,0.5177
1	Round_1_Replicate_15	-7216.91	14445.82	10889.22	537.98	0.4359,2.9881,1.9351,0.1638,0.8138,1.4739
1	Round_1_Replicate_9	-7291.12	14594.24	143447.33	771.46	0.6556,1.6752,1.1511,2.0475,0.7832,0.1176
1	Round_1_Replicate_15	-7847.55	15707.1	258826.22	404.18	0.6717,3.4462,2.8157,0.2224,3.5105,0.2687
1	Round_1_Replicate_10	-7688.17	15388.34	28263.28	1248.38	0.5086,0.6379,1.0702,2.5467,3.2246,13.7592
1	Round_1_Replicate_11	-7342.44	14696.88	4308.43	747.19	0.2882,1.6475,2.0863,0.2587,2.5676,1.0372
1	Round_2_Replicate_1	-6932.75	13877.5	3671.5	753.67	0.4977,1.775,1.3611,0.4351,0.8757,0.395
1	Round_2_Replicate_1	-7236.48	14484.96	4115.92	1090.25	0.2494,1.1581,2.0525,0.4292,0.6554,0.3901
1	Round_1_Replicate_15	-7406.6	14825.2	4444.2	2673.92	0.087,0.4515,7.6307,0.8119,2.6821,2.0058
1	Round_1_Replicate_10	-7090.97	14193.94	17013.61	332.63	1.3946,3.6645,0.5331,0.3086,0.163,4.6163
1	Round_1_Replicate_12	-7263.12	14538.24	6383.41	1101.73	0.2421,1.4246,3.6994,0.1759,0.2126,0.1388
1	Round_2_Replicate_2	-20292.8	40597.6	-280947617826.59	161.2	1.4346,8.3111,7.7587,0.3498,16.0608,1.5227
1	Round_2_Replicate_1	-7032.9	14077.8	4576.12	535.1	0.7849,2.2532,0.769,0.3605,0.1246,2.8172
1	Round_1_Replicate_11	-7579.05	15170.1	5953.01	5975.88	0.0488,0.2114,17.7412,0.0032,0.0841,5.4171
1	Round_1_Replicate_13	-7237.42	14486.84	50727.82	401.21	1.2221,2.7849,0.6839,0.4828,0.1871,4.3012
1	Round_1_Replicate_11	-7208.47	14428.94	23187.76	244.8	2.4999,4.5949,0.2781,0.3737,4.2622,1.1304
1	Round_2_Replicate_1	-7620.52	15253.04	20533.09	931.54	0.3735,1.2044,3.1719,0.3598,0.3741,19.9445
1	Round_1_Replicate_7	-11066.26	22144.52	657277.08	144.39	0.3457,19.4247,0.8199,0.355,0.0807,11.247
1	Round_2_Replicate_2	-7857.5	15727.0	445715.69	483.35	0.4602,3.1841,1.3631,0.8445,0.254,4.7554
1	Round_1_Replicate_12	-7409.81	14831.62	32736.19	766.16	0.6049,1.5068,1.9616,0.4205,0.1156,1.5331
1	Round_1_Replicate_12	-7554.88	15121.76	6606.8	1232.58	0.3806,0.9539,0.802,1.1863,0.1146,0.1171
1	Round_2_Replicate_3	-7247.77	14507.54	4569.56	654.84	0.4419,1.7614,1.7192,0.2874,2.7011,1.4874
1	Round_1_Replicate_14	-7865.37	15742.74	10124.57	2324.76	0.2126,0.4332,1.0927,3.4839,0.0081,1.7953
1	Round_2_Replicate_2	-7067.17	14146.34	3504.79	516.15	0.5468,2.4201,1.1698,0.3597,3.102,0.4106
1	Round_1_Replicate_8	-8545.62	17103.24	9628.34	359.45	1.4812,5.2035,0.2689,0.0289,0.1216,1.2661
1	Round_1_Replicate_9	-21152.5	42317.0	-4645965385424796.0	200.12	9.9447,1.6506,0.2602,7.1587,1.2103,1.797
1	Round_1_Replicate_9	-7397.15	14806.3	5512.76	1254.4	0.2761,1.0539,2.7034,0.0935,0.0812,0.1565
1	Round_2_Replicate_4	-7023.34	14058.68	6409.01	621.88	0.4268,2.1328,2.0703,0.4784,2.0654,0.4285
1	Round_1_Replicate_13	-7385.93	14783.86	4854.55	726.89	0.2199,2.0719,2.602,0.2265,1.4239,0.8435
1	Round_2_Replicate_3	-8238.14	16488.28	11590.81	1352.37	0.1818,1.1582,1.0634,1.4523,0.0665,0.0373
1	Round_1_Replicate_15	-7167.6	14347.2	8937.34	537.9	1.0436,2.3365,1.0071,0.6486,1.3582,0.2241
1	Round_2_Replicate_3	-7995.83	16003.66	33099.08	2057.33	0.1929,0.5714,7.0292,0.0325,0.2074,16.1129
1	Round_1_Replicate_10	-7330.25	14672.5	4450.04	1480.77	0.1854,0.7864,3.9115,0.5314,0.8328,3.7274
1	Round_2_Replicate_4	-7041.18	14094.36	6673.32	660.21	0.8291,1.8384,1.0442,0.7554,0.999,0.2508
1	Round_2_Replicate_5	-8589.38	17190.76	898258.83	3380.02	0.1015,0.3695,18.2754,0.1812,0.1878,2.3503
1	Round_1_Replicate_14	-7201.14	14414.28	7714.28	691.1	0.318,2.333,2.6072,0.8421,1.2644,0.1421
1	Round_1_Replicate_13	-7784.08	15580.16	9177.26	4999.72	0.0502,0.2496,19.9756,0.0636,3.3164,0.2772
1	Round_1_Replicate_11	-8618.22	17248.44	187908.26	839.22	0.5096,2.7051,1.1345,7.4629,0.2271,0.0079
1	Round_2_Replicate_1	-7679.34	15370.68	5638.45	608.32	0.6348,1.6641,1.726,0.2646,3.0515,0.3059
1	Round_2_Replicate_6	-7269.53	14551.06	4904.72	778.19	0.4363,1.6687,1.8411,0.0638,0.2792,1.651
1	Round_2_Replicate_4	-7619.83	15251.66	77183.72	947.17	0.4084,1.0686,2.2718,1.3665,0.5111,16.3222
1	Round_2_Replicate_5	-7672.16	15356.32	-53717.16	441.83	0.3218,3.7821,3.041,0.0763,1.3015,2.7993
1	Round_1_Replicate_15	-7532.35	15076.7	5623.61	572.29	0.3192,2.2686,2.4973,0.1437,12.0649,5.6147
1	Round_2_Replicate_7	-7294.76	14601.52	4172.84	926.24	0.2144,1.4333,3.5496,0.1873,1.3336,0.1867
1	Round_2_Replicate_2	-7476.26	14964.52	5218.18	333.41	0.6644,4.2976,1.1564,0.2369,4.9053,0.2328
1	Round_2_Replicate_5	-7162.96	14337.92	4456.14	346.33	0.8265,4.0705,0.607,0.1515,0.1087,5.0435
1	Round_2_Replicate_1	-6996.71	14005.42	4876.14	444.04	0.9306,2.8388,0.7278,0.2492,0.0324,3.385
1	Round_2_Replicate_8	-7447.23	14906.46	7250.57	1108.41	0.4744,1.0721,0.7845,1.0608,0.043,0.2732
1	Round_1_Replicate_10	-15832.02	31676.04	-52597797344.91	731.93	1.5554,0.2587,1.3794,19.9677,4.9925,0.6028
1	Round_2_Replicate_6	-7484.15	14980.3	7188.45	294.02	1.2105,4.703,0.314,0.3021,4.2991,0.739
1	Round_2_Replicate_3	-6911.49	13834.98	3915.6	708.77	0.4969,1.9384,1.4821,0.3813,1.0033,0.4185
1	Round_1_Replicate_14	-8220.85	16453.7	17710116.55	4084.98	0.1611,0.2166,4.2888,13.1584,6.2303,2.9115
1	Round_2_Replicate_9	-7233.09	14478.18	6260.32	238.7	1.4865,5.9363,0.6778,0.2048,5.4975,0.4227
1	Round_2_Replicate_6	-7025.15	14062.3	6007.59	595.97	0.5539,2.3315,1.3952,0.2442,0.1196,2.0944
1	Round_2_Replicate_4	-7146.84	14305.68	13907.14	561.31	0.9905,2.0509,0.9665,0.4665,1.1088,0.7731
1	Round_1_Replicate_11	-20231.86	40475.72	3.5718321336926423e+22	146.65	9.2561,2.9635,0.0408,4.0879,8.5373,7.3742
1	Round_2_Replicate_2	-7181.6	14375.2	6114.52	874.12	0.5632,1.2915,1.5428,0.4378,0.0824,1.0182
1	Round_2_Replicate_7	-7756.78	15525.56	12421.11	522.27	0.7502,2.2269,0.3771,0.7304,0.1352,9.5234
1	Round_2_Replicate_10	-7100.96	14213.92	4128.42	1184.18	0.251,1.0796,2.9135,0.543,0.3622,0.2779
1	Round_2_Replicate_5	-8337.56	16687.12	8930.89	849.42	0.1024,1.7927,4.4422,0.5244,0.0948,3.2978
1	Round_2_Replicate_3	-6992.36	13996.72	4595.14	344.72	1.1029,3.7371,0.6264,0.16,0.0633,4.9222
1	Round_3_Replicate_1	-6901.84	13815.68	4226.67	660.53	0.5083,2.1247,1.476,0.4006,1.1765,0.4236
1	Round_2_Replicate_8	-7438.0	14888.0	5049.21	1367.1	0.194,0.8206,4.0905,0.8141,3.6553,2.9917
1	Round_3_Replicate_2	-7162.43	14336.86	5284.15	725.53	0.495,2.1081,1.5969,0.0996,0.4572,0.5088
1	Round_1_Replicate_12	-7361.7	14735.4	4543.73	4077.15	0.0644,0.3001,11.3051,0.7227,3.3272,5.8418
1	Round_2_Replicate_6	-7706.37	15424.74	24708.22	415.33	1.019,2.3592,1.1404,0.3136,0.2965,17.5653
1	Round_2_Replicate_4	-8118.37	16248.74	10690.75	839.95	0.0957,2.4142,7.1931,0.0413,0.1168,0.7014
1	Round_2_Replicate_9	-7179.38	14370.76	4221.28	560.88	0.5202,2.7227,0.9202,0.2062,1.1814,0.7445
1	Round_1_Replicate_10	-8865.7	17743.4	-2329147.53	2123.28	0.2689,0.3747,6.3634,3.8992,19.9201,6.2287
1	Round_1_Replicate_13	-7051.55	14115.1	4817.05	1130.13	0.3457,1.1089,2.3253,1.3202,0.3748,0.0954
1	Round_2_Replicate_7	-8347.21	16706.42	475988.66	543.52	0.5708,2.4425,3.1198,0.0857,0.7082,4.2616
1	Round_2_Replicate_7	-7078.33	14168.66	3899.33	492.09	0.6804,2.4952,0.8701,0.5044,3.0537,0.4324
1	Round_3_Replicate_3	-6916.74	13845.48	5554.47	695.77	0.5078,2.0164,1.7699,0.492,1.0802,0.2864
1	Round_2_Replicate_10	-6989.66	13991.32	5522.59	638.31	0.619,2.279,1.1763,0.3617,0.7324,0.5647
1	Round_2_Replicate_5	-7295.31	14602.62	4486.76	192.41	2.9749,4.9193,0.2113,0.1355,0.0295,11.6809
1	Round_1_Replicate_11	-10364.98	20741.96	15006.9	513.67	2.1267,0.6102,0.0988,1.2328,0.1836,12.2174
1	Round_3_Replicate_4	-7207.92	14427.84	4000.49	752.33	0.2864,1.767,2.1707,0.1732,1.778,0.4388
1	Round_2_Replicate_8	-6874.15	13760.3	4261.48	225.21	1.4802,6.0182,0.5677,0.1334,6.2264,1.0681
1	Round_2_Replicate_6	-7019.74	14051.48	6395.58	377.17	1.1839,3.3657,0.6612,0.1949,0.2449,3.5224
1	Round_3_Replicate_1	-8570.54	17153.08	33016.83	154.1	0.848,11.2203,0.4054,0.187,0.0583,16.3936
1	Round_2_Replicate_8	-7103.71	14219.42	4635.38	747.45	0.3866,1.9413,1.8649,0.1366,0.0737,1.4437
1	Round_1_Replicate_14	-7450.55	14913.1	6637.8	3763.37	0.1316,0.2481,4.5301,6.3962,1.0708,3.635
1	Round_1_Replicate_15	-17711.63	35435.26	2.498805288292052e+19	186.96	3.2418,10.8776,6.2162,1.3206,2.2515,0.0538
1	Round_2_Replicate_9	-7006.2	14024.4	4548.43	462.44	0.897,2.6249,0.7404,0.2752,1.1032,2.4164
1	Round_3_Replicate_5	-7160.27	14332.54	4607.36	647.13	0.513,2.0251,0.936,0.4267,0.68,1.6179
1	Round_1_Replicate_12	-7409.05	14830.1	8962.45	1017.84	0.4407,1.5113,2.7406,2.2697,0.2367,0.0161
1	Round_3_Replicate_2	-7007.56	14027.12	3689.61	559.26	0.462,2.6266,1.2649,0.2445,1.7383,0.584
1	Round_2_Replicate_1	-7027.0	14066.0	4381.72	571.88	0.5132,2.5393,1.7211,0.1149,1.7023,0.3371
1	Round_2_Replicate_9	-7082.54	14177.08	18276.47	348.77	1.2421,3.6659,0.6099,0.3036,1.3371,2.938
1	Round_2_Replicate_10	-7110.65	14233.3	4157.46	378.57	1.3825,2.8584,0.4702,0.2208,1.9592,2.3181
1	Round_2_Replicate_2	-7493.39	14998.78	4819.37	791.37	0.5494,1.1362,1.0792,0.7503,2.1181,3.8931
1	Round_3_Replicate_6	-6990.65	13993.3	3987.23	563.79	0.813,2.0355,0.8633,0.3592,1.5943,0.9053
1	Round_3_Replicate_3	-6940.63	13893.26	8285.43	552.12	0.621,2.6069,1.4828,0.5147,1.6468,0.3147
1	Round_2_Replicate_7	-7164.59	14341.18	4746.57	391.48	1.1066,3.155,0.7296,0.0774,0.5462,3.649
1	Round_1_Replicate_13	-7023.69	14059.38	5879.87	555.16	0.6417,2.49,1.2391,0.192,0.0687,2.2279
1	Round_3_Replicate_1	-7129.41	14270.82	4626.43	358.46	0.8271,4.1056,1.0648,0.0402,3.2318,0.5268
1	Round_2_Replicate_10	-7283.74	14579.48	12389.46	509.74	1.2573,2.1384,0.874,0.4158,1.3749,0.5727
1	Round_2_Replicate_2	-6896.61	13805.22	5270.64	195.23	1.7419,7.1044,0.4765,0.0949,6.373,1.8144
1	Round_2_Replicate_3	-7011.63	14035.26	4855.53	508.38	0.7859,2.6565,0.8004,0.2699,0.3535,2.0444
1	Round_1_Replicate_15	-9208.17	18428.34	256621.56	2517.86	0.2682,0.4131,0.1102,5.6195,0.1631,7.6618
1	Round_3_Replicate_7	-6890.2	13792.4	5046.27	522.07	0.6518,2.7447,1.247,0.3507,1.7161,0.4636
1	Round_3_Replicate_4	-6903.2	13818.4	4006.53	571.37	0.7103,2.2872,1.1143,0.308,1.4772,0.526
1	Round_1_Replicate_14	-7392.47	14796.94	4646.2	385.5	1.4688,2.2988,0.397,0.4691,4.3272,0.8909
1	Round_3_Replicate_2	-6898.21	13808.42	3702.43	449.94	0.8413,2.9669,0.8313,0.2179,2.1112,0.818
1	Round_2_Replicate_8	-8189.9	16391.8	55846.65	1049.48	0.0912,1.5458,12.0445,0.1985,0.1465,1.3225
1	Round_3_Replicate_1	-7018.11	14048.22	5363.47	614.46	0.6283,2.0532,1.2695,0.279,0.8607,1.4245
1	Round_3_Replicate_8	-6922.61	13857.22	3737.14	740.24	0.5305,1.7304,1.33,0.462,0.9895,0.4275
1	Round_2_Replicate_3	-7068.36	14148.72	9575.86	694.13	0.5208,1.9465,1.97,0.2749,1.0242,0.4941
1	Round_2_Replicate_1	-12758.76	25529.52	65859.59	1301.64	0.1372,1.2409,1.0549,0.7056,0.2121,0.0012
1	Round_2_Replicate_4	-7077.84	14167.68	4078.77	539.25	0.4537,2.5665,1.3732,0.2236,2.0512,1.2022
1	Round_3_Replicate_5	-7452.67	14917.34	4165.33	688.76	0.516,1.5716,1.3939,0.5525,2.4534,0.2231
1	Round_3_Replicate_3	-7283.65	14579.3	4807.11	308.68	1.13,4.1554,0.3342,0.1965,3.8655,1.8813
1	Round_2_Replicate_2	-7098.23	14208.46	18081.05	852.12	0.5005,1.74,1.7282,1.153,0.4573,0.1207
1	Round_3_Replicate_9	-7269.85	14551.7	4776.51	695.82	0.619,1.7109,0.6225,0.5865,1.1478,0.6573
1	Round_3_Replicate_2	-7002.27	14016.54	4852.95	480.58	0.8169,2.7766,0.9045,0.1784,0.6258,2.1416
1	Round_2_Replicate_4	-7499.1	15010.2	448786.79	169.36	2.9433,6.4207,0.2562,0.4095,9.9488,1.3982
1	Round_1_Replicate_15	-7506.8	15025.6	172180.63	152.61	2.3237,8.5452,0.2274,0.253,0.1414,18.8244
1	Round_2_Replicate_9	-7230.78	14473.56	4634.24	162.81	2.5382,7.1054,0.1685,0.1154,1.7999,12.3924
1	Round_3_Replicate_6	-7054.69	14121.38	9730.19	564.66	0.8155,2.4791,1.3237,0.3583,1.132,0.3203
1	Round_2_Replicate_3	-6924.21	13860.42	3559.23	773.29	0.436,1.7375,1.5971,0.4436,0.9997,0.3497
1	Round_3_Replicate_4	-6894.89	13801.78	4749.25	305.22	1.1748,4.1573,0.7022,0.2128,4.5387,1.0579
1	Round_3_Replicate_10	-7671.0	15354.0	5188.92	492.2	0.4297,2.2503,1.0391,0.395,4.9117,0.611
1	Round_2_Replicate_5	-7049.55	14111.1	4449.74	245.65	1.5292,5.1683,0.3629,0.1475,0.8215,7.0187
1	Round_2_Replicate_5	-7301.18	14614.36	10858.64	650.13	0.5718,1.755,1.7525,0.3401,0.1835,3.6337
1	Round_3_Replicate_3	-7002.36	14016.72	4557.32	318.06	1.2021,4.1058,0.5224,0.1635,0.0661,5.1758
1	Round_2_Replicate_10	-7089.24	14190.48	4298.89	1016.91	0.33,1.237,2.162,0.4067,0.1288,0.9274
1	Round_2_Replicate_1	-7825.85	15663.7	6492.0	415.15	2.0788,2.003,0.4922,0.4459,2.0512,0.5411
1	Round_3_Replicate_7	-6913.87	13839.74	4284.97	386.5	0.7435,3.8638,0.9662,0.208,2.7119,0.7312
1	Round_2_Replicate_4	-7283.84	14579.68	4441.09	1050.14	0.5606,1.0295,1.3468,1.3116,0.3502,0.0678
1	Round_3_Replicate_5	-6909.84	13831.68	3977.04	250.75	1.1628,5.8239,0.6492,0.086,4.9263,1.1508
1	Round_2_Replicate_6	-6952.07	13916.14	4366.75	531.39	0.8172,2.6318,0.9116,0.3682,1.3365,0.4173
1	Round_3_Replicate_1	-7763.15	15538.3	232943.0	239.1	1.1434,6.4757,1.224,0.0395,0.1388,7.1144
1	Round_2_Replicate_6	-7226.87	14465.74	42215.72	588.61	0.723,2.2537,1.4417,0.3863,0.0826,1.7778
1	Round_2_Replicate_5	-8424.06	16860.12	8205.57	1456.0	0.0585,1.2216,12.0714,0.7831,0.0663,0.0101
1	Round_3_Replicate_4	-7007.95	14027.9	4573.0	424.6	0.8374,3.2692,0.7776,0.171,0.179,3.1352
1	Round_3_Replicate_6	-7003.89	14019.78	4642.05	350.56	1.1199,3.5294,0.7018,0.1398,2.7599,2.2489
1	Round_2_Replicate_2	-7254.98	14521.96	4789.26	788.28	0.4707,1.6122,0.8623,0.5769,0.6186,0.8902
1	Round_3_Replicate_2	-7031.39	14074.78	6351.46	112.39	2.8247,12.1303,0.2724,0.0495,0.0685,18.5091
1	Round_3_Replicate_5	-7112.78	14237.56	4534.08	838.22	0.3288,1.8148,1.9734,0.2618,0.2441,0.7504
1	Round_2_Replicate_6	-8282.57	16577.14	8527.85	1709.75	0.2181,0.4391,1.3656,0.3168,0.0028,0.0839
1	Round_2_Replicate_7	-7507.07	15026.14	5553.42	845.33	0.2544,1.4027,3.2704,0.2357,3.7868,0.9874
1	Round_2_Replicate_7	-7356.74	14725.48	7415.47	475.76	1.3912,2.062,0.3295,0.5793,0.3132,2.6015
1	Round_3_Replicate_7	-6879.95	13771.9	4417.63	409.83	0.789,3.4677,0.9904,0.291,2.7189,0.5444
1	Round_2_Replicate_3	-7613.96	15239.92	4981.86	871.47	0.4591,1.129,1.3654,0.2452,2.01,18.1702
1	Round_3_Replicate_6	-6993.64	13999.28	4989.93	465.64	0.8354,2.8746,0.8428,0.2099,0.0385,2.8721
1	Round_2_Replicate_7	-6944.39	13900.78	4341.9	831.02	0.4539,1.6247,1.734,0.4702,0.6626,0.3223
1	Round_3_Replicate_3	-7078.58	14169.16	4115.47	275.04	1.1105,5.1296,0.5284,0.0736,0.1475,6.2932
1	Round_3_Replicate_8	-7096.99	14205.98	4739.32	233.64	1.0898,6.0307,0.617,0.0844,3.872,5.3206
1	Round_2_Replicate_4	-6990.93	13993.86	4085.17	494.87	0.8144,2.4163,0.9058,0.2367,1.9843,1.2758
1	Round_2_Replicate_8	-7106.26	14224.52	16973.81	250.73	1.1603,5.1752,0.8822,0.2761,6.8573,0.8242
1	Round_2_Replicate_8	-7410.18	14832.36	5602.37	708.44	0.323,2.0419,1.7301,0.9015,1.6473,0.1565
1	Round_2_Replicate_8	-7286.45	14584.9	5046.13	602.44	0.3448,2.7436,1.7677,0.0904,0.0276,1.9042
1	Round_3_Replicate_4	-7171.9	14355.8	17085.78	226.93	1.8322,5.7034,0.5659,0.0923,0.0986,7.4472
1	Round_3_Replicate_7	-7217.12	14446.24	4509.06	564.9	0.3986,2.5953,1.4063,0.1934,0.2654,2.7506
1	Round_3_Replicate_9	-6950.53	13913.06	3647.25	245.43	1.0799,5.6747,0.57,0.1206,5.8724,1.5436
1	Round_3_Replicate_8	-7150.98	14313.96	4242.62	620.48	0.7667,2.1911,0.879,0.5634,1.0767,0.2115
1	Round_2_Replicate_9	-7271.08	14554.16	6119.36	1085.7	0.2367,1.5561,3.292,0.639,0.2069,0.0912
1	Round_3_Replicate_8	-7004.36	14020.72	5031.5	539.82	0.7966,2.3137,0.8496,0.3241,0.1399,2.3618
1	Round_2_Replicate_9	-7535.88	15083.76	7530.58	985.84	0.7022,0.8797,1.3482,1.076,0.4615,0.2843
1	Round_2_Replicate_9	-7034.06	14080.12	4457.18	394.85	0.7939,3.4963,0.7839,0.1713,0.0164,4.2592
1	Round_3_Replicate_9	-7251.5	14515.0	4377.32	228.96	1.0844,6.3183,0.4725,0.0411,0.381,8.6231
1	Round_3_Replicate_10	-6943.14	13898.28	5784.79	258.98	1.087,5.6084,0.7048,0.1503,4.7451,1.4133
1	Round_2_Replicate_10	-7060.42	14132.84	9068.27	923.86	0.5637,1.3172,1.3241,1.2281,0.4483,0.16
1	Round_3_Replicate_5	-7120.9	14253.8	14013.45	331.94	1.0273,4.1929,0.9299,0.1283,0.0616,4.8557
1	Round_2_Replicate_10	-7060.42	14132.84	4512.79	559.42	0.4592,2.4963,1.573,0.172,1.7708,1.2459
1	Round_4_Replicate_1	-6862.18	13736.36	3987.53	338.47	1.0122,4.0041,0.7642,0.2055,3.6223,0.8126
1	Round_3_Replicate_9	-7023.18	14058.36	4565.38	544.19	0.5782,2.573,1.1722,0.1986,0.0708,2.5529
1	Round_3_Replicate_10	-6941.4	13894.8	4340.37	677.54	0.5307,1.8662,1.6192,0.3534,1.4471,0.4486
1	Round_3_Replicate_1	-7205.68	14423.36	4163.8	112.02	1.5197,12.5327,0.3781,0.0418,18.3144,3.1714
1	Round_3_Replicate_1	-6936.89	13885.78	3659.33	159.78	2.0153,8.2693,0.3096,0.0713,8.7059,3.2788
1	Round_3_Replicate_6	-7346.78	14705.56	4449.98	890.58	0.3569,1.2467,2.0423,0.2935,0.0804,12.1983
1	Round_3_Replicate_10	-7212.34	14436.68	7582.17	267.95	0.9784,5.1275,0.9187,0.0582,0.1431,9.3515
1	Round_3_Replicate_2	-6934.49	13880.98	4928.19	762.14	0.4018,1.8359,2.0788,0.4607,1.0226,0.3319
1	Round_3_Replicate_7	-7392.23	14796.46	180532.43	252.83	1.8388,4.3635,0.3946,0.42,0.0994,10.1368
1	Round_1_Replicate_12	-7328.29	14668.58	4456.52	1732.39	0.17,0.6557,4.2818,0.639,19.9229,8.4645
1	Round_3_Replicate_2	-6896.62	13805.24	4295.47	129.94	2.1596,10.9798,0.3413,0.078,11.4482,2.131
1	Round_3_Replicate_3	-7309.14	14630.28	8527.89	709.87	0.9515,1.4547,1.1267,0.7973,0.8587,0.2371
1	Round_3_Replicate_8	-7095.57	14203.14	5991.11	195.54	1.9044,6.5209,0.4597,0.053,0.0328,10.7598
1	Round_3_Replicate_4	-7016.14	14044.28	3728.97	771.36	0.4084,1.7656,1.3647,0.4483,0.9545,0.477
1	Round_3_Replicate_3	-6911.17	13834.34	4043.81	235.45	1.6429,5.3242,0.5154,0.1246,5.998,1.2491
1	Round_1_Replicate_13	-9313.15	18638.3	311740.6	4959.74	0.2007,0.1137,0.0702,19.3348,0.2272,0.6464
1	Round_2_Replicate_10	-12729.14	25470.28	399863612.1	240.46	0.4109,16.4034,0.7135,1.0197,0.0591,11.6264
1	Round_3_Replicate_9	-7078.69	14169.38	4555.87	434.99	0.7298,3.1791,0.76,0.2239,0.1149,3.5717
1	Round_4_Replicate_2	-6862.18	13736.36	3987.48	338.45	1.0123,4.0043,0.7642,0.2054,3.6227,0.8127
1	Round_3_Replicate_5	-7097.18	14206.36	4922.07	509.02	0.4758,3.1199,1.3156,0.2378,1.5017,0.8333
1	Round_3_Replicate_4	-7519.03	15050.06	4688.16	150.42	1.0044,9.438,0.7097,0.0164,13.7512,0.7894
1	Round_3_Replicate_1	-7010.4	14032.8	5863.45	550.89	0.6414,2.4054,1.1357,0.3004,0.2567,2.4133
1	Round_1_Replicate_14	-7382.47	14776.94	453464.21	771.45	0.8008,1.4421,0.8578,2.17,0.791,0.1752
1	Round_3_Replicate_10	-6990.19	13992.38	4953.87	344.92	1.1237,3.7703,0.6319,0.1626,0.0468,4.695
1	Round_3_Replicate_6	-7344.27	14700.54	41111.22	645.32	0.4752,2.3162,2.3706,0.2164,0.3512,1.3425
1	Round_3_Replicate_5	-7041.45	14094.9	3957.71	346.92	0.9208,3.9303,0.5673,0.1642,2.8644,1.8519
1	Round_4_Replicate_1	-6862.18	13736.36	3989.13	338.03	1.0131,4.0093,0.7637,0.2052,3.6298,0.8137
1	Round_3_Replicate_2	-7053.44	14118.88	7824.08	572.65	0.555,2.4969,1.4538,0.2484,0.2666,1.9793
1	Round_3_Replicate_6	-6873.34	13758.68	3987.89	144.7	2.2955,9.3652,0.3331,0.091,10.2107,1.7884
1	Round_3_Replicate_7	-8035.28	16082.56	8190.39	354.32	0.3052,5.3461,1.4183,0.2076,2.7877,0.6502
1	Round_4_Replicate_1	-6989.88	13991.76	4905.76	366.17	1.0538,3.5754,0.662,0.1741,0.0326,4.3003
1	Round_1_Replicate_15	-7495.66	15003.32	6878.42	1292.1	0.2964,1.0123,2.2448,0.2476,0.0996,0.0406
1	Round_3_Replicate_3	-7008.92	14029.84	4929.54	436.91	0.7625,3.0759,0.901,0.2084,0.5811,3.2204
1	Round_4_Replicate_1	-6862.18	13736.36	3987.3	338.45	1.0123,4.0044,0.7642,0.2054,3.6228,0.8127
1	Round_3_Replicate_8	-6896.16	13804.32	4561.37	634.58	0.5186,2.1873,1.5558,0.382,1.3655,0.4306
1	Round_2_Replicate_1	-6915.02	13842.04	4130.9	300.19	1.3187,4.231,0.4898,0.2087,3.8449,1.4895
1	Round_3_Replicate_7	-6927.7	13867.4	6353.2	201.74	1.3975,7.1551,0.6641,0.1038,6.9244,1.1689
1	Round_3_Replicate_4	-6990.69	13993.38	4966.13	274.78	1.3869,4.7753,0.4968,0.1334,0.24,5.9766
1	Round_3_Replicate_8	-7053.48	14118.96	5728.72	512.97	0.61,2.552,1.244,0.2576,1.177,2.4034
1	Round_3_Replicate_9	-7002.6	14017.2	3606.76	711.18	0.4628,1.7369,1.515,0.2937,1.5386,0.534
1	Round_3_Replicate_5	-7006.36	14024.72	3835.13	504.69	0.6908,2.729,0.775,0.3406,1.9144,0.5946
1	Round_2_Replicate_2	-8364.6	16741.2	10111.89	213.35	1.2922,6.1413,0.9338,0.0023,8.7233,0.3331
1	Round_2_Replicate_5	-7360.07	14732.14	4905.18	2934.06	0.0967,0.3812,6.9948,2.1116,0.8185,18.6222
1	Round_4_Replicate_1	-6989.82	13991.64	4907.46	329.09	1.1674,3.9798,0.5989,0.1544,0.0686,4.91
1	Round_3_Replicate_9	-7130.27	14272.54	33240.07	139.9	2.9401,8.9361,0.3721,0.1255,10.0565,2.3872
1	Round_3_Replicate_10	-6891.19	13794.38	3700.43	471.49	0.7025,2.9017,1.0599,0.3433,2.449,0.4391
1	Round_3_Replicate_6	-6985.59	13983.18	4929.88	472.01	0.7709,2.7173,0.9335,0.2504,1.5543,1.8465
1	Round_3_Replicate_10	-7137.54	14287.08	3970.23	118.63	3.4218,9.0158,0.1795,0.0687,14.2373,6.9657
1	Round_4_Replicate_3	-6862.18	13736.36	3987.52	338.48	1.0122,4.004,0.7643,0.2055,3.6222,0.8126
1	Round_2_Replicate_6	-8975.11	17962.22	62900.56	1133.95	0.5583,0.8366,2.9591,0.0043,1.3985,1.9034
1	Round_3_Replicate_7	-7105.08	14222.16	3942.16	490.59	0.7194,2.5929,0.8697,0.1205,0.0986,3.5606
1	Round_2_Replicate_7	-7017.8	14047.6	4501.98	666.85	0.5701,1.9509,1.0763,0.3838,0.2053,1.6555
1	Round_2_Replicate_3	-7531.93	15075.86	6346.2	1451.86	0.1764,0.8918,5.0772,0.0287,13.0167,2.5824
1	Round_3_Replicate_8	-7257.82	14527.64	5814.12	445.48	1.454,2.1479,0.5615,0.4303,2.1085,1.0138
1	Round_2_Replicate_8	-7036.33	14084.66	3968.02	774.49	0.4263,1.7003,1.5917,0.2459,0.6948,0.9113
1	Round_4_Replicate_2	-6862.18	13736.36	3987.52	338.48	1.0122,4.004,0.7643,0.2055,3.6221,0.8126
1	Round_2_Replicate_9	-6979.4	13970.8	3778.46	864.67	0.31,1.6626,2.3259,0.519,0.8509,0.2381
1	Round_3_Replicate_9	-7646.98	15305.96	7932.34	323.45	0.5141,4.2293,1.1736,0.2694,0.4606,12.1998
1	Round_2_Replicate_4	-7496.79	15005.58	4739.98	1874.17	0.1299,0.6852,5.22,0.0808,4.0615,2.8246
1	Round_3_Replicate_10	-7080.51	14173.02	5420.37	835.77	0.5009,1.3525,1.9293,0.5799,1.1363,0.3372
1	Round_2_Replicate_10	-7208.41	14428.82	3950.98	1059.7	0.2527,1.1105,2.2722,0.8304,1.1079,0.3131
1	Round_2_Replicate_5	-6907.85	13827.7	3705.59	265.05	1.0349,5.0639,0.7056,0.1691,6.0113,1.0119
1	Round_3_Replicate_1	-7041.2	14094.4	15082.21	499.36	0.8762,2.4699,1.1675,0.4306,1.9796,0.6279
1	Round_4_Replicate_2	-6989.85	13991.7	4874.82	344.66	1.1206,3.7823,0.6217,0.1646,0.0353,4.6946
1	Round_4_Replicate_1	-6862.18	13736.36	3987.29	338.38	1.0124,4.005,0.764,0.2054,3.6237,0.8129
1	Round_3_Replicate_2	-7190.04	14392.08	6203.96	715.72	0.6279,2.0036,0.7854,0.7548,0.6486,0.2823
1	Round_2_Replicate_6	-7355.76	14723.52	5421.13	221.1	1.1309,6.7011,0.3571,0.1722,6.3189,1.3051
1	Round_4_Replicate_2	-6862.18	13736.36	3986.95	338.39	1.0124,4.005,0.764,0.2054,3.6234,0.8129
1	Round_3_Replicate_3	-7167.46	14346.92	8771.79	759.5	0.4752,1.763,2.3475,0.1707,0.9782,0.3085
1	Round_2_Replicate_7	-6863.04	13738.08	4125.89	285.27	1.2051,4.7659,0.6517,0.1736,4.4534,0.9535
1	Round_4_Replicate_2	-6862.15	13736.3	3989.98	331.97	1.0338,4.0766,0.7485,0.2018,3.7196,0.8314
1	Round_4_Replicate_4	-6862.18	13736.36	3987.46	338.48	1.0122,4.004,0.7643,0.2055,3.6222,0.8126
1	Round_4_Replicate_1	-6862.17	13736.34	3984.59	336.08	1.0195,4.0304,0.7579,0.2038,3.6575,0.8219
1	Round_3_Replicate_4	-7139.94	14291.88	4002.77	796.79	0.4977,1.79,1.1968,0.6567,0.6869,0.1698
1	Round_2_Replicate_8	-6881.69	13775.38	3972.83	174.38	1.9142,7.439,0.4236,0.1027,8.9879,1.6138
1	Round_3_Replicate_5	-6956.71	13925.42	4376.15	826.23	0.4423,1.4839,1.8132,0.603,1.0634,0.3697
1	Round_3_Replicate_6	-7021.45	14054.9	3744.37	589.19	0.68,2.244,0.8784,0.4636,1.538,0.3525
1	Round_3_Replicate_7	-7102.92	14217.84	6711.56	534.35	0.4344,3.0907,1.7123,0.4672,1.656,0.3012
1	Round_4_Replicate_3	-6862.15	13736.3	3994.52	330.5	1.0361,4.0986,0.7465,0.2005,3.7383,0.8367
1	Round_4_Replicate_1	-6862.15	13736.3	3989.0	329.07	1.0399,4.1225,0.7438,0.1982,3.7485,0.8381
1	Round_3_Replicate_8	-7454.68	14921.36	6546.96	824.12	0.4848,1.903,0.8494,0.9637,0.4578,0.1423
1	Round_2_Replicate_9	-11302.42	22616.84	35562.28	141.48	1.197,19.7337,0.1545,0.0265,0.4132,3.8051
1	Round_4_Replicate_2	-6862.16	13736.32	3978.4	333.86	1.0247,4.0577,0.7537,0.2023,3.6937,0.8264
1	Round_3_Replicate_9	-7048.49	14108.98	6215.46	765.11	0.3238,2.014,2.5049,0.7185,1.0216,0.1918
1	Round_4_Replicate_3	-6989.84	13991.68	4898.75	356.68	1.0824,3.6651,0.646,0.1688,0.0362,4.4608
1	Round_4_Replicate_2	-6862.18	13736.36	3987.43	338.48	1.0122,4.004,0.7643,0.2055,3.6223,0.8126
1	Round_2_Replicate_10	-8551.7	17115.4	7218.51	711.27	0.5876,1.3653,1.8124,0.0341,2.4638,0.2629
1	Round_4_Replicate_3	-6862.18	13736.36	3987.61	338.47	1.0122,4.0041,0.7642,0.2055,3.6222,0.8126
1	Round_3_Replicate_10	-6980.06	13972.12	5380.21	668.81	0.6627,1.8241,1.4765,0.48,1.3124,0.3289
1	Round_3_Replicate_1	-6926.79	13865.58	4456.52	192.87	1.9077,6.5156,0.3654,0.1252,6.9494,2.8038
1	Round_4_Replicate_5	-6862.18	13736.36	3986.92	338.09	1.0131,4.0084,0.7636,0.2052,3.6289,0.8137
1	Round_4_Replicate_3	-6989.89	13991.78	4894.18	370.58	1.0408,3.5282,0.6712,0.1762,0.1115,4.1747
1	Round_4_Replicate_4	-6862.17	13736.34	4007.27	331.91	1.0325,4.0884,0.7503,0.2013,3.7023,0.8278
1	Round_3_Replicate_2	-6867.34	13746.68	3996.97	183.02	1.9299,7.2116,0.3905,0.1118,7.6755,1.7207
1	Round_3_Replicate_3	-6972.0	13956.0	8061.89	243.75	1.3613,5.4825,0.7649,0.1397,5.8744,0.9835
1	Round_4_Replicate_3	-6862.18	13736.36	3988.83	337.82	1.0148,4.0129,0.7621,0.2051,3.6267,0.814
1	Round_3_Replicate_4	-7545.96	15103.92	10626.72	4000.07	0.096,0.2754,3.7813,5.3584,0.1304,4.155
1	Round_4_Replicate_2	-6862.15	13736.3	3986.95	333.0	1.0281,4.0684,0.7522,0.2019,3.7034,0.8281
1	Round_3_Replicate_5	-6943.92	13899.84	8196.07	195.88	1.8164,6.9622,0.5509,0.1426,6.9575,1.0789
1	Round_4_Replicate_6	-6862.18	13736.36	3987.26	338.28	1.0127,4.0062,0.7638,0.2053,3.6254,0.8132
1	Round_3_Replicate_6	-7143.36	14298.72	4382.67	109.39	2.537,12.2618,0.1861,0.0734,14.3412,4.9875
1	Round_4_Replicate_3	-6862.18	13736.36	3987.79	338.48	1.0122,4.0039,0.7643,0.2055,3.6221,0.8126
1	Round_3_Replicate_7	-6893.77	13799.54	4705.75	371.71	0.9378,3.606,0.9508,0.1847,3.2426,0.7234
1	Round_4_Replicate_4	-6862.18	13736.36	3987.51	338.48	1.0122,4.004,0.7643,0.2055,3.6222,0.8126
1	Round_4_Replicate_4	-6989.88	13991.76	4891.92	363.43	1.0608,3.5948,0.6593,0.1724,0.0291,4.3776
1	Round_4_Replicate_1	-6862.18	13736.36	3987.48	338.48	1.0122,4.004,0.7643,0.2055,3.6222,0.8126
1	Round_3_Replicate_8	-7323.49	14658.98	5177.47	402.31	0.7883,3.3122,0.4734,0.3194,2.9817,1.1386
1	Round_3_Replicate_9	-7032.52	14077.04	6715.72	352.66	0.9986,4.3684,0.7944,0.1248,1.8825,1.2601
1	Round_4_Replicate_7	-6862.18	13736.36	3987.51	338.48	1.0122,4.004,0.7643,0.2055,3.6222,0.8126
1	Round_4_Replicate_5	-6862.15	13736.3	3988.27	330.24	1.0372,4.0978,0.7468,0.2002,3.7521,0.8352
1	Round_3_Replicate_10	-7146.95	14305.9	9397.92	240.95	1.568,4.8884,0.6177,0.1306,6.0077,3.052
1	Round_4_Replicate_4	-6862.17	13736.34	3987.72	337.19	1.016,4.0193,0.7614,0.2046,3.6401,0.8159
1	Round_4_Replicate_4	-6862.18	13736.36	3987.52	338.48	1.0122,4.004,0.7643,0.2055,3.6222,0.8126
1	Round_4_Replicate_5	-6989.85	13991.7	4865.88	346.34	1.1138,3.7761,0.6264,0.1625,0.0345,4.6316
1	Round_4_Replicate_3	-6862.18	13736.36	3989.37	337.86	1.013,4.013,0.7637,0.2051,3.6308,0.8132
1	Round_4_Replicate_1	-6862.16	13736.32	3987.4	335.2	1.0212,4.0431,0.7573,0.2033,3.6703,0.8215
1	Round_4_Replicate_4	-6989.86	13991.72	4896.37	367.89	1.0478,3.5514,0.6669,0.1753,0.2034,4.1339
1	Round_4_Replicate_5	-6862.18	13736.36	3987.48	338.48	1.0122,4.004,0.7643,0.2055,3.6222,0.8126
1	Round_4_Replicate_2	-6862.18	13736.36	3987.46	338.47	1.0122,4.0041,0.7642,0.2054,3.6224,0.8126
1	Round_4_Replicate_8	-6862.18	13736.36	3987.44	338.46	1.0122,4.0042,0.7642,0.2054,3.6226,0.8126
1	Round_4_Replicate_6	-6862.15	13736.3	3997.28	328.17	1.0454,4.1296,0.7408,0.1984,3.7624,0.8406
1	Round_4_Replicate_4	-6862.18	13736.36	3987.46	338.47	1.0122,4.0041,0.7642,0.2055,3.6224,0.8126
1	Round_4_Replicate_6	-6989.9	13991.8	4910.42	372.14	1.0377,3.516,0.6734,0.1772,0.0253,4.2225
1	Round_4_Replicate_3	-6862.18	13736.36	3988.29	338.31	1.0128,4.0065,0.7638,0.2054,3.6233,0.8128
1	Round_4_Replicate_5	-6862.18	13736.36	3987.48	338.48	1.0122,4.004,0.7643,0.2055,3.6222,0.8126
1	Round_4_Replicate_5	-6862.16	13736.32	3987.28	331.38	1.0332,4.0843,0.7482,0.2019,3.7359,0.8325
1	Round_4_Replicate_4	-6862.18	13736.36	3987.52	338.48	1.0122,4.004,0.7643,0.2055,3.6221,0.8126
1	Round_4_Replicate_9	-6862.18	13736.36	3987.58	338.14	1.0131,4.0072,0.7637,0.2054,3.6294,0.8135
1	Round_4_Replicate_6	-6862.18	13736.36	3987.52	338.48	1.0122,4.004,0.7643,0.2055,3.6222,0.8126
1	Round_4_Replicate_2	-6862.18	13736.36	3986.74	338.32	1.0126,4.0056,0.7639,0.2053,3.6251,0.8132
1	Round_4_Replicate_5	-6989.88	13991.76	4905.16	367.42	1.0498,3.5585,0.6657,0.175,0.0818,4.2517
1	Round_4_Replicate_7	-6989.82	13991.64	4918.73	340.91	1.1365,3.8244,0.6146,0.1637,0.0958,4.6791
1	Round_4_Replicate_6	-6862.17	13736.34	3988.15	336.93	1.018,4.0208,0.7592,0.2049,3.6423,0.8182
1	Round_4_Replicate_5	-6862.18	13736.36	3987.5	338.47	1.0122,4.0041,0.7642,0.2055,3.6223,0.8126
1	Round_4_Replicate_7	-6862.16	13736.32	3979.71	334.13	1.0247,4.0573,0.7544,0.202,3.6825,0.8232
1	Round_4_Replicate_8	-6989.9	13991.8	4907.27	371.51	1.0395,3.5207,0.6724,0.1768,0.0441,4.2169
1	Round_4_Replicate_6	-6862.17	13736.34	3988.3	337.61	1.0146,4.0145,0.7623,0.2049,3.634,0.815
1	Round_4_Replicate_10	-6862.18	13736.36	3987.55	338.48	1.0122,4.004,0.7643,0.2055,3.6221,0.8126
1	Round_4_Replicate_5	-6862.18	13736.36	3987.33	338.28	1.0127,4.0063,0.7638,0.2053,3.6251,0.8131
1	Round_4_Replicate_7	-6862.18	13736.36	3987.52	338.48	1.0122,4.004,0.7643,0.2055,3.6221,0.8126
1	Round_4_Replicate_7	-6862.14	13736.28	3988.42	325.06	1.0564,4.1637,0.7311,0.1967,3.8128,0.8551
1	Round_4_Replicate_6	-6862.17	13736.34	3989.73	337.06	1.0162,4.0208,0.7615,0.2046,3.6432,0.816
1	Round_4_Replicate_3	-6862.15	13736.3	4002.31	329.23	1.0423,4.1138,0.7426,0.2005,3.7527,0.8379
1	Round_4_Replicate_6	-6862.14	13736.28	3987.02	330.07	1.0373,4.1049,0.7458,0.2,3.7455,0.834
1	Round_4_Replicate_8	-6862.16	13736.32	3985.02	332.82	1.0319,4.0699,0.7491,0.2023,3.6983,0.8266
1	Round_5_Replicate_1	-6862.18	13736.36	3988.6	337.9	1.0137,4.0109,0.7633,0.2052,3.6313,0.8135
1	Round_4_Replicate_7	-6862.18	13736.36	3988.1	338.16	1.0139,4.0076,0.7634,0.2051,3.6248,0.8129
1	Round_4_Replicate_8	-6862.16	13736.32	3980.79	333.32	1.028,4.0647,0.7516,0.2025,3.6976,0.825
1	Round_4_Replicate_6	-6862.18	13736.36	3987.95	338.45	1.0122,4.0046,0.7642,0.2054,3.6223,0.8127
1	Round_4_Replicate_8	-6862.18	13736.36	3987.59	338.46	1.0122,4.0042,0.7642,0.2055,3.6225,0.8126
1	Round_4_Replicate_9	-6862.17	13736.34	3988.49	336.16	1.0191,4.0326,0.7589,0.2039,3.6523,0.8186
1	Round_4_Replicate_7	-6989.87	13991.74	4920.37	364.96	1.0585,3.5814,0.6608,0.1742,0.0195,4.3462
1	Round_4_Replicate_9	-6862.18	13736.36	3987.52	338.48	1.0122,4.004,0.7643,0.2055,3.6221,0.8126
1	Round_4_Replicate_7	-6862.18	13736.36	3987.44	338.48	1.0122,4.004,0.7642,0.2055,3.6223,0.8126
1	Round_4_Replicate_4	-6862.18	13736.36	3987.69	338.46	1.0122,4.0042,0.7642,0.2054,3.6224,0.8126
1	Round_4_Replicate_9	-6862.17	13736.34	3987.79	336.49	1.0182,4.0264,0.7601,0.2041,3.6523,0.818
1	Round_4_Replicate_8	-6862.17	13736.34	3978.48	334.5	1.0226,4.0479,0.7561,0.2029,3.691,0.8236
1	Round_4_Replicate_7	-6862.18	13736.36	3987.28	338.36	1.0126,4.0053,0.764,0.2054,3.6242,0.8129
1	Round_4_Replicate_10	-6989.88	13991.76	4914.81	366.56	1.0535,3.5679,0.6642,0.1743,0.0244,4.3126
1	Round_4_Replicate_10	-6862.18	13736.36	3987.52	338.48	1.0122,4.004,0.7643,0.2055,3.6222,0.8126
1	Round_4_Replicate_9	-6862.18	13736.36	3987.58	338.47	1.0122,4.0041,0.7642,0.2055,3.6222,0.8126
1	Round_4_Replicate_8	-6862.18	13736.36	3987.52	338.48	1.0122,4.004,0.7643,0.2055,3.6222,0.8126
1	Round_4_Replicate_8	-6862.18	13736.36	3987.54	338.48	1.0122,4.004,0.7643,0.2055,3.6221,0.8125
1	Round_4_Replicate_5	-6862.13	13736.26	3986.44	324.16	1.0557,4.1782,0.7326,0.1962,3.837,0.8511
1	Round_4_Replicate_10	-6862.17	13736.34	3977.68	336.66	1.0166,4.0241,0.7605,0.2039,3.6538,0.8176
1	Round_4_Replicate_9	-6862.17	13736.34	3987.42	337.43	1.0152,4.015,0.762,0.2049,3.6397,0.8159
1	Round_5_Replicate_1	-6862.14	13736.28	3988.0	325.35	1.0515,4.16,0.7351,0.1972,3.8241,0.8517
1	Round_5_Replicate_1	-6862.18	13736.36	3987.65	338.28	1.0127,4.0065,0.7638,0.2053,3.6247,0.8134
1	Round_4_Replicate_9	-6862.18	13736.36	3987.54	338.41	1.0124,4.0049,0.7641,0.2054,3.6231,0.8127
1	Round_4_Replicate_8	-6862.18	13736.36	3987.3	338.42	1.0123,4.0047,0.7641,0.2054,3.6234,0.8127
1	Round_4_Replicate_10	-6862.13	13736.26	3985.54	323.37	1.0585,4.1893,0.7295,0.1958,3.8444,0.8556
