Model	Replicate	log-likelihood	AIC	chi-squared	theta	optimized_params
Model	Replicate	log-likelihood	AIC	chi-squared	theta	optimized_params
Model	Replicate	log-likelihood	AIC	chi-squared	theta	optimized_params
Model	Replicate	log-likelihood	AIC	chi-squared	theta	optimized_params
Model	Replicate	log-likelihood	AIC	chi-squared	theta	optimized_params
Model	Replicate	log-likelihood	AIC	chi-squared	theta	optimized_params
Model	Replicate	log-likelihood	AIC	chi-squared	theta	optimized_params
Model	Replicate	log-likelihood	AIC	chi-squared	theta	optimized_params
Model	Replicate	log-likelihood	AIC	chi-squared	theta	optimized_params
Model	Replicate	log-likelihood	AIC	chi-squared	theta	optimized_params
1	Round_1_Replicate_1	-7088.13	14194.26	3258.37	440.47	1.1062,2.1239,0.3805,0.2466,5.2323,1.6857,3.6878,1.561,0.3347
1	Round_1_Replicate_1	-6742.36	13502.72	2779.99	336.94	1.1321,3.9339,1.3197,0.9851,0.3139,0.0637,0.4929,4.7922,0.4655
1	Round_1_Replicate_1	-7068.9	14155.8	3263.51	1035.04	0.4985,1.0092,1.6494,3.8074,0.463,0.2009,1.959,13.7592,0.1471
1	Round_1_Replicate_1	-6919.61	13857.22	3296.67	491.45	0.9359,2.3554,0.9352,0.8528,0.5974,0.1419,1.9059,1.1464,0.615
1	Round_1_Replicate_1	-7234.73	14487.46	4554.38	815.58	0.8663,1.6618,0.1273,19.6443,0.7636,0.3984,1.0546,0.7966,0.4805
1	Round_1_Replicate_1	-7687.34	15392.68	4641.8	911.96	0.2269,1.3889,0.2135,17.2549,3.1782,0.1877,1.7383,0.1241,0.9287
1	Round_1_Replicate_1	-6635.19	13288.38	2461.15	423.0	0.8481,3.1174,4.6647,1.7056,0.567,0.2025,2.6754,0.7776,0.6765
1	Round_1_Replicate_2	-7219.12	14456.24	3546.4	954.2	0.3941,1.2724,12.3881,0.276,0.6086,0.1226,0.3001,1.7004,0.3901
1	Round_1_Replicate_1	-7100.74	14219.48	4519.28	767.13	0.7582,1.5577,0.556,5.4872,0.959,0.5908,0.5672,0.2842,0.9854
1	Round_1_Replicate_2	-7246.74	14511.48	3853.25	595.33	0.4953,2.7752,0.8437,5.1114,0.9031,0.1461,2.1051,5.804,0.5093
1	Round_1_Replicate_2	-6831.64	13681.28	3779.4	406.45	0.9454,3.8163,3.3126,0.7654,0.3892,0.152,1.9666,0.3079,0.3895
1	Round_1_Replicate_2	-7055.15	14128.3	4434.95	1112.06	0.3673,1.1579,1.1234,2.7619,3.0587,0.6258,0.3465,0.0683,0.3993
1	Round_1_Replicate_3	-6781.01	13580.02	2838.42	520.4	0.7625,2.5424,0.5792,0.1998,6.9878,0.0868,0.7776,1.9622,0.2671
1	Round_1_Replicate_3	-7598.62	15215.24	6228.38	809.26	0.7036,1.6808,0.0173,0.3953,4.4332,0.342,0.3966,0.1311,0.3684
1	Round_1_Replicate_3	-7041.13	14100.26	4684.05	613.17	0.4692,2.5593,3.034,1.6654,0.3075,0.1865,1.1895,0.48,0.3662
1	Round_1_Replicate_1	-15112.33	30242.66	50033.22	177.55	10.1065,0.4757,0.7516,2.4792,0.1085,1.7451,0.1154,7.3014,0.99
1	Round_1_Replicate_2	-7885.72	15789.44	6259.63	1035.78	0.2107,1.8856,0.6579,19.7842,1.8069,0.2763,0.086,0.2386,0.9423
1	Round_1_Replicate_3	-7905.4	15828.8	29774.59	523.94	0.2699,3.8527,0.3021,0.9969,9.1917,0.5525,1.3921,0.1432,0.4693
1	Round_1_Replicate_4	-6737.02	13492.04	2668.55	400.06	0.876,3.4114,4.3408,0.4749,0.3693,0.1925,3.0759,0.3549,0.6669
1	Round_1_Replicate_1	-13335.29	26688.58	32843.55	3340.45	0.3396,0.0668,2.3466,0.5231,0.2095,4.7573,0.987,1.9132,0.99
1	Round_1_Replicate_2	-8021.82	16061.64	7931056.85	193.19	1.5128,9.3243,1.6489,8.0547,0.5861,0.2867,0.2761,10.2261,0.8143
1	Round_1_Replicate_4	-6777.22	13572.44	2643.52	743.96	0.5153,1.906,6.7695,10.6692,0.8296,0.2062,0.7916,0.8611,0.6899
1	Round_1_Replicate_4	-7489.93	14997.86	8361.81	3210.11	0.1537,0.2796,0.1069,3.3323,5.2624,5.2978,0.6788,10.077,0.9519
1	Round_1_Replicate_3	-6768.92	13555.84	3103.88	522.43	0.6981,2.6887,1.0,0.3403,5.8276,2.2676,1.9884,0.1208,0.3617
1	Round_1_Replicate_5	-6725.23	13468.46	2740.16	357.38	0.8688,3.6053,2.6143,0.103,0.5299,0.4181,4.5111,0.4555,0.5305
1	Round_1_Replicate_2	-7923.43	15864.86	5658.84	728.64	1.0965,1.3081,0.2949,0.193,10.0252,1.4712,0.1417,1.167,0.5489
1	Round_1_Replicate_4	-7089.66	14197.32	3167.73	3983.92	0.0917,0.2683,10.6948,10.1005,2.5736,0.7475,0.0989,2.6909,0.2818
1	Round_1_Replicate_2	-32092.41	64202.82	6.955350648910987e+20	360.21	2.2296,4.9383,12.909,3.0527,10.5605,0.7611,0.6988,0.4129,0.9956
1	Round_1_Replicate_3	-7338.25	14694.5	17826.48	268.51	2.3915,4.1169,6.7319,2.9416,0.2609,0.2873,0.9217,3.9756,0.7284
1	Round_1_Replicate_5	-6847.0	13712.0	3839.37	276.29	1.9598,4.1775,0.276,0.1847,4.1601,3.8338,0.1188,5.5106,0.1688
1	Round_1_Replicate_6	-7006.6	14031.2	3687.68	764.42	0.6209,1.729,0.7801,0.323,0.5858,5.2064,0.1337,1.6001,0.3221
1	Round_1_Replicate_5	-9178.71	18375.42	-10826332.28	309.95	0.625,5.0408,3.1592,0.0896,0.2414,14.7318,9.6176,5.6575,0.1254
1	Round_1_Replicate_3	-6844.66	13707.32	3077.12	691.34	0.6904,1.9019,3.4275,9.6009,0.8387,0.2336,0.5392,1.7568,0.6311
1	Round_1_Replicate_7	-6882.02	13782.04	3290.58	477.25	0.5044,3.0843,0.9154,0.157,7.1567,0.2365,1.0647,2.6104,0.2832
1	Round_1_Replicate_4	-7294.18	14606.36	4555.11	670.38	0.5357,3.0191,0.6722,13.5318,1.0585,0.2598,1.0575,0.3011,0.6374
1	Round_1_Replicate_8	-6793.86	13605.72	3238.02	172.57	2.2891,8.2492,0.3365,0.0979,0.6425,7.3287,9.6352,1.3388,0.1659
1	Round_1_Replicate_5	-8492.62	17003.24	13084.81	840.15	0.5916,2.5698,0.3727,0.059,0.144,15.3501,0.2261,0.0376,0.4771
1	Round_1_Replicate_6	-7214.35	14446.7	4471.98	300.03	1.1046,4.9269,0.0583,0.0997,2.1157,0.2546,3.8626,0.4697,0.4503
1	Round_1_Replicate_6	-22880.12	45778.24	1.175609021616019e+23	378.39	5.4633,8.5528,3.9824,14.5337,1.1066,0.0769,0.1648,0.0971,0.99
1	Round_1_Replicate_9	-7700.43	15418.86	6367.17	229.59	0.2948,6.831,1.0692,0.1573,2.8144,0.2841,8.5977,0.3071,0.8249
1	Round_1_Replicate_7	-6700.77	13419.54	2734.13	412.92	1.1793,3.0049,0.3863,0.2467,4.5942,4.6172,2.4093,0.7557,0.266
1	Round_1_Replicate_4	-11629.21	23276.42	1262523433.61	808.27	0.1372,3.111,1.3275,3.568,1.042,19.354,0.809,0.1407,0.1985
1	Round_1_Replicate_2	-8939.39	17896.78	90877.21	484.37	0.8236,2.8052,0.1282,0.7718,19.0099,0.7269,1.6742,3.987,0.015
1	Round_1_Replicate_7	-7123.21	14264.42	14371.77	404.23	0.7809,3.7377,0.9202,0.3022,0.0143,3.4081,1.8613,1.3711,0.0277
1	Round_1_Replicate_10	-7173.26	14364.52	5489.89	1025.82	0.3934,1.1377,0.5452,2.5922,2.246,0.3307,0.3204,2.106,0.6659
1	Round_1_Replicate_3	-6970.51	13959.02	4041.88	490.88	1.2036,2.5346,1.2513,1.5231,0.4693,0.1182,0.9255,0.9744,0.4171
1	Round_1_Replicate_5	-6947.73	13913.46	3800.43	779.42	0.6686,1.5861,1.4768,0.3598,1.0962,6.0135,0.868,0.1351,0.362
1	Round_1_Replicate_8	-6963.03	13944.06	3603.9	751.1	0.5909,2.0585,2.2246,2.83,0.5513,0.2462,0.4587,0.2719,0.5182
1	Round_1_Replicate_6	-7250.81	14519.62	856259.78	485.56	1.4001,2.5512,0.1578,2.9461,1.5194,0.7046,1.3633,0.1711,0.5469
1	Round_1_Replicate_4	-21767.95	43553.9	-1.5413349637345347e+17	301.38	2.8947,5.3641,0.857,11.7813,4.1464,0.061,0.7673,1.0779,0.9373
1	Round_1_Replicate_8	-7260.29	14538.58	4686.4	1013.77	0.365,1.0954,0.1196,2.1377,2.2418,0.391,0.5148,19.4411,0.8024
1	Round_1_Replicate_2	-7548.72	15115.44	5657.06	1652.13	0.2101,0.7468,6.6218,0.2515,0.2421,1.8864,1.1847,2.8968,0.5346
1	Round_1_Replicate_5	-6904.86	13827.72	3129.87	243.33	1.5284,5.1578,0.2141,0.118,3.775,2.6244,4.8712,2.9291,0.1361
1	Round_1_Replicate_7	-7094.09	14206.18	4168.27	710.68	0.4019,1.9838,7.6904,0.162,1.2573,0.2456,0.1175,2.1594,0.4258
1	Round_1_Replicate_9	-7200.33	14418.66	3504.72	1726.86	0.2317,0.5934,0.8947,1.2339,10.0281,1.4779,0.0823,4.4066,0.5935
1	Round_1_Replicate_5	-7254.21	14526.42	3606.88	929.79	0.2119,1.4806,2.0477,0.2672,7.9423,5.7673,0.9959,19.8033,0.3199
1	Round_1_Replicate_3	-7282.07	14582.14	3806.1	5102.64	0.0658,0.2209,19.8974,0.1004,6.4254,2.653,0.2619,4.4583,0.4594
1	Round_1_Replicate_3	-6935.92	13889.84	2816.77	672.8	0.5286,1.9172,2.1191,3.3944,0.714,0.0902,1.7988,5.2384,0.413
1	Round_1_Replicate_11	-26083.96	52185.92	1.4051106307326174e+16	268.19	7.6222,0.3664,9.4371,0.5348,4.6867,0.4818,3.9101,0.1281,0.99
1	Round_1_Replicate_8	-6939.05	13896.1	3615.54	183.75	3.0279,7.0787,0.1723,0.0869,0.1044,3.4173,2.0547,9.2988,0.2907
1	Round_1_Replicate_4	-7025.36	14068.72	3544.24	946.16	0.4635,1.4375,0.1703,0.5825,2.2636,0.4417,0.3173,0.2037,0.7304
1	Round_1_Replicate_12	-6758.27	13534.54	2682.51	620.74	0.5439,2.0983,2.9416,0.5657,0.2405,0.1791,1.8436,0.261,0.1812
1	Round_1_Replicate_10	-7319.21	14656.42	3785.51	555.86	0.4889,1.9579,1.0592,0.64,6.5853,0.149,4.0442,0.3699,0.1166
1	Round_1_Replicate_6	-7954.1	15926.2	8754.2	428.49	0.1772,4.1622,17.6516,0.7133,0.7044,0.085,0.1835,3.7235,0.5577
1	Round_1_Replicate_4	-7259.55	14537.1	3607.97	509.77	0.759,3.7846,0.2785,19.0681,0.4959,0.1325,6.4362,8.4534,0.4434
1	Round_1_Replicate_6	-7058.15	14134.3	3840.95	457.03	1.0872,2.9708,0.0863,8.0335,0.4265,0.2807,2.5403,4.5527,0.5917
1	Round_1_Replicate_5	-7827.77	15673.54	6172.19	573.56	0.3859,3.3177,0.5358,0.1533,4.8915,10.3918,0.5688,2.3711,0.3052
1	Round_1_Replicate_13	-7110.17	14238.34	3915.76	527.29	0.2997,3.1256,0.8489,0.0814,10.3991,0.7071,1.0404,1.7321,0.3828
1	Round_1_Replicate_6	-41129.28	82276.56	2.778767571004878e+19	81.89	14.4327,8.987,9.5403,0.1171,1.6769,8.4594,15.503,0.6929,0.9365
1	Round_1_Replicate_11	-7359.34	14736.68	4315.39	1067.46	0.2168,1.2339,2.939,0.2995,0.4443,0.0332,0.1911,1.3097,0.1705
1	Round_1_Replicate_5	-6931.94	13881.88	9890.32	635.24	0.6307,2.1992,1.482,0.5851,0.0991,2.4425,1.1676,0.3047,0.1022
1	Round_1_Replicate_9	-8987.81	17993.62	232672264.3	1323.68	0.3321,0.794,8.42,4.3862,4.9504,3.0123,0.1604,0.2547,0.8798
1	Round_1_Replicate_7	-8498.67	17015.34	16054.07	533.29	0.3274,2.9624,0.5759,1.3873,0.7734,0.61,2.2994,0.632,0.8219
1	Round_1_Replicate_14	-6889.09	13796.18	2985.48	1010.63	0.4583,1.297,6.2689,4.8825,0.3128,0.2293,0.3817,0.0436,0.4779
1	Round_1_Replicate_6	-6794.43	13606.86	2638.72	985.46	0.3425,1.3717,11.4607,7.5138,1.2029,0.2782,0.1294,0.8021,0.6928
1	Round_1_Replicate_6	-7375.08	14768.16	5014.4	1243.53	0.5041,0.7845,0.1094,9.565,1.5906,0.5567,4.2675,17.7014,0.5396
1	Round_1_Replicate_10	-7374.26	14766.52	8626.47	948.76	0.5436,1.0448,7.6224,0.3374,0.292,2.3532,1.0889,0.1296,0.3853
1	Round_1_Replicate_15	-7018.67	14055.34	59237.69	1120.35	0.3913,1.0864,0.5753,3.371,4.3141,0.6235,0.328,0.1114,0.654
1	Round_1_Replicate_8	-6842.22	13702.44	3824.48	266.06	1.5703,5.1685,1.2312,1.1515,0.1609,0.1025,1.1648,4.9547,0.472
1	Round_1_Replicate_7	-6897.4	13812.8	3468.56	810.97	0.5386,1.6529,1.2089,0.242,4.0873,9.4337,0.2721,1.6061,0.3777
1	Round_1_Replicate_11	-7198.42	14414.84	4228.38	1001.56	0.4762,1.0895,3.5724,0.2878,0.3745,4.3449,0.8058,0.0765,0.4243
1	Round_1_Replicate_7	-7381.03	14780.06	3900.0	983.05	0.4548,1.1556,0.2974,0.0361,6.2683,0.2248,0.0533,1.411,0.628
1	Round_2_Replicate_1	-6792.1	13602.2	2818.11	370.43	1.0455,3.8253,1.8241,0.0681,0.2647,0.2753,2.7393,0.4658,0.3265
1	Round_1_Replicate_7	-37655.98	75329.96	1.809885865191866e+41	204.69	12.7947,5.7748,2.0123,3.664,0.1721,5.2801,0.1143,0.8545,0.99
1	Round_1_Replicate_9	-6958.44	13934.88	3241.33	1074.06	0.3262,1.3636,9.0663,3.8332,0.929,0.5235,0.2086,0.1582,0.7195
1	Round_2_Replicate_2	-6735.3	13488.6	2536.78	456.93	0.5725,3.1853,4.2965,0.3759,0.6032,0.0464,2.5623,0.5787,0.5595
1	Round_1_Replicate_8	-7024.59	14067.18	3098.3	1010.76	0.3875,1.2873,1.894,5.2424,0.7946,0.1624,1.2186,16.3095,0.362
1	Round_1_Replicate_8	-7385.2	14788.4	6045.03	719.08	1.0283,1.6873,0.1953,4.5473,0.5769,0.3563,0.0775,0.6769,0.6779
1	Round_1_Replicate_9	-8542.5	17103.0	7026.17	398.32	1.3255,2.4173,0.4376,0.0011,3.8077,0.0339,0.0059,7.525,0.0789
1	Round_2_Replicate_3	-6665.22	13348.44	2463.17	547.37	0.642,2.3985,3.319,0.3237,0.5401,0.5399,2.1413,0.295,0.4278
1	Round_1_Replicate_10	-6684.17	13386.34	2428.52	580.45	0.5911,2.349,15.843,2.3843,0.952,0.2235,1.6722,0.4027,0.8598
1	Round_1_Replicate_10	-7529.19	15076.38	15111.46	1028.71	0.4816,0.9872,0.4682,2.3416,2.8787,0.1385,0.9462,0.5538,0.1822
1	Round_1_Replicate_11	-6819.51	13657.02	8561.03	387.37	0.8327,3.65,1.8099,0.084,0.3034,0.9731,3.2088,0.3951,0.2842
1	Round_2_Replicate_4	-6698.79	13415.58	2607.22	377.65	0.8264,3.695,2.337,0.1353,0.5226,0.2229,3.2682,0.6978,0.5943
1	Round_1_Replicate_9	-9932.15	19882.3	19925.16	1520.92	0.5279,0.207,0.0875,0.3316,0.1785,13.9957,1.5365,0.1136,0.9762
1	Round_1_Replicate_11	-7407.14	14832.28	7681.48	718.74	0.5679,1.9357,0.1864,0.2328,2.2266,2.7109,0.5973,1.3026,0.8694
1	Round_1_Replicate_4	-10735.19	21488.38	27660.26	2327.87	0.2119,0.3999,0.0103,2.9058,0.4069,0.5214,0.138,18.7519,0.2135
1	Round_1_Replicate_8	-8730.46	17478.92	9598.04	2357.42	0.0746,0.5611,3.8659,0.0099,1.708,0.0714,13.3067,9.8326,0.0013
1	Round_1_Replicate_12	-7082.61	14183.22	3634.45	1220.76	0.2892,0.9944,3.3891,0.288,1.7693,1.3,0.3471,0.1446,0.4087
1	Round_1_Replicate_10	-7149.46	14316.92	3447.26	496.63	0.7272,2.4718,0.5138,0.2779,2.3287,9.0204,0.4179,9.6293,0.2634
1	Round_1_Replicate_9	-6833.47	13684.94	2986.76	426.94	0.592,3.3177,0.7549,0.0995,5.5747,0.8255,1.4805,2.9653,0.3983
1	Round_1_Replicate_7	-8392.79	16803.58	9829.76	441.72	0.1151,3.9144,1.9854,0.07,19.0766,0.7987,1.3518,3.6851,0.2983
1	Round_1_Replicate_9	-10574.14	21166.28	22702.86	416.27	0.1722,3.9707,0.5079,0.5666,0.8557,0.2871,0.0673,6.8943,0.99
1	Round_1_Replicate_13	-6943.11	13904.22	2826.3	1189.83	0.3467,0.995,0.9578,0.4024,4.4408,6.8674,0.4158,1.751,0.6344
1	Round_1_Replicate_12	-7711.86	15441.72	5899.96	1027.99	0.2338,1.3489,0.1814,6.6235,1.4333,0.314,0.2849,0.7635,0.9948
1	Round_1_Replicate_8	-7149.3	14316.6	4680.55	340.51	1.158,4.0201,4.7502,0.3447,0.2376,0.1461,1.7969,2.806,0.4002
1	Round_2_Replicate_5	-9744.58	19507.16	8642921.03	416.4	3.0379,1.3376,3.1323,0.06,0.6211,1.4572,1.4588,0.491,0.99
1	Round_1_Replicate_14	-7233.88	14485.76	3542.35	921.7	0.4564,1.2268,9.5696,5.3285,1.179,0.0033,0.4367,1.0691,0.6758
1	Round_1_Replicate_10	-6851.14	13720.28	3235.57	922.1	0.4169,1.4134,0.7558,0.5372,7.8383,2.0658,0.2053,0.6984,0.4262
1	Round_1_Replicate_5	-7207.54	14433.08	3422.49	3581.28	0.1036,0.3022,3.1658,1.7978,19.4533,0.9453,0.2894,1.7466,0.6531
1	Round_1_Replicate_13	-6756.67	13531.34	2641.66	610.96	0.7808,1.9777,0.597,0.2195,7.4182,1.5599,1.1602,0.7012,0.3362
1	Round_1_Replicate_12	-7026.19	14070.38	3508.47	2512.72	0.1775,0.4978,3.3338,0.9171,2.896,13.2414,2.1388,8.7446,0.5932
1	Round_2_Replicate_6	-7893.89	15805.78	5377.98	317.04	1.9284,2.9446,3.2655,0.0811,0.2116,0.3824,5.1658,0.2422,0.4503
1	Round_1_Replicate_9	-6798.02	13614.04	3062.81	789.47	0.4171,1.8408,1.0597,0.2634,7.3316,3.1718,0.0829,1.0727,0.3642
1	Round_1_Replicate_11	-7482.51	14983.02	15011.71	862.19	0.529,1.3145,0.3707,2.3197,2.4247,0.1048,1.2093,2.584,0.7686
1	Round_2_Replicate_7	-6786.74	13591.48	2959.78	550.21	0.6659,2.4297,0.469,0.0732,2.2032,1.1897,0.548,2.0815,0.6506
1	Round_1_Replicate_12	-7306.1	14630.2	5620.52	1525.8	0.2487,0.756,3.7631,0.9003,0.3838,3.2072,1.1555,1.8366,0.4483
1	Round_1_Replicate_10	-6902.71	13823.42	3513.5	590.83	0.4296,2.4285,0.4579,0.2852,3.7371,0.5774,1.5859,0.8869,0.6121
1	Round_1_Replicate_15	-8612.01	17242.02	8055.74	445.59	1.0743,1.4989,0.2463,17.6621,0.4049,0.3086,12.2995,6.4091,0.9825
1	Round_1_Replicate_13	-6760.32	13538.64	3196.0	308.62	1.4767,4.1094,0.3815,0.1441,3.8269,4.591,1.6425,3.7284,0.2121
1	Round_1_Replicate_10	-7175.49	14368.98	3481.89	1582.61	0.1661,0.7768,3.451,0.2729,19.7116,0.0985,0.72,2.0863,0.2562
1	Round_2_Replicate_8	-6918.41	13854.82	6288.61	328.98	1.404,4.2392,2.6598,0.0855,0.3026,0.6448,3.0463,0.2607,0.6637
1	Round_1_Replicate_6	-15764.26	31546.52	3.1795012729351506e+18	432.79	2.3748,2.8609,6.7053,0.9595,2.7193,1.8979,0.6788,0.2239,0.99
1	Round_1_Replicate_11	-6839.21	13696.42	3116.96	396.39	1.3941,3.0687,0.3499,0.1819,0.6649,2.5131,2.5778,1.483,0.5032
1	Round_1_Replicate_14	-7353.37	14724.74	6745.08	1190.94	0.2955,1.2598,0.0467,0.1386,3.4945,1.0394,0.0738,0.1056,0.8465
1	Round_2_Replicate_9	-6713.79	13445.58	2877.33	254.99	1.3834,5.4333,1.9564,0.0686,0.2387,0.2789,5.243,0.5544,0.3991
1	Round_1_Replicate_14	-7104.91	14227.82	3931.64	2691.08	0.1284,0.5094,4.5697,0.2034,6.4605,9.8747,14.6125,18.3334,0.7167
1	Round_1_Replicate_11	-7254.72	14527.44	3572.87	452.31	0.4999,2.688,0.1311,0.1243,1.8683,0.3043,4.5621,0.285,0.8756
1	Round_1_Replicate_12	-6754.45	13526.9	2777.59	677.74	0.5012,2.0024,3.1699,0.8813,0.2302,0.1777,1.4134,0.2215,0.3057
1	Round_1_Replicate_15	-7917.21	15852.42	7404.56	543.99	1.2082,2.5962,0.0502,12.3269,0.2934,0.2915,1.0377,0.0789,0.6775
1	Round_2_Replicate_10	-6969.99	13957.98	3404.01	628.67	0.3254,2.3554,1.6041,0.0589,2.9363,0.3398,1.8385,0.295,0.6479
1	Round_1_Replicate_15	-7502.18	15022.36	214935.33	574.02	1.0368,1.7546,7.9633,0.9791,0.6406,1.0622,0.2219,2.9291,0.8823
1	Round_2_Replicate_1	-6630.47	13278.94	2338.9	498.01	0.6121,2.8506,12.2558,0.7345,0.8314,0.2297,2.2622,0.4259,0.7524
1	Round_2_Replicate_2	-6984.83	13987.66	4187.34	668.43	0.4153,2.4065,2.2495,0.4971,1.3258,0.3244,0.906,0.3605,0.4521
1	Round_2_Replicate_1	-6928.62	13875.24	3654.48	213.33	1.463,5.4808,0.5406,0.1809,15.1881,6.9578,9.4681,1.2336,0.0613
1	Round_1_Replicate_11	-11570.4	23158.8	20933.1	660.19	2.0383,0.2892,0.0016,13.6432,0.3487,1.3793,3.4083,3.1589,0.0884
1	Round_1_Replicate_7	-9039.0	18096.0	1391840433.87	517.38	0.8582,3.6407,0.7346,2.609,0.6238,1.3734,0.1653,1.0666,0.99
1	Round_2_Replicate_2	-6854.7	13727.4	2718.36	385.01	0.6364,3.7447,0.7553,0.0615,4.5805,4.089,3.9891,0.5719,0.2953
1	Round_2_Replicate_3	-6729.44	13476.88	2620.43	740.48	0.5771,1.6486,2.9575,1.9297,0.7589,0.22,1.2341,0.2229,0.3756
1	Round_2_Replicate_3	-6687.76	13393.52	2839.6	550.58	0.7829,2.3125,0.8401,0.3422,5.9953,3.2123,1.6912,0.4409,0.2576
1	Round_1_Replicate_12	-7600.67	15219.34	4719.86	3445.13	0.0995,0.3419,0.0805,0.1123,8.5713,0.0821,12.6038,14.6646,0.9975
1	Round_1_Replicate_8	-6723.28	13464.56	3018.71	283.46	1.35,4.74,2.7487,0.7392,0.3152,0.102,1.0588,4.5298,0.6416
1	Round_1_Replicate_13	-7162.24	14342.48	5929.12	851.98	0.4877,1.5534,2.0514,0.1008,1.7651,0.199,0.1298,0.7684,0.9982
1	Round_2_Replicate_4	-6767.0	13552.0	2554.58	532.57	0.609,2.2732,18.4249,1.0003,0.9646,0.4404,3.0733,0.4094,0.8043
1	Round_2_Replicate_1	-6922.71	13863.42	3388.62	289.91	1.5081,5.9067,0.4222,0.0572,0.1573,17.398,3.8412,6.1911,0.3752
1	Round_1_Replicate_9	-7077.19	14172.38	3077.09	2797.05	0.1362,0.4404,7.5463,12.2227,1.8388,0.1625,0.2462,2.3524,0.2902
1	Round_2_Replicate_5	-6777.58	13573.16	2837.93	887.03	0.5162,1.5079,3.3816,3.4736,1.0528,0.5383,0.5306,0.1223,0.5155
1	Round_1_Replicate_12	-12180.05	24378.1	23800.8	654.86	1.6407,0.2809,1.1328,2.978,0.2249,2.6882,12.8423,2.8695,0.8964
1	Round_1_Replicate_14	-8772.98	17563.96	7900.3	1138.4	0.4601,0.818,0.0785,0.0768,3.2851,0.0666,0.7522,0.0698,0.8424
1	Round_1_Replicate_13	-7289.66	14597.32	7473.5	878.66	0.2958,1.848,0.0982,0.4299,2.2149,1.0142,0.4709,0.2886,0.9577
1	Round_2_Replicate_6	-6645.52	13309.04	2386.12	435.87	0.8066,3.1014,8.4312,5.3657,0.6012,0.17,2.5083,0.8067,0.7965
1	Round_1_Replicate_13	-32824.8	65667.6	1.3965831461801223e+30	200.78	4.8289,4.2444,1.9875,10.0613,2.4312,5.6268,0.5098,6.458,0.9989
1	Round_1_Replicate_14	-7480.27	14978.54	4786.28	1443.2	0.2856,0.6448,1.9125,1.2664,0.4142,3.33,0.5246,0.9507,0.0494
1	Round_1_Replicate_10	-7270.73	14559.46	5416.8	805.1	0.7616,1.1469,0.5239,1.0174,2.6974,8.2638,1.2284,1.7954,0.3976
1	Round_1_Replicate_13	-7901.51	15821.02	30303.89	189.27	0.9868,11.2043,1.0855,0.1121,2.0079,0.1514,4.2304,0.443,0.0381
1	Round_1_Replicate_15	-6726.67	13471.34	2748.51	787.66	0.4384,1.7683,0.9392,0.4072,12.0351,2.8923,0.6803,0.4687,0.2998
1	Round_2_Replicate_7	-6862.36	13742.72	3067.13	745.06	0.4783,2.0066,6.7616,9.7826,1.0068,0.2109,0.36,0.952,0.8073
1	Round_1_Replicate_14	-6976.03	13970.06	3157.34	772.06	0.6495,1.5458,0.9634,0.2002,0.776,6.7043,1.2096,0.2737,0.3796
1	Round_2_Replicate_1	-6728.73	13475.46	2803.0	516.64	0.6033,2.8744,0.9338,0.0757,8.7818,1.9714,1.5517,0.6276,0.2886
1	Round_2_Replicate_4	-6845.97	13709.94	6586.22	590.55	0.6422,2.5814,1.1692,0.4376,19.6888,12.0031,1.0157,0.4026,0.137
1	Round_2_Replicate_8	-6750.12	13518.24	2989.2	561.37	0.7077,2.5647,4.7199,1.4442,0.7168,0.1592,0.7979,0.8754,0.7294
1	Round_2_Replicate_2	-7214.9	14447.8	6351.47	86.94	6.5431,17.7359,0.0472,0.0429,0.1424,1.9153,0.8408,19.8,0.3719
1	Round_1_Replicate_15	-7943.47	15904.94	7296.75	952.69	0.1306,1.5553,11.8786,0.0011,0.522,0.6766,0.0597,5.0294,0.442
1	Round_2_Replicate_5	-6695.08	13408.16	2624.58	481.39	0.6955,2.8959,0.6031,0.169,9.9845,3.1607,1.4299,1.377,0.2097
1	Round_2_Replicate_9	-6851.39	13720.78	3194.68	910.08	0.4532,1.4442,2.6899,1.8715,1.3699,0.156,0.5738,0.185,0.3866
1	Round_2_Replicate_1	-6732.4	13482.8	2589.78	767.25	0.5025,1.7518,3.2353,0.9072,0.744,0.0698,0.9027,0.2383,0.366
1	Round_3_Replicate_1	-6605.09	13228.18	2321.94	252.62	1.2945,5.3877,4.6298,0.6291,0.3833,0.1071,5.419,1.0926,0.7342
1	Round_1_Replicate_11	-7699.67	15417.34	-26714.49	1187.88	0.3122,0.9081,3.3174,1.909,1.5422,5.089,1.8183,3.1456,0.1453
1	Round_2_Replicate_10	-6901.44	13820.88	3390.06	787.97	0.493,1.6541,1.9439,0.5817,0.4235,0.1026,0.5225,0.7319,0.0973
1	Round_2_Replicate_3	-6821.9	13661.8	2963.54	149.17	3.1264,8.1394,0.2059,0.0886,0.779,4.6286,12.0978,2.8502,0.2041
1	Round_1_Replicate_14	-17691.98	35401.96	6410140.95	270.43	8.3609,0.2587,0.7028,0.246,0.5842,12.1558,1.8677,0.8637,0.4191
1	Round_2_Replicate_2	-6720.91	13459.82	2561.46	561.34	0.5559,2.4625,2.7899,0.3139,0.4017,0.1008,1.838,0.4808,0.3544
1	Round_2_Replicate_3	-6817.37	13652.74	2860.4	710.48	0.4462,1.907,2.2548,0.3086,0.1776,0.0994,1.2422,0.401,0.1252
1	Round_1_Replicate_15	-7873.53	15765.06	5521.18	719.47	0.745,1.2883,0.8251,1.766,0.9763,0.0899,0.1716,3.8238,0.8811
1	Round_1_Replicate_12	-7317.68	14653.36	5479.92	442.0	1.8793,2.6927,0.4947,16.34,0.3689,0.23,0.6914,1.3113,0.7598
1	Round_2_Replicate_2	-7130.0	14278.0	3555.46	1158.34	0.3576,0.9534,2.0458,0.3904,19.9645,0.9167,0.5027,0.2347,0.0779
1	Round_2_Replicate_4	-6792.36	13602.72	3187.88	443.63	0.8558,3.5087,5.4977,0.8745,0.5545,0.0871,1.2775,0.7768,0.6832
1	Round_2_Replicate_5	-6937.41	13892.82	3516.57	646.98	0.6684,1.948,1.0449,0.7547,0.6515,0.1329,0.5505,1.2717,0.3267
1	Round_2_Replicate_3	-6846.54	13711.08	2834.53	789.3	0.3442,1.8666,0.959,0.194,19.5956,2.8753,0.389,0.8944,0.2205
1	Round_2_Replicate_1	-6930.46	13878.92	3501.24	274.69	0.8137,5.2838,0.6205,0.1071,19.2071,0.8435,1.0476,6.8743,0.1203
1	Round_1_Replicate_13	-7055.45	14128.9	3793.85	772.77	0.3479,1.7477,0.3352,0.3944,2.7779,0.4523,0.1322,2.0172,0.7448
1	Round_2_Replicate_4	-6845.67	13709.34	2920.79	722.3	0.4772,1.9583,1.0283,0.0708,18.7448,1.8777,0.4538,0.9425,0.3148
1	Round_2_Replicate_2	-6985.67	13989.34	3999.21	312.18	1.0134,4.3245,0.6587,0.1361,2.0586,5.5854,2.1428,6.4464,0.1459
1	Round_1_Replicate_15	-10811.02	21640.04	906141.8	268.46	0.704,10.4511,0.1566,0.4409,0.3158,0.3421,0.594,1.5607,0.99
1	Round_3_Replicate_1	-6724.33	13466.66	2620.3	400.49	0.8361,3.3208,19.1547,1.3751,0.727,0.2174,3.4087,0.5514,0.7155
1	Round_2_Replicate_6	-7806.37	15630.74	10356.75	295.31	1.6186,6.4637,0.3083,0.1495,0.5772,17.8403,1.0104,1.1887,0.0502
1	Round_1_Replicate_14	-6859.81	13737.62	2965.45	310.28	0.7631,4.6824,1.9142,0.3145,0.3867,0.0731,4.934,0.3153,0.3591
1	Round_2_Replicate_1	-6759.77	13537.54	2557.96	751.85	0.5531,1.596,0.7225,0.1928,6.9474,3.2727,0.3415,1.3743,0.3056
1	Round_2_Replicate_5	-7076.5	14171.0	3106.02	1638.03	0.1737,0.7209,3.0025,0.4968,16.4558,9.8852,0.163,1.8329,0.3792
1	Round_3_Replicate_2	-6606.72	13231.44	2319.89	327.28	0.9806,4.2321,3.1282,0.3426,0.4404,0.1533,4.072,0.5095,0.5686
1	Round_2_Replicate_2	-6849.57	13717.14	3567.93	576.69	0.6468,2.4647,0.491,0.1605,2.8627,1.4054,0.0645,1.9019,0.6247
1	Round_2_Replicate_6	-8656.0	17330.0	12320.23	314.57	0.2584,6.6532,1.6211,3.6439,1.5866,0.1182,2.4429,1.1212,0.99
1	Round_2_Replicate_7	-6745.6	13509.2	2926.53	433.79	1.054,2.8366,0.5107,0.191,9.6001,6.1819,0.7644,2.5865,0.1934
1	Round_1_Replicate_15	-7256.18	14530.36	3547.04	954.12	0.1785,1.3922,13.7919,3.3742,2.1581,0.1611,0.3829,15.401,0.6171
1	Round_2_Replicate_6	-8304.45	16626.9	7668.76	1156.5	0.404,0.906,0.0174,0.3225,2.6022,2.9218,0.295,0.4655,0.3669
1	Round_2_Replicate_8	-6777.48	13572.96	2776.04	404.64	1.0932,3.3423,0.441,0.0859,8.691,9.2384,1.3159,2.0361,0.2282
1	Round_2_Replicate_3	-6894.69	13807.38	3483.04	705.8	0.607,1.9905,0.4581,0.3509,14.0805,1.8239,0.0466,1.0763,0.2871
1	Round_2_Replicate_1	-7114.59	14247.18	3198.34	584.19	0.4389,2.1815,3.9179,2.0584,0.8492,0.1126,1.8883,5.9691,0.357
1	Round_2_Replicate_7	-6791.55	13601.1	3011.83	719.32	0.5657,1.9355,0.7992,0.2142,8.5503,2.2071,0.4092,0.7223,0.3807
1	Round_2_Replicate_7	-6901.54	13821.08	5097.27	254.42	1.5766,5.1509,5.5987,2.1443,0.6675,0.157,5.2354,0.5578,0.8531
1	Round_2_Replicate_9	-6687.91	13393.82	2756.61	443.32	0.9864,3.0932,0.5638,0.2304,6.4769,1.9133,1.9322,0.4498,0.2327
1	Round_2_Replicate_4	-7301.13	14620.26	4656.29	2039.88	0.1722,0.5861,12.7273,0.0686,0.6609,1.8043,0.0421,2.1638,0.3993
1	Round_2_Replicate_8	-7011.36	14040.72	3384.33	1042.16	0.266,1.2005,2.3574,0.3927,3.7667,2.8631,0.8938,0.3042,0.2738
1	Round_2_Replicate_10	-6747.91	13513.82	2713.55	387.3	0.9215,3.7547,0.5535,0.1299,7.328,7.623,2.9263,0.93,0.3376
1	Round_2_Replicate_2	-6890.26	13798.52	4530.76	394.44	0.8147,3.5961,2.9517,0.4813,0.7711,0.1419,1.284,2.5766,0.6606
1	Round_2_Replicate_8	-6813.04	13644.08	3098.56	481.96	0.911,2.6211,1.3193,1.2355,0.4896,0.0756,1.2162,1.8444,0.3639
1	Round_2_Replicate_5	-6900.24	13818.48	2773.04	512.95	0.4489,2.6243,0.8698,0.105,16.189,3.2603,0.576,4.1497,0.2458
1	Round_2_Replicate_9	-6768.28	13554.56	2960.39	505.82	0.8925,2.3701,0.5078,0.2701,6.9582,3.5392,0.289,2.6692,0.2865
1	Round_2_Replicate_3	-7003.94	14025.88	3936.48	472.64	0.6519,2.8554,1.1377,0.5134,0.6955,0.0978,0.6222,3.2603,0.2313
1	Round_2_Replicate_9	-6633.8	13285.6	2493.7	312.88	1.1758,4.1909,4.9065,1.7225,0.3761,0.1642,4.0088,0.9723,0.7137
1	Round_2_Replicate_6	-6838.74	13695.48	3039.85	645.82	0.47,2.3391,0.6714,0.1776,5.7574,3.8504,0.0926,1.8376,0.3719
1	Round_2_Replicate_10	-6716.9	13451.8	2464.89	598.87	0.5533,2.0744,1.1009,0.3682,13.9777,6.3873,2.2383,0.355,0.1965
1	Round_2_Replicate_4	-6700.79	13419.58	2730.84	180.05	2.2223,7.4076,2.2168,1.3418,0.2006,0.048,0.9438,8.6636,0.7132
1	Round_2_Replicate_10	-6639.62	13297.24	2491.51	552.28	0.6726,2.4672,8.9812,5.268,0.8172,0.292,1.7102,0.4393,0.7752
1	Round_2_Replicate_7	-6767.38	13552.76	2737.01	569.77	0.8141,2.1602,0.4098,0.2073,6.6363,4.5952,0.0354,2.2013,0.2824
1	Round_2_Replicate_5	-6791.52	13601.04	2762.81	486.63	0.7313,2.6718,2.6447,0.2823,0.3051,0.1179,1.5914,1.8097,0.4195
1	Round_3_Replicate_2	-6605.1	13228.2	2321.97	253.58	1.2898,5.3677,4.6575,0.6309,0.385,0.1076,5.3944,1.0874,0.7344
1	Round_2_Replicate_4	-7020.28	14058.56	4883.22	107.16	5.5124,13.1448,0.0758,0.0758,0.0503,9.1968,3.4826,19.8696,0.3206
1	Round_2_Replicate_3	-7358.32	14734.64	7525.03	268.84	0.4695,6.5299,1.3164,0.0363,19.5868,0.6529,0.3795,6.0627,0.2092
1	Round_2_Replicate_6	-6928.53	13875.06	2839.69	351.21	0.9105,3.4184,2.1359,1.243,0.2552,0.089,2.0513,6.0898,0.5384
1	Round_1_Replicate_12	-9391.41	18800.82	15008.81	10103.7	0.0647,0.0799,0.1015,14.4646,0.8792,12.0652,13.8292,6.7031,0.99
1	Round_2_Replicate_8	-6885.14	13788.28	3165.87	925.29	0.4764,1.3127,1.2904,0.2929,19.9269,3.0953,0.0695,0.8644,0.2323
1	Round_2_Replicate_7	-6802.82	13623.64	3207.82	481.08	0.798,2.7899,1.4513,0.6003,0.3774,0.093,1.2255,1.5359,0.2753
1	Round_2_Replicate_4	-6727.35	13472.7	2786.83	264.18	1.5267,5.2156,0.3024,0.0713,1.8313,2.1566,1.7112,4.9268,0.3409
1	Round_2_Replicate_5	-7237.62	14493.24	5563.3	171.06	1.8839,12.9733,0.3286,0.041,0.4597,4.7227,0.5944,18.4899,0.501
1	Round_2_Replicate_9	-6727.64	13473.28	2658.26	679.41	0.544,1.9644,0.6975,0.2333,6.5786,2.8613,0.2395,1.506,0.29
1	Round_1_Replicate_13	-7629.62	15277.24	5977.06	463.64	0.5007,2.6447,3.2241,5.6155,1.3721,0.2592,4.9264,0.1361,0.393
1	Round_2_Replicate_8	-6847.88	13713.76	2869.36	357.34	1.1186,4.0507,1.2645,3.2254,0.3542,0.116,0.3995,6.9548,0.5083
1	Round_2_Replicate_10	-6735.03	13488.06	2758.42	474.01	0.6686,2.9052,0.6368,0.1655,10.6271,3.6201,0.1932,3.1688,0.2521
1	Round_2_Replicate_5	-6706.36	13430.72	2689.85	350.31	0.8821,4.1176,0.46,0.0629,5.003,1.0808,2.1767,2.0832,0.3582
1	Round_3_Replicate_1	-6605.09	13228.18	2322.49	254.18	1.287,5.355,0.3876,0.1081,4.7903,0.6509,5.3739,1.0895,0.2613
1	Round_3_Replicate_1	-6605.06	13228.12	2323.32	249.6	1.3096,5.4545,0.3808,0.1061,4.7133,0.6386,5.4915,1.1112,0.2612
1	Round_2_Replicate_6	-6989.61	13997.22	3473.41	264.58	2.3839,5.2223,0.183,0.0915,0.0613,14.3135,1.3042,5.5548,0.3127
1	Round_2_Replicate_9	-7287.04	14592.08	9349.18	269.77	2.195,5.1485,0.4641,0.6194,0.2936,0.0868,1.1873,2.3465,0.3291
1	Round_2_Replicate_6	-6718.93	13455.86	2751.64	374.41	1.1532,3.7188,0.3814,0.1252,4.3267,0.5473,2.1725,0.8602,0.2808
1	Round_2_Replicate_7	-6749.58	13517.16	2850.46	168.61	2.4122,7.9139,0.1649,0.0265,0.76,0.6667,0.8615,10.4492,0.5409
1	Round_2_Replicate_10	-6702.88	13423.76	2687.25	459.44	0.8521,2.858,2.3866,1.1539,0.4336,0.1117,2.0698,0.8619,0.4458
1	Round_1_Replicate_14	-8124.3	16266.6	5881.55	1191.89	0.1378,0.8053,0.0571,0.1481,4.3905,0.7782,2.7369,0.3592,0.9662
1	Round_3_Replicate_1	-6605.08	13228.16	2321.8	252.75	1.2932,5.3856,4.8061,0.6492,0.3855,0.1076,5.4145,1.096,0.739
1	Round_3_Replicate_3	-6606.73	13231.46	2319.81	328.9	0.9762,4.2137,3.1335,0.3434,0.4415,0.1537,4.0415,0.5038,0.5668
1	Round_1_Replicate_15	-7542.94	15103.88	117902.72	495.34	1.1316,2.8341,0.1606,10.149,0.4047,0.6947,2.8532,1.7733,0.5981
1	Round_2_Replicate_7	-7059.19	14136.38	2958.94	678.76	0.3949,1.75,1.0948,0.1781,16.9162,0.5489,1.6254,13.8109,0.3056
1	Round_2_Replicate_8	-7319.89	14657.78	159304.11	97.32	4.8776,15.6482,0.1375,0.1085,0.0329,6.3261,1.0187,19.9365,0.2017
1	Round_2_Replicate_1	-6792.91	13603.82	2804.17	575.61	0.7403,2.2483,9.6518,6.4057,0.5216,0.1653,0.2901,1.9474,0.6537
1	Round_2_Replicate_8	-6729.18	13476.36	2680.23	546.43	0.5983,2.6219,0.7171,0.1576,10.5643,0.3837,1.0306,1.3343,0.2482
1	Round_2_Replicate_9	-6775.25	13568.5	3018.06	445.74	0.7705,3.4063,0.5609,0.075,9.2526,0.6403,0.8073,1.7351,0.3017
1	Round_2_Replicate_9	-7131.22	14280.44	4510.99	313.49	1.6475,3.6165,0.3851,0.0675,0.3654,1.0537,1.4349,14.6842,0.8187
1	Round_3_Replicate_3	-6605.03	13228.06	2323.37	245.63	1.3303,5.5424,4.6295,0.6259,0.3747,0.1044,5.6011,1.1279,0.7382
1	Round_2_Replicate_10	-6644.56	13307.12	2626.04	387.75	0.957,3.5377,0.6765,0.1861,15.7218,1.2424,2.8525,0.6278,0.1905
1	Round_2_Replicate_10	-6787.83	13593.66	3328.88	90.64	4.0106,15.3063,0.2065,0.0388,0.4985,1.5685,18.584,2.2346,0.2052
1	Round_2_Replicate_2	-7347.61	14713.22	4167.09	1091.87	0.3374,1.3836,12.3011,19.8901,1.7568,0.0664,0.6722,1.2196,0.446
1	Round_3_Replicate_2	-6605.09	13228.18	2322.57	254.17	1.287,5.3553,0.3876,0.1081,4.7906,0.6506,5.374,1.0895,0.2613
1	Round_3_Replicate_2	-6605.09	13228.18	2322.32	254.1	1.2872,5.3568,0.3876,0.1081,4.7947,0.6514,5.3766,1.0897,0.2612
1	Round_3_Replicate_2	-6605.1	13228.2	2321.93	253.53	1.2901,5.3688,4.6571,0.631,0.3849,0.1076,5.3956,1.0878,0.7345
1	Round_3_Replicate_1	-6605.08	13228.16	2322.42	252.46	1.2956,5.3911,0.385,0.1075,4.7389,0.6378,5.4232,1.094,0.2622
1	Round_3_Replicate_1	-6605.1	13228.2	2321.89	253.57	1.2899,5.3681,4.6575,0.6309,0.385,0.1076,5.3949,1.0875,0.7345
1	Round_3_Replicate_4	-6606.72	13231.44	2321.43	323.76	0.9913,4.2801,3.0678,0.3393,0.4337,0.1506,4.123,0.5134,0.5654
1	Round_2_Replicate_3	-9944.22	19906.44	472774.5	974.37	0.3905,4.8935,2.2325,19.8,0.5778,0.5842,0.3935,1.6249,0.1962
1	Round_3_Replicate_1	-6605.09	13228.18	2322.55	254.2	1.2868,5.3547,0.3876,0.1081,4.7918,0.651,5.3731,1.0895,0.2613
1	Round_2_Replicate_4	-6752.61	13523.22	2647.47	715.79	0.6405,1.6759,11.7969,9.2944,0.7152,0.3216,0.7067,0.935,0.7567
1	Round_3_Replicate_4	-6606.66	13231.32	2320.68	312.34	1.0292,4.4239,3.038,0.3325,0.4252,0.1448,4.3289,0.5453,0.576
1	Round_2_Replicate_5	-6767.08	13552.16	3102.56	606.57	0.7317,2.3089,3.9451,12.2854,0.7509,0.464,1.6347,0.3761,0.7038
1	Round_2_Replicate_6	-6701.65	13421.3	2546.85	725.0	0.6044,1.7789,4.0018,6.9804,0.9347,0.3826,1.1341,0.3142,0.7055
1	Round_3_Replicate_1	-6606.7	13231.4	2321.68	323.48	0.9929,4.2802,0.4393,0.151,3.1212,0.3408,4.1284,0.5238,0.4254
1	Round_3_Replicate_3	-6605.09	13228.18	2322.58	254.01	1.2878,5.3587,0.3873,0.108,4.7852,0.6503,5.3778,1.0903,0.2614
1	Round_3_Replicate_2	-6879.78	13777.56	3267.62	545.68	0.8054,2.3082,0.5897,0.215,9.7096,2.3538,0.3167,2.0356,0.3841
1	Round_3_Replicate_2	-6605.09	13228.18	2322.55	254.2	1.2868,5.3547,0.3876,0.1081,4.7918,0.651,5.3731,1.0895,0.2613
1	Round_3_Replicate_3	-6605.03	13228.06	2322.77	245.27	1.3315,5.552,0.3735,0.1041,4.598,0.6129,5.6136,1.1292,0.2631
1	Round_2_Replicate_7	-10398.19	20814.38	57413.19	706.27	0.138,6.0466,19.8,19.8,0.2821,0.125,1.4858,3.1319,0.2868
1	Round_3_Replicate_3	-6606.73	13231.46	2319.4	328.72	0.9765,4.2156,3.1309,0.343,0.4411,0.1536,4.0457,0.5044,0.5667
1	Round_3_Replicate_2	-6773.13	13564.26	2784.23	241.88	1.5493,5.5557,0.3284,0.0611,18.8285,0.0359,2.709,5.0446,0.231
1	Round_3_Replicate_5	-6606.72	13231.44	2319.8	325.81	0.9852,4.2531,3.1034,0.34,0.4373,0.1518,4.0908,0.5098,0.5667
1	Round_3_Replicate_5	-6606.73	13231.46	2319.53	328.74	0.9766,4.2152,3.1303,0.3432,0.4411,0.1535,4.0449,0.5046,0.5667
1	Round_3_Replicate_3	-6951.14	13920.28	3994.6	484.28	0.4871,3.4513,0.8383,0.1517,15.5686,2.7327,0.3777,1.928,0.2077
1	Round_2_Replicate_8	-7004.3	14026.6	3076.96	774.0	0.6104,1.3194,7.8453,10.2659,0.523,0.4732,1.0298,1.5989,0.7473
1	Round_3_Replicate_2	-6605.09	13228.18	2322.05	249.82	1.3099,5.4498,4.591,0.5986,0.3791,0.1061,5.4958,1.1019,0.7332
1	Round_2_Replicate_9	-6823.91	13665.82	2760.34	556.25	0.855,2.1534,5.3187,9.6229,0.4617,0.2155,0.2132,2.8681,0.7537
1	Round_3_Replicate_4	-6606.66	13231.32	2321.2	316.0	1.015,4.3811,0.4246,0.1474,3.0216,0.3304,4.259,0.5313,0.4315
1	Round_3_Replicate_3	-6605.09	13228.18	2322.51	254.2	1.2869,5.3548,0.3876,0.1081,4.7913,0.6509,5.3732,1.0895,0.2613
1	Round_2_Replicate_10	-6965.3	13948.6	2961.18	1480.95	0.3061,0.8431,2.6323,9.6398,1.2224,0.325,0.7974,1.6595,0.3672
1	Round_3_Replicate_4	-6605.05	13228.1	2323.89	248.26	1.3172,5.4833,0.3787,0.1059,4.687,0.6293,5.5298,1.1156,0.2614
1	Round_3_Replicate_6	-6605.11	13228.22	2321.69	254.32	1.2856,5.3528,4.6672,0.6304,0.3862,0.1079,5.3774,1.0825,0.7341
1	Round_3_Replicate_4	-6742.53	13503.06	3118.63	526.22	0.6858,2.5646,0.8723,0.1917,19.6897,3.6646,1.1839,1.3311,0.2119
1	Round_3_Replicate_6	-6606.73	13231.46	2319.46	328.87	0.9762,4.2136,3.1316,0.3432,0.4413,0.1537,4.0431,0.5044,0.5667
1	Round_3_Replicate_3	-6605.09	13228.18	2322.53	254.03	1.2878,5.3581,0.3873,0.108,4.786,0.6512,5.3775,1.0903,0.2613
1	Round_3_Replicate_4	-6605.1	13228.2	2322.38	253.37	1.2908,5.3731,4.6537,0.6282,0.3848,0.1076,5.3987,1.0886,0.7346
1	Round_3_Replicate_5	-6605.09	13228.18	2322.42	254.18	1.2869,5.3552,0.3875,0.1081,4.7871,0.6503,5.3742,1.0893,0.2614
1	Round_3_Replicate_5	-6605.09	13228.18	2322.47	253.78	1.289,5.3635,0.3867,0.1079,4.7716,0.6483,5.3838,1.0916,0.2616
1	Round_3_Replicate_3	-6606.73	13231.46	2319.5	328.86	0.9762,4.2137,3.1315,0.3432,0.4412,0.1536,4.0432,0.5044,0.5667
1	Round_3_Replicate_1	-6606.73	13231.46	2319.48	328.76	0.9766,4.2149,3.1307,0.3432,0.4411,0.1536,4.0449,0.5048,0.5668
1	Round_3_Replicate_4	-6605.02	13228.04	2323.79	243.8	1.3423,5.5805,0.3712,0.1032,4.5792,0.6253,5.6449,1.1436,0.2619
1	Round_3_Replicate_5	-6605.02	13228.04	2322.19	243.86	1.3402,5.5806,0.3715,0.1033,4.5813,0.6162,5.6529,1.1375,0.2625
1	Round_3_Replicate_7	-6606.75	13231.5	2318.88	329.59	0.974,4.2054,3.1345,0.3424,0.4414,0.1545,4.0317,0.5006,0.5657
1	Round_3_Replicate_7	-6606.73	13231.46	2319.83	328.72	0.9767,4.2155,3.1303,0.3435,0.4411,0.1536,4.0452,0.5047,0.5668
1	Round_3_Replicate_4	-6606.79	13231.58	2319.74	329.02	0.976,4.2154,3.0832,0.3394,0.4372,0.1539,4.034,0.499,0.5609
1	Round_3_Replicate_5	-6605.1	13228.2	2321.92	253.52	1.2901,5.3691,4.6546,0.6305,0.3849,0.1076,5.3961,1.0877,0.7344
1	Round_3_Replicate_6	-6605.09	13228.18	2322.48	253.97	1.288,5.3596,0.3872,0.108,4.7838,0.6499,5.3792,1.0906,0.2614
1	Round_3_Replicate_2	-6606.73	13231.46	2319.49	328.86	0.9762,4.2137,3.1315,0.3432,0.4412,0.1536,4.0432,0.5044,0.5667
1	Round_3_Replicate_4	-6689.39	13396.78	2613.66	259.84	1.4618,5.0615,0.279,0.0674,2.8178,1.0874,0.2551,6.3948,0.3188
1	Round_3_Replicate_5	-6606.71	13231.42	2320.31	325.68	0.9858,4.2528,0.4396,0.152,3.1268,0.3423,4.0948,0.5141,0.4288
1	Round_3_Replicate_6	-6605.09	13228.18	2322.57	254.19	1.2869,5.3548,0.3876,0.1081,4.7914,0.6509,5.3733,1.0895,0.2613
1	Round_3_Replicate_8	-6605.01	13228.02	2324.16	241.13	1.3547,5.6463,4.5304,0.611,0.368,0.1021,5.7237,1.1512,0.7378
1	Round_3_Replicate_6	-6605.09	13228.18	2322.55	254.2	1.2868,5.3547,0.3876,0.1081,4.7918,0.651,5.3731,1.0895,0.2613
1	Round_3_Replicate_6	-6840.44	13698.88	4610.09	333.43	0.8462,4.7414,0.6375,0.2477,19.9535,1.099,3.001,0.7733,0.1035
1	Round_3_Replicate_8	-6606.73	13231.46	2319.38	328.03	0.9786,4.2246,3.1204,0.3416,0.4399,0.1533,4.0563,0.5054,0.5663
1	Round_3_Replicate_5	-6605.09	13228.18	2322.15	252.94	1.2927,5.3822,4.6685,0.633,0.3845,0.1073,5.4093,1.0909,0.7354
1	Round_3_Replicate_3	-6605.07	13228.14	2322.43	251.63	1.2998,5.4089,4.692,0.6352,0.3831,0.1069,5.4433,1.0987,0.7367
1	Round_3_Replicate_6	-6606.73	13231.46	2319.64	328.78	0.9764,4.2149,3.1282,0.3433,0.441,0.1535,4.044,0.5047,0.5666
1	Round_3_Replicate_9	-6606.64	13231.28	2325.9	301.53	1.0654,4.5861,2.959,0.3188,0.4111,0.1404,4.5117,0.5737,0.5795
1	Round_3_Replicate_7	-6605.09	13228.18	2322.52	254.12	1.2872,5.3565,0.3875,0.1081,4.7884,0.6503,5.3755,1.0896,0.2613
1	Round_3_Replicate_7	-6605.09	13228.18	2322.54	254.1	1.2875,5.3567,0.3874,0.108,4.7978,0.6539,5.3745,1.091,0.261
1	Round_3_Replicate_7	-6605.09	13228.18	2322.52	254.2	1.2869,5.3547,0.3876,0.1081,4.7922,0.651,5.3732,1.0895,0.2613
1	Round_3_Replicate_5	-6605.05	13228.1	2322.09	243.66	1.342,5.5882,0.3695,0.1031,4.574,0.6004,5.6538,1.1394,0.2643
1	Round_3_Replicate_9	-6605.02	13228.04	2325.04	239.18	1.3645,5.6946,4.4444,0.5931,0.3649,0.1014,5.7845,1.1549,0.735
1	Round_3_Replicate_7	-6605.09	13228.18	2322.47	254.15	1.2871,5.3559,0.3875,0.1081,4.79,0.6506,5.3747,1.0896,0.2613
1	Round_3_Replicate_8	-6877.56	13773.12	3155.57	740.92	0.3465,2.1616,1.0112,0.186,19.826,4.136,0.2303,0.9316,0.2693
1	Round_3_Replicate_8	-6667.4	13352.8	3116.87	292.46	1.1746,4.6737,0.6331,0.1859,19.9614,1.697,4.4858,0.7572,0.1334
1	Round_3_Replicate_6	-6605.05	13228.1	2325.73	240.69	1.359,5.658,4.3634,0.5798,0.3649,0.1022,5.7405,1.1405,0.7315
1	Round_3_Replicate_10	-6606.67	13231.34	2322.75	319.35	1.007,4.3342,3.0754,0.3375,0.4312,0.1485,4.1939,0.5305,0.5736
1	Round_3_Replicate_4	-6606.73	13231.46	2319.4	328.49	0.9771,4.2187,3.1258,0.3427,0.4406,0.1533,4.0491,0.5051,0.5665
1	Round_3_Replicate_6	-7138.81	14295.62	3333.68	177.25	2.5486,5.8602,0.2096,0.0202,1.6121,1.0493,1.0495,16.8056,0.3802
1	Round_3_Replicate_8	-6605.09	13228.18	2322.51	254.19	1.2869,5.355,0.3876,0.1081,4.7921,0.6509,5.3735,1.0896,0.2613
1	Round_3_Replicate_7	-6605.07	13228.14	2324.28	245.65	1.3329,5.5393,4.4006,0.5919,0.3718,0.1044,5.6073,1.1183,0.731
1	Round_3_Replicate_9	-6696.97	13411.94	2492.29	446.61	0.9837,2.7358,0.5907,0.2078,18.8811,3.9626,2.4456,0.6555,0.1587
1	Round_3_Replicate_8	-6605.09	13228.18	2322.55	254.18	1.287,5.3552,0.3876,0.1081,4.7931,0.6512,5.3735,1.0898,0.2612
1	Round_3_Replicate_10	-6605.1	13228.2	2322.04	253.57	1.2899,5.3679,4.6599,0.6314,0.385,0.1076,5.3943,1.0878,0.7345
1	Round_3_Replicate_8	-6605.09	13228.18	2323.55	241.61	1.3525,5.6349,4.3684,0.5954,0.3646,0.1016,5.7112,1.1458,0.7293
1	Round_3_Replicate_7	-6605.06	13228.12	2322.12	248.94	1.313,5.467,4.6362,0.6302,0.3782,0.1056,5.5131,1.1145,0.7365
1	Round_3_Replicate_5	-6606.73	13231.46	2319.46	328.86	0.9762,4.2137,3.1315,0.3432,0.4412,0.1537,4.0433,0.5044,0.5667
1	Round_3_Replicate_10	-6606.71	13231.42	2320.3	325.84	0.9853,4.2506,0.4399,0.1518,3.1289,0.3429,4.0921,0.5143,0.4287
1	Round_4_Replicate_1	-6607.18	13232.36	2327.37	268.7	1.1999,5.1046,3.0417,0.34,0.3855,0.1185,5.1957,0.7747,0.6377
1	Round_3_Replicate_9	-6606.71	13231.42	2320.34	325.77	0.9855,4.2516,0.4397,0.152,3.1276,0.3423,4.0933,0.514,0.4288
1	Round_3_Replicate_9	-6605.09	13228.18	2322.55	254.17	1.287,5.3553,0.3876,0.1081,4.7913,0.6509,5.3739,1.0896,0.2613
1	Round_3_Replicate_7	-6606.36	13230.72	2323.83	246.14	1.3211,5.5394,0.3604,0.104,3.4477,0.4281,5.6908,1.0122,0.3158
1	Round_4_Replicate_1	-6606.73	13231.46	2319.53	328.81	0.9764,4.2143,3.1309,0.3431,0.4412,0.1536,4.0438,0.5045,0.5667
1	Round_3_Replicate_9	-6605.09	13228.18	2322.52	254.09	1.2874,5.3571,0.3874,0.1081,4.7902,0.6507,5.376,1.09,0.2613
1	Round_3_Replicate_10	-6606.63	13231.26	2322.19	305.12	1.0484,4.5345,0.4128,0.143,2.9521,0.318,4.4591,0.5605,0.4259
1	Round_3_Replicate_9	-6606.71	13231.42	2319.77	324.64	0.9899,4.2623,3.1073,0.3409,0.4391,0.1516,4.1148,0.5199,0.572
1	Round_3_Replicate_8	-6605.08	13228.16	2322.27	251.88	1.2983,5.4042,4.6789,0.6361,0.3828,0.1068,5.4346,1.0986,0.7359
1	Round_4_Replicate_1	-6605.07	13228.14	2322.68	247.84	1.3206,5.4907,0.3764,0.1052,4.5244,0.6005,5.5479,1.1132,0.266
1	Round_3_Replicate_8	-6623.36	13264.72	2434.94	245.28	1.3455,5.5951,0.411,0.1124,19.9285,1.5531,5.3935,1.2914,0.1429
1	Round_3_Replicate_10	-6605.09	13228.18	2322.54	254.2	1.2868,5.3547,0.3876,0.1081,4.7918,0.651,5.3732,1.0895,0.2613
1	Round_3_Replicate_6	-6606.73	13231.46	2319.5	328.85	0.9763,4.2138,3.1315,0.3433,0.4412,0.1536,4.0434,0.5045,0.5668
1	Round_3_Replicate_10	-6605.09	13228.18	2321.95	253.65	1.2893,5.3656,0.3868,0.1079,4.7773,0.6481,5.391,1.0917,0.2615
1	Round_3_Replicate_10	-6605.09	13228.18	2323.68	251.32	1.2995,5.4192,4.6263,0.6138,0.3822,0.1074,5.4581,1.0943,0.7341
1	Round_4_Replicate_1	-6605.08	13228.16	2321.9	252.74	1.2953,5.3824,0.3847,0.1073,4.7713,0.6527,5.4097,1.1012,0.2609
1	Round_4_Replicate_1	-6606.7	13231.4	2319.4	324.81	0.9886,4.2637,0.437,0.1512,3.106,0.3399,4.1091,0.5161,0.4301
1	Round_4_Replicate_1	-6605.07	13228.14	2321.81	249.75	1.3086,5.4465,0.38,0.1064,4.6545,0.6414,5.499,1.1084,0.2622
1	Round_3_Replicate_7	-6606.73	13231.46	2319.39	328.49	0.9772,4.2186,3.128,0.3426,0.4408,0.1535,4.0492,0.505,0.5667
1	Round_3_Replicate_9	-6605.1	13228.2	2321.94	253.5	1.2902,5.3696,4.6537,0.6301,0.3849,0.1076,5.3967,1.0877,0.7344
1	Round_3_Replicate_9	-6605.04	13228.08	2327.14	239.96	1.3578,5.6765,0.369,0.1028,4.6029,0.6244,5.7664,1.1492,0.2605
1	Round_4_Replicate_1	-6606.73	13231.46	2319.51	328.86	0.9762,4.2137,3.1315,0.3432,0.4413,0.1536,4.0432,0.5044,0.5667
1	Round_3_Replicate_8	-6606.72	13231.44	2319.82	325.88	0.9844,4.2532,3.1009,0.3392,0.4371,0.1524,4.0908,0.508,0.5659
1	Round_3_Replicate_10	-6689.53	13397.06	2613.1	282.71	1.3439,4.6584,0.3038,0.0734,3.0518,1.1942,0.1519,5.8496,0.3183
1	Round_3_Replicate_10	-6605.09	13228.18	2322.36	248.16	1.3168,5.4852,4.4588,0.5972,0.3755,0.1054,5.545,1.1076,0.7308
1	Round_3_Replicate_9	-6606.73	13231.46	2319.47	328.68	0.9767,4.2159,3.129,0.343,0.4409,0.1535,4.0462,0.5049,0.5667
1	Round_4_Replicate_1	-6605.1	13228.2	2321.96	253.58	1.2898,5.3677,4.6576,0.6309,0.385,0.1076,5.3944,1.0874,0.7345
1	Round_4_Replicate_1	-6605.09	13228.18	2322.51	254.16	1.287,5.3557,0.3876,0.1081,4.7916,0.651,5.3743,1.0898,0.2613
1	Round_3_Replicate_10	-6606.68	13231.36	2320.56	320.06	1.0028,4.3248,3.0846,0.3348,0.4315,0.149,4.1886,0.5299,0.5719
1	Round_4_Replicate_1	-6605.02	13228.04	2323.37	241.73	1.3535,5.6263,4.4451,0.5994,0.367,0.1026,5.7158,1.1484,0.7346
