Model	Replicate	log-likelihood	AIC	chi-squared	theta	optimized_params
Model	Replicate	log-likelihood	AIC	chi-squared	theta	optimized_params
Model	Replicate	log-likelihood	AIC	chi-squared	theta	optimized_params
Model	Replicate	log-likelihood	AIC	chi-squared	theta	optimized_params
Model	Replicate	log-likelihood	AIC	chi-squared	theta	optimized_params
Model	Replicate	log-likelihood	AIC	chi-squared	theta	optimized_params
Model	Replicate	log-likelihood	AIC	chi-squared	theta	optimized_params
Model	Replicate	log-likelihood	AIC	chi-squared	theta	optimized_params
Model	Replicate	log-likelihood	AIC	chi-squared	theta	optimized_params
Model	Replicate	log-likelihood	AIC	chi-squared	theta	optimized_params
1	Round_1_Replicate_1	-6868.46	13758.92	3165.06	345.81	0.2333,1.2718,2.3088,3.4841,1.2676,0.2518,0.1494,0.1262,1.6507,3.57,0.2807
1	Round_1_Replicate_1	-6884.56	13791.12	3368.14	843.87	1.8276,0.3774,2.1479,1.7273,0.8623,0.4342,5.5484,3.9053,0.5293,0.4349,0.476
1	Round_1_Replicate_1	-7439.58	14901.16	4662.32	2559.51	0.66,0.1676,3.8342,0.3715,2.946,3.2119,0.1076,0.9429,0.5285,2.9206,0.0362
1	Round_1_Replicate_1	-7078.74	14179.48	3529.82	542.33	2.5765,0.8851,1.6628,2.2041,1.5244,3.8783,0.3685,0.3834,0.5735,11.6133,0.3525
1	Round_1_Replicate_1	-7364.61	14751.22	7099.93	871.09	2.1768,0.4548,1.1323,2.2772,0.9891,0.4753,0.0694,17.3783,0.3807,2.0898,0.4906
1	Round_1_Replicate_2	-6842.08	13706.16	3097.76	222.73	0.3567,2.2743,6.3554,5.5255,0.146,0.0475,0.5814,0.748,1.313,5.9677,0.4205
1	Round_1_Replicate_1	-7116.14	14254.28	3504.37	625.87	0.3038,0.4682,1.7673,1.9678,0.0838,0.225,2.1314,0.1727,2.221,2.043,0.8618
1	Round_1_Replicate_2	-7415.29	14852.58	20496.72	553.61	1.9131,0.4801,2.2544,2.3298,4.0904,0.8748,0.0869,2.1332,2.7819,0.0977,0.0797
1	Round_1_Replicate_3	-6896.56	13815.12	3297.81	487.81	14.0923,0.981,0.2882,2.6639,0.8828,3.217,0.3828,0.3979,2.29,0.9563,0.5
1	Round_1_Replicate_2	-7074.17	14170.34	3378.67	995.79	4.0043,0.4322,6.1837,1.3857,0.9728,0.0802,1.224,4.8931,11.4875,9.3868,0.6994
1	Round_1_Replicate_2	-7146.48	14314.96	3451.73	919.0	2.0305,0.2349,5.3727,1.424,11.3308,1.0148,0.8807,0.3992,0.2061,2.3228,0.5689
1	Round_1_Replicate_2	-7297.25	14616.5	3690.89	1098.2	0.128,0.4174,1.6592,1.2051,1.7525,14.0083,1.0169,0.062,10.1233,17.6569,0.5209
1	Round_1_Replicate_3	-6924.47	13870.94	3275.85	458.66	0.7915,0.6797,1.4871,3.8973,2.8652,0.1966,0.6264,0.2149,1.4669,0.5476,0.6732
1	Round_1_Replicate_1	-22310.41	44642.82	7.143899345870179e+17	374.99	3.3644,1.4305,0.2894,6.7327,4.515,4.754,6.7905,0.0991,0.1651,0.727,0.9909
1	Round_1_Replicate_4	-7001.03	14024.06	3075.34	2374.28	0.3911,0.2129,0.3827,0.4399,4.1324,10.0747,1.8431,0.6152,0.1939,2.837,0.2804
1	Round_1_Replicate_3	-8034.93	16091.86	8335.98	413.03	9.6525,0.3905,0.5478,4.9332,1.7332,0.0929,0.0979,0.1359,0.3931,1.9464,0.2799
1	Round_1_Replicate_4	-6858.58	13739.16	3890.24	974.2	0.0885,0.4117,2.6555,1.3289,6.6479,0.3086,0.8435,1.234,0.4416,0.1248,0.4165
1	Round_1_Replicate_5	-6776.31	13574.62	2749.8	809.34	0.0781,0.4039,2.7173,1.7358,0.9111,0.2446,10.0814,5.0519,0.2739,1.0301,0.3531
1	Round_1_Replicate_3	-7281.38	14584.76	3874.8	3116.99	2.1192,0.0896,0.2275,0.4014,17.0452,0.1417,4.5931,1.3137,0.4479,12.3968,0.2421
1	Round_1_Replicate_2	-6940.64	13903.28	3653.52	462.07	0.198,1.0565,1.623,2.8585,0.0949,12.7351,0.5459,0.2028,0.1937,3.4157,0.8306
1	Round_1_Replicate_6	-7004.44	14030.88	3149.96	852.35	8.9116,0.5257,1.7177,1.1671,0.7698,0.3429,2.0491,3.1803,1.1835,1.0029,0.516
1	Round_1_Replicate_4	-6874.26	13770.52	2856.24	529.22	0.0644,0.927,1.7915,2.2294,5.3353,0.5292,0.3643,0.1513,0.1301,2.58,0.6732
1	Round_1_Replicate_3	-7254.96	14531.92	4206.14	440.01	1.9224,1.071,0.0927,2.7921,0.0835,0.2227,0.5642,0.1019,1.5466,2.3393,0.9968
1	Round_1_Replicate_1	-10388.46	20798.92	14617.64	409.28	2.6205,2.7764,0.3004,0.6929,0.1282,1.4742,0.4245,0.1579,0.0797,18.9509,0.0423
1	Round_1_Replicate_1	-8594.26	17210.52	36521.56	790.66	0.4437,1.1335,0.7252,0.9842,0.1038,10.8346,1.3311,0.2769,0.087,5.9725,0.4946
1	Round_1_Replicate_7	-11337.55	22697.1	17306.08	581.58	0.0664,2.0716,0.4868,0.807,0.2776,0.1414,0.1509,0.2698,0.5337,1.5258,0.3752
1	Round_1_Replicate_1	-9685.38	19392.76	54616120.09	125.74	10.0589,1.2679,0.3222,19.5674,0.343,0.3308,0.1144,4.877,0.1666,14.2787,0.0348
1	Round_1_Replicate_2	-7198.25	14418.5	3354.39	1821.55	2.666,0.2394,0.5541,0.5338,7.6483,7.5765,1.0932,0.4846,0.2998,8.1671,0.3006
1	Round_1_Replicate_8	-7870.76	15763.52	25039.73	3269.47	10.776,0.1683,14.2404,0.3264,3.5805,11.447,0.4099,5.1949,6.1317,1.5195,0.4915
1	Round_1_Replicate_4	-7284.26	14590.52	8166.84	2965.49	8.963,0.1408,0.1427,0.3935,15.0931,0.0547,1.3368,3.8206,0.0886,13.5312,0.5159
1	Round_1_Replicate_5	-7413.26	14848.52	3926.53	1517.1	4.9446,0.1461,4.5588,0.8364,0.6871,0.2073,10.7998,0.2018,3.3948,2.7403,0.8863
1	Round_1_Replicate_5	-8309.99	16641.98	7477.16	989.74	0.1704,0.2675,0.1758,2.4935,0.4363,0.6168,1.32,0.1206,0.0839,0.1787,0.99
1	Round_1_Replicate_2	-7531.39	15084.78	5161.8	1296.81	19.7435,0.5231,0.389,0.7175,0.3704,1.2876,0.6339,19.6838,0.0713,1.0605,0.3506
1	Round_1_Replicate_2	-9360.71	18743.42	9960.21	1637.34	0.125,0.5223,12.8216,0.4734,5.6012,0.1906,0.46,0.2233,0.3499,14.242,0.0621
1	Round_1_Replicate_6	-7090.97	14203.94	3982.2	759.06	0.0686,0.6165,1.6086,2.2125,1.3156,0.1346,0.1263,13.3296,1.3028,0.3521,0.3554
1	Round_1_Replicate_6	-7365.34	14752.68	13770.08	786.18	3.0643,0.3866,9.6558,1.9206,0.5544,0.806,14.7864,5.2757,0.0903,1.1711,0.3062
1	Round_1_Replicate_9	-7217.27	14456.54	9413.58	1095.73	0.2644,0.3457,3.7257,1.234,0.5239,1.2112,5.0784,2.2387,0.1396,0.2253,0.4966
1	Round_1_Replicate_3	-8025.34	16072.68	7716.73	255.88	0.353,0.1817,2.3568,8.0152,8.9846,0.6958,0.7228,0.0916,6.2607,0.266,0.2875
1	Round_1_Replicate_5	-6992.08	14006.16	4289.48	1004.43	0.7254,0.4287,0.4642,1.2455,0.2406,14.424,1.5175,0.9225,0.6099,0.3703,0.946
1	Round_1_Replicate_3	-14740.83	29503.66	40072.03	924.32	0.1714,0.8204,0.1448,0.2536,0.733,0.2134,0.1808,0.7582,3.4664,0.4959,0.9801
1	Round_1_Replicate_4	-6971.94	13965.88	3327.67	729.84	1.9218,0.657,1.1361,2.0359,7.5646,4.1399,0.5658,0.8403,0.6759,0.0924,0.8197
1	Round_1_Replicate_3	-8618.77	17259.54	6873.6	1534.84	0.224,0.4178,0.2413,0.5708,3.1053,0.0212,0.3911,0.3259,0.4516,18.025,0.0478
1	Round_1_Replicate_6	-6899.66	13821.32	2842.49	1012.43	2.6796,0.3878,0.2108,1.1319,1.2117,0.3891,13.716,1.7603,0.2166,1.518,0.3675
1	Round_1_Replicate_5	-6695.09	13412.18	2567.82	661.02	3.5775,0.5778,0.1604,2.0619,6.3631,1.5598,0.6202,0.1961,0.1718,1.6253,0.639
1	Round_1_Replicate_7	-7315.06	14652.12	5415.6	205.22	0.2402,3.5653,0.1359,4.5519,0.202,0.1762,13.2264,0.1317,0.2841,9.0333,0.1559
1	Round_1_Replicate_4	-6710.85	13443.7	2592.32	445.1	0.0858,0.9562,2.4797,2.8999,0.4003,0.0964,3.303,2.3499,0.1036,3.2088,0.3618
1	Round_1_Replicate_7	-7284.66	14591.32	3688.33	1015.88	2.0557,0.414,3.1442,1.0979,12.3356,0.0788,0.6424,0.6108,0.1644,3.8635,0.4155
1	Round_1_Replicate_5	-7423.79	14869.58	5591.36	207.12	0.4439,3.8485,0.0688,5.5786,0.2126,0.0817,14.1383,0.4036,1.6499,4.0434,0.1365
1	Round_1_Replicate_10	-7393.14	14808.28	4707.15	287.43	0.0845,2.2314,0.2491,3.5726,0.2219,0.1661,0.8654,1.2958,1.9738,3.6776,0.001
1	Round_1_Replicate_3	-8106.05	16234.1	5695.38	1004.53	0.0658,0.6327,0.5695,0.8243,0.4311,0.5483,2.2832,0.199,2.0444,13.4518,0.8566
1	Round_1_Replicate_6	-7267.44	14556.88	3454.5	479.4	0.1292,0.4538,0.139,2.6805,15.6378,0.2824,0.7979,0.191,0.2886,13.6868,0.5233
1	Round_1_Replicate_8	-7106.57	14235.14	3245.55	290.91	0.1556,0.8264,0.09,4.7197,4.3732,0.8886,0.3741,0.0943,7.9674,1.776,0.437
1	Round_1_Replicate_11	-8038.41	16098.82	6286.49	990.14	6.3624,0.2164,19.7146,0.9416,2.6426,0.0572,0.8634,0.1318,1.4378,0.3135,0.1181
1	Round_1_Replicate_4	-7530.94	15083.88	5329.28	1540.72	1.3013,0.149,1.9211,0.8085,3.8306,1.7878,0.8783,0.0209,6.5524,8.5738,0.0027
1	Round_1_Replicate_7	-10963.11	21948.22	1488498611.32	1974.74	1.3017,0.2296,1.5381,0.8794,2.5848,16.1485,15.8519,1.6498,1.7418,1.1717,0.2171
1	Round_1_Replicate_12	-7175.34	14372.68	6134.89	473.66	0.4138,0.9414,0.3902,2.9562,4.2437,1.8945,0.7222,0.1197,0.3698,1.983,0.4861
1	Round_1_Replicate_4	-7467.97	14957.94	4571.02	914.88	0.1111,0.4627,0.151,1.0156,1.3004,0.792,1.5564,0.3058,3.4346,8.2765,0.2868
1	Round_1_Replicate_13	-6765.88	13553.76	3139.45	410.62	0.0936,0.8715,0.0743,3.4664,1.9214,1.0185,0.4816,0.12,0.2554,3.5145,0.5586
1	Round_1_Replicate_9	-8799.91	17621.82	7636.83	664.87	0.0723,1.5336,0.1236,0.9677,8.1675,0.3759,0.1585,0.38,0.4506,2.2699,0.7003
1	Round_1_Replicate_8	-17529.84	35081.68	388778613763022.0	277.17	2.1175,4.6757,0.1198,2.6616,5.2903,0.5778,2.2088,0.1781,0.6815,12.0739,0.9905
1	Round_1_Replicate_5	-7197.06	14416.12	6143.45	577.17	1.6998,1.2565,0.4962,1.8999,0.5038,0.4425,0.7329,5.1202,0.196,1.8906,0.447
1	Round_1_Replicate_6	-7559.82	15141.64	5474.44	500.75	1.6284,0.9296,0.214,2.0964,0.968,0.0561,19.3766,0.7687,0.136,18.1858,0.1821
1	Round_1_Replicate_10	-7341.76	14705.52	4669.63	609.83	0.26,0.9692,1.7927,1.4172,0.6695,1.4577,0.7025,0.2994,0.0663,6.2665,0.2651
1	Round_1_Replicate_6	-6971.15	13964.3	4898.38	518.51	0.3408,0.9199,0.107,2.8708,0.7822,0.2181,1.2683,13.6708,0.9823,3.8348,0.3534
1	Round_1_Replicate_14	-7097.52	14217.04	3564.25	712.82	14.0058,0.7573,12.4333,1.7283,0.3852,5.9472,0.6106,0.2768,4.4268,10.653,0.3826
1	Round_1_Replicate_11	-6743.8	13509.6	2588.4	735.42	4.68,0.5088,0.0611,1.9445,0.703,0.1814,10.5461,4.0875,0.181,1.3134,0.2243
1	Round_1_Replicate_15	-6820.03	13662.06	17717.14	808.26	3.2465,0.3609,2.0245,1.5654,6.7516,0.103,1.0472,1.9537,1.1913,0.1336,0.644
1	Round_1_Replicate_7	-7281.13	14584.26	4320.03	799.61	4.2333,0.6571,3.1265,1.1854,0.5038,4.9061,0.8779,0.6831,0.1257,12.8029,0.6873
1	Round_1_Replicate_12	-6964.42	13950.84	3545.49	715.59	1.0392,0.9085,1.8053,1.6778,2.3621,6.5602,0.137,0.6049,0.7281,0.0721,0.4352
1	Round_2_Replicate_1	-6805.8	13633.6	3006.68	443.88	0.0715,0.8707,0.278,2.9149,1.3651,0.3475,0.2285,0.0821,0.1759,3.4419,0.2795
1	Round_2_Replicate_2	-7042.57	14107.14	4201.65	533.46	0.0315,0.4204,0.0247,3.1472,2.9178,0.6492,0.4217,0.1159,0.5819,2.3928,0.2821
1	Round_1_Replicate_7	-9023.02	18068.04	875192348.64	786.02	0.1682,1.1748,15.9634,1.27,6.0498,6.8748,0.4859,2.8644,0.1565,0.5026,0.99
1	Round_1_Replicate_4	-9700.88	19423.76	2149658.91	606.28	2.7084,0.0487,6.6898,3.2905,18.206,1.939,0.0063,13.8522,0.3359,9.8955,0.088
1	Round_2_Replicate_3	-6937.72	13897.44	2979.54	682.42	0.2875,0.7004,0.1115,1.7083,1.6078,3.0419,0.4001,0.08,1.0683,2.9588,0.2945
1	Round_1_Replicate_8	-7429.47	14880.94	14922.59	332.44	6.1284,2.5055,1.6669,3.1341,1.7985,4.4667,0.327,0.578,2.1301,0.4499,0.7886
1	Round_1_Replicate_8	-7295.87	14613.74	5378.86	549.22	3.2001,0.393,1.8984,3.5453,1.3695,0.0165,5.4267,4.4391,0.0899,1.9062,0.3641
1	Round_1_Replicate_2	-8045.8	16113.6	16607.43	1171.99	1.3157,0.7239,0.1226,0.7433,0.0701,18.8274,0.1547,2.0748,6.6309,15.2241,0.5909
1	Round_2_Replicate_4	-6761.26	13544.52	3043.78	353.13	0.0377,1.1086,0.038,3.7952,1.4184,0.4731,0.2317,0.0474,0.1194,4.4217,0.3256
1	Round_1_Replicate_8	-16472.34	32966.68	6.121089158660857e+19	253.38	2.1713,4.5244,0.5722,2.3201,7.9412,10.6738,0.1538,4.1482,0.4296,12.8447,0.99
1	Round_1_Replicate_9	-6832.73	13687.46	2870.7	451.16	11.605,1.0135,0.0989,2.7416,0.4688,0.0584,2.1563,0.8882,0.3201,3.1378,0.3476
1	Round_2_Replicate_5	-6760.8	13543.6	2762.33	403.28	0.0823,0.8484,0.0747,3.2907,3.7009,0.5563,0.5849,0.0755,0.1617,4.5828,0.6469
1	Round_1_Replicate_3	-7533.51	15089.02	5690.83	952.75	0.3511,0.2504,7.4868,1.5869,0.5141,0.3108,16.116,9.6919,0.2475,0.0152,0.3434
1	Round_1_Replicate_10	-7198.34	14418.68	3466.38	1950.0	9.4667,0.1416,2.3337,0.6094,8.0739,0.5662,1.4521,0.2258,3.5202,14.0065,0.1823
1	Round_2_Replicate_6	-7108.65	14239.3	3185.31	674.85	0.0987,0.3929,0.1506,1.78,5.6165,0.4059,1.0516,0.1036,0.2484,13.1207,0.5557
1	Round_1_Replicate_11	-6963.6	13949.2	3826.64	796.74	1.161,0.3652,2.9242,1.9567,4.419,0.2513,1.0525,0.2988,0.1683,0.8016,0.4419
1	Round_1_Replicate_5	-7542.25	15106.5	5641.46	1004.44	0.3133,0.4545,16.1866,0.7815,0.1253,14.9924,2.4729,0.5152,0.8357,0.1435,0.987
1	Round_2_Replicate_7	-6764.53	13551.06	2774.47	596.98	0.0287,0.614,0.2098,2.3406,2.0083,0.4074,0.2932,0.1616,1.3135,1.3392,0.2488
1	Round_1_Replicate_9	-8219.93	16461.86	8530.9	773.7	0.9117,0.796,13.5163,1.5428,0.4602,0.2601,0.2705,0.1459,0.2297,0.4113,0.7
1	Round_1_Replicate_9	-11483.91	22989.82	26331.29	2743.24	0.1625,0.0707,2.1223,0.3638,0.6513,0.3112,1.5262,1.2435,8.8653,15.2496,0.6696
1	Round_2_Replicate_8	-6738.57	13499.14	2941.84	374.79	0.0346,0.8618,0.0592,3.9486,3.8909,0.4008,0.3408,0.0884,0.3111,3.9382,0.5548
1	Round_1_Replicate_9	-15459.42	30940.84	9562220255.27	547.3	0.0698,2.4081,6.3848,0.6213,2.2401,5.3333,0.3677,19.9584,0.4214,3.6353,0.4986
1	Round_1_Replicate_10	-6889.11	13800.22	2869.52	348.0	6.9454,1.3935,0.2242,3.2772,0.2816,0.0898,1.9636,0.4006,2.6609,3.0692,0.3499
1	Round_1_Replicate_6	-7798.19	15618.38	37108.06	984.74	0.5973,0.3826,0.0892,1.2573,1.409,19.5219,3.3378,0.7285,1.6305,5.3355,0.787
1	Round_1_Replicate_4	-7156.43	14334.86	4336.17	1346.46	0.0701,0.2715,8.1188,1.148,2.593,0.1851,0.3354,17.2651,0.2379,0.4972,0.3648
1	Round_2_Replicate_9	-6761.62	13545.24	3152.7	307.1	0.0298,1.0682,0.0943,4.8953,1.7534,0.5692,0.2684,0.0587,0.7929,4.3582,0.4592
1	Round_1_Replicate_12	-7118.6	14259.2	3326.42	4464.65	1.1818,0.0708,0.5639,0.2738,13.2501,19.9707,5.0213,2.2091,0.0933,2.259,0.5432
1	Round_1_Replicate_5	-6860.97	13743.94	4727.34	309.67	0.0638,1.6022,1.764,4.2139,0.2835,0.1919,2.7875,1.8555,0.5492,3.7303,0.2904
1	Round_1_Replicate_10	-7438.58	14899.16	7225.31	2653.72	0.3791,0.1986,1.0213,0.3529,2.4182,4.1072,0.593,10.6337,3.9126,4.8224,0.1046
1	Round_1_Replicate_7	-7602.5	15227.0	8481.2	959.8	0.0795,0.3006,0.5992,2.3057,6.6228,0.003,0.0776,1.157,0.2334,0.1178,0.3734
1	Round_1_Replicate_11	-6865.94	13753.88	2904.58	272.16	9.9843,1.5503,0.2749,4.9142,1.6763,4.7221,0.3429,0.108,2.2011,10.2117,0.6106
1	Round_2_Replicate_10	-6705.61	13433.22	2676.51	386.32	0.0772,0.9379,0.0218,3.5821,2.9747,0.5636,0.3477,0.0642,0.09,4.0422,0.5541
1	Round_1_Replicate_13	-6743.48	13508.96	2880.62	581.42	0.1528,0.5533,2.6879,2.3019,3.2459,1.3178,0.727,0.1017,2.0575,0.2334,0.381
1	Round_1_Replicate_14	-6660.46	13342.92	2383.6	624.39	1.6301,0.5779,1.1509,2.3419,0.9061,0.3434,8.676,6.7911,1.4711,0.2985,0.2784
1	Round_1_Replicate_10	-13125.82	26273.64	165355472480.98	474.62	0.093,3.7299,0.9857,1.4517,7.3219,0.4901,1.6604,0.3247,0.5271,0.4497,0.99
1	Round_1_Replicate_11	-7853.13	15728.26	5584.08	1984.85	9.3887,0.3117,4.2635,0.3653,3.114,2.1169,0.0669,2.1458,4.6722,18.545,0.1562
1	Round_1_Replicate_15	-9627.69	19277.38	100642037051.93	298.32	15.6563,2.2999,0.4894,3.6058,0.5219,1.1981,16.4891,0.8932,0.0929,5.7888,0.0501
1	Round_1_Replicate_12	-6964.44	13950.88	3769.72	958.02	0.123,0.4853,1.0153,1.5163,8.3299,0.1,0.7892,1.4871,0.4687,0.0846,0.4576
1	Round_1_Replicate_11	-6929.78	13881.56	3255.13	381.39	0.2335,1.32,14.9888,3.7995,0.1083,14.0549,0.3376,0.1486,0.5657,5.886,0.6623
1	Round_1_Replicate_13	-6824.28	13670.56	3303.42	201.46	3.7358,2.2045,6.9105,6.2992,0.6011,0.3253,0.1843,0.0205,0.0972,8.2497,0.3164
1	Round_1_Replicate_5	-8771.71	17565.42	2257.92	2456.23	6.4573,0.2323,0.229,0.4016,0.1141,5.522,12.355,1.8656,10.0864,1.1035,0.0889
1	Round_2_Replicate_1	-8248.4	16518.8	32489.2	705.39	0.9533,0.2242,0.9119,3.9552,2.6827,0.608,15.1973,9.6466,0.3978,0.2681,0.2557
1	Round_1_Replicate_7	-9350.87	18723.74	617477.46	551.63	0.206,0.1208,0.2816,3.3657,19.8061,2.1373,0.4975,0.9682,3.7195,12.1185,0.491
1	Round_1_Replicate_12	-7005.0	14032.0	3484.96	758.72	0.7085,0.6273,0.5236,1.7506,0.3973,12.8035,0.8314,0.3837,0.078,3.9078,0.6203
1	Round_1_Replicate_14	-7230.32	14482.64	3847.62	798.0	0.6122,0.8797,13.3115,0.9553,0.8023,0.634,15.4844,3.1844,0.7112,0.1019,0.2328
1	Round_1_Replicate_6	-6782.12	13586.24	2909.23	394.2	5.2919,0.7576,12.6324,3.5386,0.4657,0.1438,11.2031,0.8345,1.1589,3.0675,0.2573
1	Round_2_Replicate_2	-6658.91	13339.82	2447.61	860.62	1.2197,0.4013,2.4308,1.4076,1.5194,0.7102,9.4303,3.2407,0.8622,0.1109,0.3012
1	Round_1_Replicate_12	-9533.27	19088.54	26314.13	856.68	0.0983,0.4705,0.3258,1.5456,0.065,1.9067,0.1546,1.2404,2.8868,15.198,0.9987
1	Round_1_Replicate_15	-7006.63	14035.26	4649.42	499.55	1.9388,1.0203,0.748,2.9405,0.9833,0.2689,0.153,1.5754,1.4469,0.4079,0.1952
1	Round_1_Replicate_8	-7376.71	14775.42	3738.06	1514.91	0.2004,0.1972,0.5577,0.7716,0.6842,1.3743,18.0527,0.0798,0.3273,0.0465,0.6402
1	Round_1_Replicate_13	-6801.51	13625.02	3663.69	194.02	0.3116,2.1395,0.0731,6.5953,2.5849,1.7973,0.2075,0.1201,1.3981,9.0416,0.703
1	Round_1_Replicate_7	-6900.34	13822.68	2900.92	564.58	0.3713,0.9366,0.1621,2.008,1.141,3.7496,0.468,0.1514,0.7733,4.8805,0.4351
1	Round_2_Replicate_1	-6878.29	13778.58	4065.67	424.56	0.0809,0.6295,1.5801,3.5276,0.7846,0.1759,5.6794,1.2629,0.0878,3.5122,0.2877
1	Round_1_Replicate_13	-7305.83	14633.66	14620.36	123.56	0.2473,1.8988,12.4719,13.8721,0.2081,0.0753,10.3966,0.1068,1.8635,10.4426,0.2437
1	Round_1_Replicate_8	-7610.18	15242.36	4739.41	519.35	0.136,1.0995,0.6137,1.8681,19.1172,0.779,0.6268,0.1285,2.0067,1.7492,0.9664
1	Round_1_Replicate_6	-11043.42	22108.84	18480.95	1062.74	1.7378,1.097,0.1059,0.2511,0.0999,0.6741,0.0973,2.9268,0.8814,2.0137,0.9977
1	Round_1_Replicate_9	-7214.79	14451.58	4123.67	253.26	3.3,2.054,3.561,4.1671,5.7198,0.3209,0.3132,0.1434,1.6361,8.91,0.6418
1	Round_1_Replicate_13	-7185.05	14392.1	3759.41	1114.24	0.0814,0.2828,0.0964,1.0977,12.3473,8.9992,2.4745,0.0686,2.495,7.107,0.756
1	Round_2_Replicate_2	-6794.37	13610.74	2791.05	368.87	0.0568,1.1574,4.9085,3.1823,0.4736,0.1091,2.48,1.9434,0.5963,5.0499,0.3192
1	Round_1_Replicate_14	-7992.85	16007.7	29514.83	1780.37	0.2865,0.3869,0.0746,0.6534,0.1524,9.9684,1.245,2.6746,0.5726,4.6833,0.2603
1	Round_1_Replicate_7	-7094.53	14211.06	3058.98	1779.78	0.1156,0.1621,0.7466,0.7233,11.3697,11.9873,2.3976,0.133,4.9029,3.689,0.5972
1	Round_2_Replicate_3	-6985.21	13992.42	3789.17	540.1	0.0705,1.0063,5.5623,1.9757,0.6723,0.2675,3.177,4.123,0.0672,3.1279,0.3412
1	Round_1_Replicate_14	-7159.67	14341.34	3436.5	1665.0	0.2308,0.1766,6.6317,0.6939,7.8689,0.7478,1.4766,1.028,0.0841,4.5391,0.3122
1	Round_2_Replicate_3	-12651.78	25325.56	7825219772.14	307.41	2.8159,2.0422,1.4249,8.8467,0.384,0.7265,19.8751,19.8563,0.6572,0.7212,0.5896
1	Round_1_Replicate_15	-7212.94	14447.88	4386.05	1053.2	2.562,0.348,2.0386,1.0604,1.392,1.7692,2.0951,0.301,1.7265,13.2498,0.3771
1	Round_1_Replicate_8	-6715.89	13453.78	2504.85	807.62	0.292,0.4031,0.973,1.8707,0.9679,0.3476,6.7276,1.1832,0.8016,0.3032,0.3668
1	Round_2_Replicate_4	-6728.8	13479.6	2778.96	205.69	0.027,1.5693,8.9717,6.7953,0.3021,0.0471,3.7336,1.0398,0.0426,8.674,0.2026
1	Round_1_Replicate_15	-6891.51	13805.02	3522.53	800.85	6.7992,0.5319,5.3571,1.6158,0.6675,0.4086,8.904,0.5219,0.4484,0.2567,0.3159
1	Round_2_Replicate_1	-6901.83	13825.66	3502.05	332.5	0.8963,0.8341,0.0617,4.4164,1.8428,0.2992,0.4795,0.0313,2.8735,3.9762,0.3055
1	Round_3_Replicate_1	-6646.85	13315.7	2424.43	848.43	0.0886,0.4399,0.001,1.6431,10.3728,2.2598,0.9102,0.2652,0.2112,1.4801,0.6757
1	Round_2_Replicate_5	-6727.87	13477.74	2736.8	219.03	0.0241,1.6953,0.7253,6.0169,0.1839,0.0636,2.4841,0.928,0.0747,8.1591,0.3113
1	Round_2_Replicate_4	-6706.6	13435.2	2902.04	582.97	1.7065,0.6624,1.7542,2.3793,0.8534,0.2265,19.8968,7.551,0.8579,0.9796,0.1508
1	Round_2_Replicate_1	-6704.45	13430.9	2823.82	637.85	2.1497,0.6247,0.0122,2.2764,0.8059,0.2216,16.3489,3.474,0.0866,1.7054,0.1937
1	Round_2_Replicate_2	-6823.79	13669.58	2800.48	417.47	0.5841,0.828,0.0533,3.3671,2.2426,2.1759,0.3679,0.0902,1.4069,4.2556,0.4181
1	Round_2_Replicate_5	-6809.32	13640.64	2722.11	818.82	2.1141,0.4323,2.99,1.3848,1.273,0.4108,6.1331,6.7758,1.2723,0.4045,0.3347
1	Round_2_Replicate_6	-6713.74	13449.48	2579.08	574.61	0.0902,0.5936,7.7283,2.3381,0.6275,0.1371,6.4845,2.0914,0.0956,2.4008,0.3654
1	Round_1_Replicate_9	-7003.17	14028.34	3872.82	354.79	11.3796,0.8424,1.2094,5.5277,0.6361,0.198,0.6105,18.8181,3.6603,1.2725,0.2333
1	Round_2_Replicate_7	-7433.54	14889.08	6963.72	893.58	0.0498,0.3956,1.8429,1.4881,0.0428,0.06,5.8618,0.9844,0.034,1.0243,0.651
1	Round_2_Replicate_6	-6708.31	13438.62	2603.42	542.67	1.063,0.6642,3.4379,2.4226,0.6372,0.194,13.6514,3.215,0.8822,1.6696,0.2202
1	Round_2_Replicate_3	-6771.33	13564.66	2793.54	219.46	0.0978,1.7381,0.0717,6.1135,1.0324,0.928,0.1515,0.0365,0.8772,9.1205,0.4193
1	Round_1_Replicate_10	-17988.78	35999.56	144923.44	204.96	0.2513,0.067,15.1427,14.0546,0.1312,0.6125,0.5725,0.0929,3.1576,0.118,0.99
1	Round_2_Replicate_4	-6880.24	13782.48	3378.64	432.07	0.3404,0.8982,0.1426,3.3366,1.846,1.6382,0.3322,0.0912,1.0393,2.857,0.314
1	Round_2_Replicate_8	-6788.77	13599.54	3563.12	352.82	0.1448,0.8752,4.2342,4.0086,0.5665,0.164,17.1801,2.6164,0.0655,4.5822,0.1959
1	Round_2_Replicate_5	-7029.59	14081.18	4485.03	404.59	0.1917,0.9787,0.0628,3.8047,0.7243,0.426,0.4109,0.0758,0.4266,2.5288,0.2416
1	Round_2_Replicate_2	-8973.77	17969.54	11255.41	427.49	1.2331,0.2435,0.0999,7.1187,0.8603,0.1539,19.8,4.1517,0.6315,1.0008,0.2938
1	Round_2_Replicate_9	-6856.05	13734.1	3133.19	390.35	0.033,1.1216,4.8963,2.9227,0.5113,0.174,3.3195,1.0131,0.2734,4.8474,0.3177
1	Round_2_Replicate_6	-6998.81	14019.62	3317.83	198.75	0.1433,2.7225,0.1399,5.6876,4.271,0.8556,0.2258,0.0428,1.6534,8.0356,0.7224
1	Round_2_Replicate_3	-6798.52	13619.04	2939.39	633.22	1.3331,0.3964,0.0697,2.3977,0.7843,0.1178,6.3516,1.2285,0.4091,2.2712,0.493
1	Round_3_Replicate_2	-6636.41	13294.82	2355.54	522.15	11.3883,0.7112,0.0284,2.632,8.9946,2.0307,0.5913,0.1951,1.3605,1.8863,0.74
1	Round_2_Replicate_7	-6831.12	13684.24	3304.23	788.48	2.2181,0.3154,3.1771,1.7096,2.6991,0.5347,19.9383,9.5721,1.0003,0.0924,0.12
1	Round_2_Replicate_7	-6858.39	13738.78	3458.94	216.41	0.1994,2.1072,0.1932,5.8392,0.7647,1.1659,0.1765,0.1181,0.3883,10.0497,0.4722
1	Round_1_Replicate_10	-8700.73	17423.46	8278.4	1553.48	0.4092,0.312,19.8402,0.374,1.9354,0.285,1.0112,1.8674,0.3996,0.1526,0.2323
1	Round_2_Replicate_10	-7003.16	14028.32	3469.12	313.17	0.0562,1.5826,7.725,3.2256,0.4115,0.1807,9.2014,2.8815,0.298,7.5002,0.1634
1	Round_2_Replicate_4	-6739.02	13500.04	2725.52	562.32	3.6803,0.7878,0.1866,2.2186,0.628,0.2114,17.6973,5.7924,0.1254,2.2164,0.204
1	Round_2_Replicate_8	-6636.35	13294.7	2375.89	572.39	0.8308,0.6131,3.2702,2.1855,0.6918,0.2421,4.5737,0.8991,1.978,0.2481,0.4842
1	Round_2_Replicate_5	-6833.11	13688.22	2956.68	947.03	10.2397,0.4227,0.1171,1.4017,0.8921,0.2193,2.5421,1.3479,0.4759,0.6325,0.6726
1	Round_1_Replicate_11	-7579.05	15180.1	6679.85	1466.32	0.3591,0.2842,3.1346,0.7038,0.1737,3.8056,3.9052,0.1423,0.1845,0.5659,0.7598
1	Round_2_Replicate_8	-6826.74	13675.48	2968.39	224.17	0.2543,2.0303,0.0196,6.5371,5.4392,4.95,0.1622,0.0992,4.0536,3.2946,0.7193
1	Round_1_Replicate_9	-7255.1	14532.2	5365.38	509.52	3.3883,0.8676,0.1011,2.0645,11.3057,9.0995,0.3321,0.6765,0.9365,16.7145,0.8074
1	Round_2_Replicate_9	-6779.95	13581.9	3115.42	919.49	3.0004,0.3867,1.0047,1.3766,1.9801,0.7176,19.4779,7.8038,0.7598,0.1638,0.1341
1	Round_2_Replicate_9	-6732.77	13487.54	2687.7	183.41	0.4753,2.0858,0.0381,6.9247,5.2403,3.4916,0.253,0.0623,1.6313,10.6331,0.8224
1	Round_1_Replicate_10	-8100.7	16223.4	8439.0	1113.93	0.6517,0.2865,0.3645,1.3887,0.5931,3.9978,2.2587,0.3944,0.6342,0.3256,0.135
1	Round_2_Replicate_10	-6641.38	13304.76	2375.4	613.47	2.5695,0.6086,1.0299,2.4506,0.7873,0.3499,4.689,2.3442,1.3317,0.2328,0.395
1	Round_1_Replicate_14	-8496.3	17014.6	31460.31	513.12	0.2659,0.1627,6.2312,3.9356,6.3478,4.1509,4.1171,0.3849,0.8181,7.2225,0.5409
1	Round_1_Replicate_11	-6812.26	13646.52	2844.58	928.35	12.7255,0.4144,1.1332,1.2013,0.6206,0.955,5.9399,2.3192,0.7574,0.1901,0.3799
1	Round_1_Replicate_15	-6958.15	13938.3	3504.77	563.07	16.6174,0.8705,0.613,2.7344,1.1126,2.959,0.225,0.3942,1.0252,0.2495,0.3898
1	Round_1_Replicate_8	-8252.47	16526.94	145026.76	451.95	5.6368,0.4955,1.484,2.6207,3.3607,2.7038,2.6514,0.5746,8.172,4.9259,0.9943
1	Round_2_Replicate_6	-12354.46	24730.92	37657.58	400.49	16.3081,0.2359,0.0169,7.6409,0.2765,0.0826,19.8,9.7288,0.4555,1.3448,0.0875
1	Round_1_Replicate_12	-7003.82	14029.64	3071.63	761.66	4.0562,0.5664,7.5524,1.8104,1.2141,5.0458,0.5994,0.1681,1.7641,10.7317,0.3264
1	Round_1_Replicate_12	-12889.32	25800.64	25641.87	2395.29	0.3461,0.1177,1.2029,0.2183,1.4532,0.1188,2.4762,0.068,0.7873,0.0805,0.99
1	Round_2_Replicate_1	-6850.52	13723.04	2727.18	914.54	0.0309,0.3952,2.507,1.2425,5.4787,0.4931,0.5429,0.389,1.0391,0.2105,0.3381
1	Round_2_Replicate_7	-6828.19	13678.38	2999.83	657.58	13.629,0.4256,0.048,2.3042,0.6146,0.2078,10.9277,3.2502,0.153,1.9187,0.3382
1	Round_1_Replicate_11	-7765.68	15553.36	19380.08	800.46	0.4365,0.5269,0.5185,1.5947,0.2208,1.2385,1.7624,2.6828,4.6259,15.5736,0.7251
1	Round_2_Replicate_2	-7065.73	14153.46	3927.22	1069.3	0.0728,0.2118,4.7663,1.1619,10.5941,0.6995,0.357,0.3366,0.4699,0.0649,0.1902
1	Round_1_Replicate_9	-6923.3	13868.6	4565.29	646.3	2.0241,0.6827,1.5228,2.3141,0.1083,15.4843,1.2613,0.435,1.1227,0.2699,0.8654
1	Round_1_Replicate_13	-6961.49	13944.98	5490.64	232.72	2.5451,0.9967,0.1399,6.9366,19.8529,0.1117,0.6532,0.0588,1.4546,6.6663,0.8869
1	Round_3_Replicate_3	-6657.0	13336.0	2445.4	786.07	0.0267,0.4942,0.0011,1.7043,7.2067,2.8405,0.7777,0.2255,0.1523,1.7812,0.6414
1	Round_2_Replicate_10	-11833.21	23688.42	71414223.99	217.37	1.1801,5.833,0.1794,2.1539,1.7605,0.7973,0.617,0.4098,0.3518,7.6265,0.99
1	Round_1_Replicate_13	-7350.13	14722.26	8637.41	437.42	7.2149,1.5676,2.6111,2.5423,0.358,12.9492,0.2918,0.5151,0.3688,7.9488,0.5818
1	Round_2_Replicate_8	-6938.86	13899.72	3178.76	850.72	12.4081,0.4518,0.032,1.9681,0.8509,0.4097,4.9566,15.0667,0.3962,0.9981,0.272
1	Round_2_Replicate_3	-6737.1	13496.2	2942.82	700.93	0.2469,0.4289,4.2371,1.9701,8.6572,0.3402,0.7103,0.5985,1.1105,0.15,0.5167
1	Round_1_Replicate_12	-7409.99	14841.98	45570.27	406.58	2.539,1.1844,1.532,4.0129,3.6914,5.7935,0.5864,0.3378,0.1636,1.6244,0.9579
1	Round_1_Replicate_14	-6773.28	13568.56	3104.2	430.36	5.4295,0.7876,10.3582,3.2343,2.496,0.5192,0.4143,0.1184,0.1298,3.2951,0.4408
1	Round_1_Replicate_14	-6903.72	13829.44	3129.21	231.17	0.6044,1.3442,1.4019,5.3394,12.7615,1.4208,0.3839,0.13,4.2746,8.3847,0.7689
1	Round_2_Replicate_9	-6695.1	13412.2	2573.41	589.93	3.2266,0.6593,0.0599,2.198,0.6217,0.1825,5.6578,1.4554,0.3979,2.4415,0.4018
1	Round_2_Replicate_4	-6742.64	13507.28	2489.89	614.15	0.0469,0.3572,1.3605,2.5163,8.2569,0.327,1.0603,0.3701,2.1387,0.2492,0.4893
1	Round_1_Replicate_15	-6855.16	13732.32	3033.83	837.6	2.2306,0.4452,0.1066,1.6682,3.319,8.081,1.1698,0.3423,0.7758,1.6662,0.6832
1	Round_2_Replicate_10	-7009.01	14040.02	3625.71	690.97	3.8636,0.8678,0.0489,1.7154,0.6251,0.4508,9.9354,3.3284,0.5723,0.9692,0.3534
1	Round_1_Replicate_13	-7134.72	14291.44	80730.85	681.87	3.3624,0.8424,8.0332,1.1611,2.4221,0.3462,0.6583,4.0107,1.3882,0.1474,0.6994
1	Round_2_Replicate_5	-6678.96	13379.92	2350.02	774.07	0.165,0.4819,2.0725,1.6426,7.133,0.5977,0.8888,0.5326,1.1851,0.1774,0.5534
1	Round_2_Replicate_1	-6800.77	13623.54	3020.11	481.17	1.9175,0.9393,19.7346,2.5734,1.7343,0.6809,0.2412,0.0657,0.0403,2.7988,0.3339
1	Round_1_Replicate_15	-7573.45	15168.9	4856.51	2058.17	0.3242,0.2352,0.5646,0.4364,5.6079,2.3609,2.6734,0.281,0.0653,4.4488,0.34
1	Round_2_Replicate_6	-6894.03	13810.06	3090.75	933.05	0.0687,0.3122,1.9151,1.4463,6.7041,0.615,1.0651,0.3799,0.4446,0.7803,0.4458
1	Round_1_Replicate_10	-9080.94	18183.88	3508491.91	790.06	0.7856,0.7327,1.0129,1.9768,3.8259,19.905,0.1872,2.2253,4.7025,6.7933,0.7406
1	Round_1_Replicate_14	-6901.29	13824.58	7445.79	606.31	7.9226,0.5279,7.8008,1.8758,2.0673,0.8426,4.377,14.0124,1.4967,0.0948,0.1241
1	Round_2_Replicate_2	-6893.14	13808.28	4203.67	285.08	17.8358,1.6264,19.7777,4.7458,0.726,0.5542,0.3233,0.0704,0.1069,4.5059,0.4291
1	Round_2_Replicate_7	-6736.42	13494.84	2563.48	747.72	0.2013,0.4525,3.5966,1.6469,9.4318,0.4342,1.2619,0.452,1.2466,0.1401,0.5244
1	Round_2_Replicate_1	-6648.68	13319.36	2348.54	674.36	0.9815,0.5585,1.4215,1.9181,0.8672,0.3953,5.2012,2.1756,1.5584,0.221,0.4152
1	Round_1_Replicate_15	-6700.17	13422.34	2644.41	407.23	2.9266,0.8633,1.4613,3.3305,3.9387,1.2069,0.4209,0.0948,0.2454,3.5875,0.6103
1	Round_2_Replicate_3	-6835.05	13692.1	3451.35	613.23	2.6175,0.7259,4.4903,2.1643,2.4497,1.2423,0.6811,0.1721,0.0406,1.5934,0.4802
1	Round_2_Replicate_8	-6791.34	13604.68	2874.75	764.56	0.0849,0.4649,2.2466,1.9586,5.203,0.2018,0.9634,0.4312,0.7309,0.2154,0.4454
1	Round_2_Replicate_2	-6739.78	13501.56	2725.18	530.97	0.4862,0.86,1.6791,2.4216,0.8149,0.2339,8.6093,1.2394,1.8072,0.484,0.1899
1	Round_2_Replicate_1	-6887.5	13797.0	3316.08	970.37	4.7766,0.4161,0.0404,1.4877,3.614,0.4606,0.2689,0.3762,0.3579,0.8405,0.177
1	Round_3_Replicate_4	-6637.04	13296.08	2359.44	581.21	16.8217,0.6143,0.1061,2.3752,9.8253,2.0223,0.6842,0.2168,1.1479,1.6601,0.732
1	Round_3_Replicate_1	-6633.03	13288.06	2336.35	501.04	18.9227,0.7048,0.1312,2.7648,7.7103,1.4731,0.5672,0.1981,1.6236,1.7939,0.7141
1	Round_2_Replicate_4	-6742.15	13506.3	2980.75	280.49	3.4494,1.3587,3.1692,4.7671,1.3815,0.4838,0.2721,0.0666,0.3897,5.4429,0.4634
1	Round_3_Replicate_1	-6645.55	13313.1	2384.69	516.06	0.2381,0.7366,0.0011,2.6516,0.5107,0.1527,5.6892,1.4838,1.1006,2.282,0.3384
1	Round_2_Replicate_2	-6959.26	13940.52	4178.1	769.07	1.7167,0.6582,0.3773,1.7128,2.0021,2.5584,0.6844,0.4053,0.0474,0.9358,0.4702
1	Round_2_Replicate_3	-6765.75	13553.5	2807.64	795.32	0.3573,0.4722,0.3906,1.6241,1.0696,0.3313,14.1207,2.9266,0.3824,1.2473,0.3065
1	Round_3_Replicate_1	-6576.26	13174.52	2255.95	562.42	6.5156,0.5963,3.1079,2.3035,0.7642,0.4018,5.7164,2.5366,1.695,0.1431,0.4038
1	Round_2_Replicate_5	-6699.27	13420.54	2651.74	239.65	2.2343,1.6534,19.7943,5.3864,3.6435,1.0981,0.2811,0.0675,0.0749,7.1642,0.7323
1	Round_2_Replicate_3	-6714.95	13451.9	2741.21	401.69	2.2348,0.9062,0.3613,3.5243,5.1283,0.5786,0.4258,0.091,0.2669,3.2543,0.6545
1	Round_2_Replicate_4	-6811.27	13644.54	6977.2	753.27	0.9856,0.47,1.1139,1.7511,1.1374,1.1146,5.5724,0.3135,1.3563,0.2655,0.3862
1	Round_2_Replicate_9	-7496.99	15015.98	443892.89	923.13	0.211,0.7284,1.2365,1.1994,19.8172,0.1014,1.0884,2.2236,0.4657,0.1835,0.949
1	Round_1_Replicate_11	-7213.95	14449.9	3501.72	3715.18	0.4631,0.0695,0.657,0.3382,2.4379,1.6101,19.4351,0.2002,0.1252,14.4923,0.7719
1	Round_2_Replicate_5	-6747.59	13517.18	2663.85	794.87	0.1495,0.3538,1.3349,1.9252,1.5236,0.502,8.4393,0.4884,0.9876,0.2251,0.2988
1	Round_2_Replicate_4	-6718.43	13458.86	2772.52	533.05	9.5586,0.6502,0.1757,2.6083,6.6122,1.6384,0.5274,0.1922,0.1668,2.4397,0.6725
1	Round_2_Replicate_10	-6980.66	13983.32	3298.84	1312.03	0.2267,0.2303,5.4815,0.7578,0.7839,0.3991,7.4549,2.4843,0.2352,0.0685,0.7087
1	Round_2_Replicate_6	-6723.6	13469.2	2725.22	210.84	2.6535,1.6151,15.9613,6.4958,3.8072,0.2491,0.2635,0.0602,0.1582,8.716,0.7114
1	Round_2_Replicate_6	-6694.46	13410.92	2352.45	670.86	0.7244,0.4378,1.4611,2.0955,1.3838,0.3257,16.5763,0.3683,1.7927,0.2534,0.2491
1	Round_2_Replicate_5	-6775.83	13573.66	2659.48	790.08	3.994,0.478,0.2416,1.6607,4.2972,1.0459,0.6,0.09,0.2533,1.2876,0.4749
1	Round_1_Replicate_12	-6955.14	13932.28	3507.32	775.14	7.7845,0.424,0.8016,1.9189,1.2609,1.5561,1.3748,0.1188,0.8911,0.2191,0.1409
1	Round_3_Replicate_1	-6622.47	13266.94	2332.72	447.51	16.6608,0.8334,0.3025,3.0631,0.5128,0.1907,7.3552,2.2017,1.9409,1.6068,0.2521
1	Round_1_Replicate_13	-7185.44	14392.88	7232.69	546.22	0.4465,0.5828,0.1432,2.9782,0.4842,0.8647,1.4198,0.1477,0.8392,1.6334,0.6461
1	Round_2_Replicate_7	-6654.31	13330.62	2358.07	401.92	0.4074,0.9222,2.8386,3.4034,0.5559,0.1882,5.5768,0.4023,3.0533,0.4603,0.2775
1	Round_2_Replicate_6	-6816.24	13654.48	3231.64	707.88	6.0524,0.4959,0.2751,1.8791,1.2074,0.2788,16.9653,0.7236,0.0502,1.8333,0.1353
1	Round_3_Replicate_5	-6641.95	13305.9	2378.61	745.94	0.6749,0.4942,0.0059,1.8753,10.8563,2.1319,0.8166,0.2533,0.5602,1.4834,0.7025
1	Round_3_Replicate_2	-6623.42	13268.84	2336.38	424.64	16.0495,0.8795,0.1605,3.3012,6.0103,1.4313,0.4481,0.1734,2.0125,1.7857,0.7078
1	Round_2_Replicate_8	-6840.63	13703.26	3231.52	572.43	0.2594,0.603,3.7874,2.4948,0.7741,0.1588,2.7003,1.1875,0.2601,1.7872,0.2939
1	Round_2_Replicate_7	-6752.82	13527.64	2710.9	1024.56	6.7671,0.3701,0.0362,1.3539,4.8077,0.6613,0.9846,0.4057,0.3497,0.9391,0.4142
1	Round_2_Replicate_7	-6881.37	13784.74	3444.18	616.9	19.906,0.7538,13.6625,1.9815,1.8038,0.6207,0.1682,0.1473,0.433,1.2992,0.2452
1	Round_2_Replicate_9	-6804.99	13631.98	3051.54	624.02	0.6563,0.5275,2.42,2.2597,1.0776,0.1738,6.3609,2.0095,1.3863,0.3104,0.4999
1	Round_2_Replicate_8	-6685.85	13393.7	2488.97	626.34	1.146,0.6046,0.073,2.242,6.118,0.7744,0.6109,0.1378,0.4748,1.8333,0.645
1	Round_3_Replicate_2	-6626.72	13275.44	2306.48	515.04	9.5393,0.6947,0.2432,2.6935,0.5793,0.2128,8.2652,1.5722,1.7191,1.4178,0.2854
1	Round_2_Replicate_10	-6780.76	13583.52	2634.11	711.74	0.1763,0.4281,1.0698,2.2256,0.9621,0.3134,10.0513,1.2864,1.0825,0.3072,0.2206
1	Round_1_Replicate_14	-27202.02	54426.04	227196.5	429.46	0.3517,6.9432,3.1693,0.0753,1.5714,0.1226,0.1838,0.5442,0.302,0.6049,0.99
1	Round_2_Replicate_9	-6835.27	13692.54	3167.14	606.4	1.959,0.7638,0.4864,2.0341,1.5138,1.5878,0.3784,0.1578,0.1617,2.1686,0.2925
1	Round_3_Replicate_2	-6632.19	13286.38	2323.8	547.83	18.5214,0.6565,0.0737,2.5479,0.5857,0.2126,8.1432,1.6412,1.4166,1.5827,0.2983
1	Round_3_Replicate_1	-6622.86	13267.72	2443.1	356.23	18.0007,0.9178,3.3874,3.8505,2.1111,0.6724,0.3395,0.1334,3.2667,0.3974,0.3903
1	Round_1_Replicate_15	-6979.87	13981.74	3150.55	586.22	18.7039,0.5315,10.5981,1.6341,2.8101,0.827,0.5633,0.1039,2.5097,0.3332,0.4456
1	Round_2_Replicate_10	-6739.73	13501.46	2724.87	650.03	3.6367,0.6337,0.0981,1.9971,4.94,1.4062,0.771,0.1565,0.0947,1.8299,0.6527
1	Round_3_Replicate_2	-6576.26	13174.52	2255.73	562.37	6.5093,0.5966,3.1031,2.3038,0.7636,0.4017,5.7048,2.537,1.6954,0.1433,0.4037
1	Round_3_Replicate_6	-6653.91	13329.82	2408.31	822.39	0.1155,0.4466,0.001,1.6498,9.5588,2.5177,0.8648,0.2253,0.1806,1.7153,0.6702
1	Round_2_Replicate_1	-7505.9	15033.8	4948.82	867.94	10.5011,0.2365,9.7563,1.4072,3.0494,0.2833,3.9066,0.2936,17.6514,5.2313,0.2278
1	Round_3_Replicate_3	-6628.53	13279.06	2327.27	522.17	19.2947,0.7092,0.139,2.6318,0.5621,0.2104,7.3182,1.6862,1.5174,1.571,0.2953
1	Round_2_Replicate_2	-6696.5	13415.0	2545.12	458.37	6.5403,0.7963,3.4558,2.8629,0.5092,0.1141,5.098,1.7867,0.4597,2.9323,0.3232
1	Round_2_Replicate_8	-6932.71	13887.42	9156.36	302.27	2.2603,1.4113,11.1169,4.4418,19.6217,2.0816,0.5781,0.1548,0.3229,4.3201,0.9245
1	Round_3_Replicate_1	-6690.82	13403.64	2612.35	475.17	12.3264,0.825,0.0692,2.8815,2.2507,0.6847,0.3402,0.144,1.362,2.0198,0.4108
1	Round_2_Replicate_3	-6797.35	13616.7	3268.44	438.35	3.2246,0.9008,16.2825,3.3519,0.4978,0.1333,10.4889,0.4292,0.4597,1.9758,0.224
1	Round_2_Replicate_9	-7595.73	15213.46	8342.5	367.55	1.9633,1.0872,4.0428,3.4637,8.9118,0.2485,0.3621,0.3277,0.2825,6.286,0.448
1	Round_2_Replicate_4	-6752.95	13527.9	3143.4	407.8	2.0323,0.7981,19.2236,3.5706,0.5384,0.1288,6.6708,0.6685,0.7942,2.4487,0.2789
1	Round_2_Replicate_5	-6745.45	13512.9	2871.08	509.86	1.5889,0.7201,18.0841,2.6763,0.6791,0.1321,13.7789,0.8006,0.9459,1.4161,0.2427
1	Round_3_Replicate_2	-6603.16	13228.32	2265.75	215.64	0.0404,1.5222,4.8413,6.6121,2.0261,0.2125,0.2841,0.093,6.7578,0.9279,0.5793
1	Round_3_Replicate_1	-6576.26	13174.52	2255.88	562.05	6.5139,0.5966,3.1061,2.3057,0.7638,0.4015,5.7119,2.5341,1.6969,0.1432,0.4038
1	Round_2_Replicate_10	-6808.3	13638.6	3045.59	487.04	1.4125,0.5754,5.7927,3.1635,0.7142,0.052,6.2698,0.3642,0.2194,2.4118,0.3806
1	Round_3_Replicate_3	-6630.74	13283.48	2370.22	239.64	14.6374,1.5207,0.3881,5.7007,3.1185,0.8561,0.2704,0.0819,4.0104,3.8392,0.7023
1	Round_2_Replicate_6	-6805.35	13632.7	3181.51	323.62	7.461,1.1713,8.8092,4.4338,0.392,0.1179,2.3064,3.427,0.2973,4.8382,0.2442
1	Round_2_Replicate_7	-7002.31	14026.62	4109.79	491.24	18.1661,0.42,9.83,3.1012,1.2702,0.1369,9.2026,1.641,0.6847,2.6828,0.3234
1	Round_3_Replicate_2	-6625.88	13273.76	2309.82	470.83	11.3166,0.7911,0.3397,2.8654,6.2894,1.7542,0.5099,0.1949,1.9229,1.5161,0.7156
1	Round_3_Replicate_4	-6634.03	13290.06	2353.44	563.99	15.6812,0.6509,0.0472,2.4606,0.6196,0.2116,8.1527,2.1474,1.1814,1.6682,0.2856
1	Round_3_Replicate_3	-6576.26	13174.52	2256.02	560.45	6.5656,0.598,3.1107,2.3128,0.7619,0.4004,5.6919,2.5311,1.7052,0.1433,0.4045
1	Round_2_Replicate_8	-7427.19	14876.38	5537.32	2691.63	1.3586,0.1212,19.3236,0.4295,6.9342,0.0035,7.5527,1.3657,0.6122,12.9932,0.4938
1	Round_3_Replicate_7	-6637.96	13297.92	2357.82	644.81	19.0452,0.5743,0.0318,2.1325,7.7354,1.9772,0.6829,0.2421,0.901,1.5369,0.6883
1	Round_3_Replicate_4	-6628.74	13279.48	2326.02	379.87	17.6096,0.9334,0.3327,3.6236,4.9011,0.8679,0.4217,0.1442,2.588,2.1332,0.6779
1	Round_3_Replicate_3	-6814.85	13651.7	3009.83	763.29	14.3295,0.4976,0.0328,1.7785,3.3298,0.8931,0.2236,0.2142,0.4416,1.4559,0.348
1	Round_2_Replicate_9	-6880.23	13782.46	4083.83	292.17	10.3053,0.9351,6.111,5.2614,0.4296,0.1271,16.6163,0.9442,1.3683,3.8187,0.1898
1	Round_3_Replicate_2	-6576.26	13174.52	2255.94	562.46	6.5219,0.5963,3.1068,2.3031,0.7645,0.402,5.7151,2.5416,1.6948,0.143,0.4037
1	Round_2_Replicate_10	-6647.73	13317.46	2448.24	421.39	2.6431,0.7618,1.5981,3.3002,0.5471,0.2478,9.137,1.1513,2.7727,1.0438,0.2753
1	Round_3_Replicate_1	-6636.53	13295.06	2363.17	654.88	18.5145,0.567,0.0363,2.1193,8.9423,1.9085,0.6918,0.2359,0.7946,1.5429,0.6931
1	Round_3_Replicate_5	-6635.0	13292.0	2353.12	556.92	15.7032,0.6647,0.0523,2.4616,0.6011,0.2056,7.6996,1.8985,1.1703,1.7799,0.2925
1	Round_3_Replicate_8	-6635.44	13292.88	2382.87	479.12	2.3132,0.7636,0.0557,2.9194,6.8514,1.6945,0.5273,0.1596,1.3702,2.1164,0.7019
1	Round_3_Replicate_3	-6576.27	13174.54	2255.99	561.91	6.5157,0.5969,3.1042,2.3063,5.6861,2.5258,0.7613,0.4,1.6978,0.1434,0.5946
1	Round_3_Replicate_5	-6622.79	13267.58	2320.32	313.6	12.1882,1.2035,0.3957,4.3309,4.4763,1.1012,0.3295,0.1168,3.0947,2.5049,0.7096
1	Round_3_Replicate_4	-6629.56	13281.12	2341.37	448.88	8.1098,0.8355,0.1798,3.0565,4.5404,1.3665,0.4634,0.1659,1.8839,1.793,0.6676
1	Round_3_Replicate_3	-6661.99	13345.98	2472.82	280.86	0.1738,1.3343,0.0013,4.7541,0.3011,0.0738,2.8807,0.9662,1.8411,5.2531,0.3291
1	Round_3_Replicate_4	-6576.26	13174.52	2255.86	562.45	6.5081,0.5963,3.1067,2.3035,0.7642,0.4021,5.7168,2.5386,1.6949,0.143,0.4037
1	Round_3_Replicate_6	-6641.13	13304.26	2338.33	469.77	15.7751,0.7903,0.2484,2.8332,0.5511,0.2084,9.8359,3.0376,1.9963,1.6222,0.2042
1	Round_3_Replicate_3	-6586.41	13194.82	2265.35	334.97	19.3161,0.9907,2.4975,4.1112,0.474,0.1757,6.2792,1.2925,3.5997,0.8233,0.2528
1	Round_3_Replicate_1	-6587.99	13197.98	2267.19	236.79	19.7767,1.3676,2.7889,5.9682,0.3386,0.1168,5.0403,0.8842,5.5041,1.3818,0.2396
1	Round_3_Replicate_4	-6634.79	13291.58	2377.12	578.84	13.6809,0.6385,0.035,2.4229,0.6186,0.2102,7.543,1.6002,1.0229,1.6948,0.3151
1	Round_3_Replicate_9	-6760.91	13543.82	2836.86	915.36	0.0479,0.4034,0.001,1.5367,3.6326,0.7086,0.5698,0.2216,0.3515,1.2971,0.2548
1	Round_3_Replicate_5	-6734.24	13490.48	2761.81	410.92	14.2662,0.8552,2.7731,3.1347,1.5183,0.3712,0.3194,0.1412,2.7276,1.0144,0.2608
1	Round_3_Replicate_2	-6638.38	13298.76	2355.72	658.11	11.3323,0.5614,0.0498,2.0894,8.5679,2.019,0.6985,0.2245,0.816,1.5495,0.6877
1	Round_3_Replicate_5	-6576.26	13174.52	2256.0	561.75	6.5185,0.5974,3.1114,2.306,0.7633,0.4011,5.7075,2.5397,1.6976,0.1431,0.4036
1	Round_3_Replicate_7	-6755.07	13532.14	3066.82	473.54	1.7643,1.0472,0.0491,2.8097,0.5044,0.2619,18.1927,1.6048,0.9741,1.9797,0.2236
1	Round_3_Replicate_6	-6681.33	13384.66	2493.05	492.32	7.3513,0.7266,0.189,2.852,2.8981,0.4713,0.3798,0.1581,1.8091,1.6552,0.4474
1	Round_3_Replicate_6	-6618.62	13259.24	2300.72	280.91	17.0579,1.301,1.0166,4.7257,3.4844,0.987,0.3188,0.1154,4.1973,2.2499,0.6947
1	Round_3_Replicate_2	-6605.27	13232.54	2275.03	307.84	18.8893,1.1455,2.102,4.4894,0.3669,0.103,4.9197,1.2194,3.6283,1.2987,0.2862
1	Round_3_Replicate_5	-6645.47	13312.94	2393.92	866.24	19.1283,0.4219,0.0082,1.6005,0.9446,0.2841,12.0025,2.4218,0.2286,1.4237,0.3052
1	Round_3_Replicate_3	-6679.16	13380.32	2644.92	326.77	2.617,1.2143,0.0011,4.0648,2.8712,1.2167,0.3229,0.0844,0.0498,5.2298,0.6399
1	Round_3_Replicate_4	-6576.26	13174.52	2255.8	561.7	6.5601,0.5972,3.1044,2.3067,0.7631,0.4012,5.6942,2.5364,1.6987,0.1437,0.4033
1	Round_3_Replicate_7	-6607.3	13236.6	2291.52	346.46	16.4589,1.0615,0.7683,3.9639,4.4553,1.2098,0.3863,0.1483,3.0382,1.622,0.7108
1	Round_3_Replicate_3	-6586.14	13194.28	2262.11	301.77	19.2488,1.1056,2.5161,4.5716,0.4271,0.1569,5.4861,1.0803,4.1476,0.9614,0.2543
1	Round_3_Replicate_10	-6639.53	13301.06	2372.69	680.18	18.4681,0.5378,0.0374,2.0317,10.8988,2.1116,0.7647,0.2431,0.7178,1.5762,0.7158
1	Round_3_Replicate_7	-6633.84	13289.68	2349.87	546.47	11.6905,0.6744,0.0738,2.5209,6.9605,1.5275,0.5783,0.1996,1.2679,1.7458,0.6792
1	Round_3_Replicate_6	-6576.26	13174.52	2255.84	562.48	6.5077,0.5962,3.1063,2.3034,0.7644,0.4022,5.7187,2.5387,1.6948,0.143,0.4036
1	Round_3_Replicate_8	-6631.96	13285.92	2352.08	536.82	19.8877,0.7,0.0627,2.5812,0.5638,0.2222,6.922,1.5098,1.3366,1.6364,0.297
1	Round_3_Replicate_4	-6689.5	13401.0	2604.98	257.98	3.8585,1.47,15.7423,5.0905,2.7346,1.0761,0.2759,0.066,0.0513,6.7002,0.677
1	Round_3_Replicate_8	-6615.06	13252.12	2358.2	408.68	18.5878,0.8944,1.1857,3.3064,6.1531,1.9891,0.4848,0.1954,2.3462,1.3086,0.7485
1	Round_3_Replicate_4	-6606.59	13235.18	2315.98	261.74	19.9054,1.2366,2.6662,5.3985,0.4115,0.1337,11.035,1.915,4.8361,1.1787,0.1447
1	Round_4_Replicate_1	-6622.91	13267.82	2327.17	317.09	19.7489,1.1384,0.2111,4.4021,4.3284,1.0617,0.3499,0.133,3.3348,2.3112,0.6847
1	Round_3_Replicate_9	-6625.21	13272.42	2315.89	407.64	19.0915,0.9206,0.2227,3.3273,0.4285,0.16,5.3131,1.326,2.2715,1.937,0.3047
1	Round_3_Replicate_7	-6590.54	13203.08	2283.32	406.9	19.4828,0.8123,2.5753,3.3095,0.5956,0.2444,6.2286,1.4014,2.8316,0.5118,0.2601
1	Round_3_Replicate_5	-6576.26	13174.52	2255.91	562.05	6.523,0.5965,3.1094,2.3054,0.7638,0.4017,5.7237,2.5353,1.6967,0.1429,0.404
1	Round_3_Replicate_8	-6636.09	13294.18	2370.87	433.92	11.9905,0.8687,0.003,3.2072,5.5748,1.278,0.4591,0.1698,1.7799,2.262,0.6984
1	Round_3_Replicate_6	-6637.09	13296.18	2377.3	464.79	17.8976,0.8161,0.0014,2.989,0.4716,0.17,5.8782,1.4467,1.456,2.2222,0.3178
1	Round_3_Replicate_5	-6625.42	13272.84	2345.26	277.02	14.2239,1.3456,0.0817,5.0873,0.3048,0.111,4.1598,0.9962,3.5941,2.8783,0.272
1	Round_3_Replicate_9	-6631.09	13284.18	2334.15	512.29	19.933,0.7173,0.1345,2.6704,6.4591,1.5374,0.5605,0.1959,1.5508,1.6876,0.6981
1	Round_3_Replicate_10	-6629.48	13280.96	2334.13	472.38	16.7871,0.7754,0.1479,2.8995,0.5206,0.1892,6.1276,1.7468,1.786,1.7682,0.2923
1	Round_3_Replicate_8	-6607.06	13236.12	2294.76	343.36	16.5673,0.9931,2.2244,3.9614,0.4997,0.1513,10.0504,1.9964,3.3872,1.0795,0.1697
1	Round_3_Replicate_9	-6624.22	13270.44	2326.42	474.03	15.9338,0.7691,0.2,2.9404,7.0405,1.6627,0.5275,0.1863,1.7703,1.6148,0.7124
1	Round_3_Replicate_10	-6628.18	13278.36	2309.89	426.72	14.5655,0.8595,0.1879,3.1825,6.2548,1.6015,0.4822,0.1724,2.3128,1.7987,0.7165
1	Round_3_Replicate_6	-6588.15	13198.3	2280.58	350.0	19.8815,0.9735,2.3898,3.9133,0.4865,0.1955,7.3136,1.7163,3.3349,0.7531,0.2369
1	Round_3_Replicate_5	-6689.3	13400.6	2613.19	222.76	0.0289,1.6941,0.2252,5.9077,2.3709,0.9272,0.2386,0.0566,0.0041,7.9982,0.6773
1	Round_3_Replicate_7	-6639.78	13301.56	2385.47	706.13	5.1049,0.5325,0.0187,1.9644,0.7467,0.2445,9.4526,2.1693,0.5604,1.5384,0.3036
1	Round_3_Replicate_6	-6576.26	13174.52	2255.86	562.51	6.5051,0.5962,3.1062,2.3033,0.7644,0.4022,5.7187,2.5393,1.6946,0.143,0.4036
1	Round_4_Replicate_1	-6600.64	13223.28	2278.88	290.4	18.8058,1.2442,1.422,4.6779,0.3346,0.1267,3.3431,0.9981,4.0543,1.6252,0.2941
1	Round_4_Replicate_1	-6767.26	13556.52	2907.86	451.08	19.9778,0.7351,0.9565,3.0717,1.9816,0.7046,0.3403,0.1711,2.1267,1.3325,0.3143
1	Round_3_Replicate_7	-6624.45	13270.9	2352.74	444.06	18.9564,0.863,0.2155,3.1092,0.4595,0.1909,6.1625,1.759,1.8343,1.6681,0.2985
1	Round_3_Replicate_8	-6630.49	13282.98	2367.86	417.02	14.1766,0.9001,0.0447,3.3449,0.4444,0.1576,5.912,1.3192,1.8146,2.246,0.2913
1	Round_3_Replicate_10	-6631.71	13285.42	2370.43	329.17	13.7337,1.1255,0.0714,4.292,4.0458,1.1505,0.3553,0.1161,2.6004,2.6444,0.7167
1	Round_3_Replicate_6	-6689.54	13401.08	2613.73	277.63	2.6134,1.3688,8.019,4.7427,2.9605,1.1628,0.2972,0.0717,0.0509,6.0829,0.6789
1	Round_3_Replicate_9	-6576.26	13174.52	2256.26	562.08	6.4951,0.5967,3.1125,2.3053,0.764,0.4015,5.7211,2.5401,1.6959,0.1429,0.4036
1	Round_4_Replicate_1	-6640.77	13303.54	2420.52	268.68	19.9701,1.453,0.2468,5.0687,4.7124,1.3312,0.2661,0.1175,3.4448,3.0682,0.7007
1	Round_3_Replicate_7	-6576.26	13174.52	2255.9	562.26	6.5216,0.5965,3.1061,2.3044,0.7643,0.4022,5.7166,2.5396,1.6957,0.143,0.4035
1	Round_3_Replicate_9	-6633.58	13289.16	2344.09	559.11	12.0289,0.6437,0.1,2.4827,0.634,0.2267,9.5394,1.6898,1.3202,1.6186,0.2759
1	Round_3_Replicate_8	-6588.7	13199.4	2259.5	338.16	19.9395,1.0091,2.0167,4.1017,0.4775,0.1831,7.8073,1.2376,3.5325,0.8624,0.2238
1	Round_3_Replicate_10	-6576.26	13174.52	2255.91	562.46	6.511,0.5963,3.1063,2.3036,0.7643,0.4022,5.7184,2.5413,1.6946,0.1429,0.4036
1	Round_3_Replicate_10	-6631.55	13285.1	2352.37	421.92	7.2714,0.8754,0.0374,3.3092,0.4688,0.1559,6.0344,1.2987,1.9645,2.177,0.2876
1	Round_3_Replicate_7	-6689.4	13400.8	2614.85	257.78	1.8809,1.4737,7.7714,5.1045,2.7598,1.0861,0.2766,0.0665,0.0205,6.6902,0.68
1	Round_3_Replicate_8	-6576.26	13174.52	2255.87	562.51	6.5051,0.5962,3.1062,2.3033,0.7644,0.4022,5.7187,2.5393,1.6945,0.143,0.4036
1	Round_3_Replicate_9	-6591.89	13205.78	2342.4	398.77	19.9746,0.8595,2.9518,3.3924,0.4941,0.2299,3.3104,1.5287,2.7239,0.381,0.3805
1	Round_4_Replicate_1	-6858.29	13738.58	2767.91	747.8	19.8631,0.5152,0.3083,1.6632,0.9179,0.0963,6.0789,1.4151,1.1414,1.1121,0.3833
1	Round_3_Replicate_8	-6689.53	13401.06	2614.47	280.63	1.5948,1.3519,3.6718,4.6978,2.9813,1.1798,0.3003,0.0723,0.0263,6.028,0.6781
1	Round_3_Replicate_9	-6587.89	13197.78	2254.85	386.39	18.8099,0.8468,2.4285,3.5313,0.5594,0.2075,6.8091,1.3837,3.0442,0.6318,0.2587
1	Round_4_Replicate_1	-6576.26	13174.52	2255.85	562.5	6.5057,0.5962,3.1062,2.3034,0.7644,0.4022,5.7185,2.5391,1.6946,0.143,0.4036
1	Round_3_Replicate_10	-6576.26	13174.52	2255.99	562.35	6.5058,0.5963,3.1076,2.3041,0.764,0.4023,5.7176,2.538,1.6953,0.143,0.4036
1	Round_3_Replicate_9	-6689.55	13401.1	2612.85	281.74	3.7324,1.3491,11.0162,4.6733,3.0122,1.1908,0.302,0.073,0.0182,6.0117,0.6798
1	Round_3_Replicate_10	-6576.26	13174.52	2255.86	562.5	6.5078,0.5962,3.1062,2.3033,0.7644,0.4022,5.7181,2.54,1.6946,0.143,0.4036
1	Round_4_Replicate_1	-6576.26	13174.52	2255.85	562.52	6.5096,0.5962,3.1043,2.3033,0.7642,0.4022,5.719,2.5395,1.6945,0.143,0.4038
1	Round_3_Replicate_10	-6689.55	13401.1	2615.23	272.59	3.8504,1.3944,17.1805,4.8292,2.8488,1.128,0.2908,0.0702,0.0491,6.224,0.6757
1	Round_4_Replicate_1	-6576.26	13174.52	2255.87	562.51	6.5051,0.5962,3.1062,2.3033,0.7644,0.4022,5.7187,2.5393,1.6945,0.143,0.4036
1	Round_4_Replicate_1	-6633.75	13289.5	2348.25	387.45	17.6583,0.9632,0.0753,3.5416,3.8691,1.0224,0.3762,0.1401,2.3054,2.2813,0.634
