Model	Replicate	log-likelihood	AIC	chi-squared	theta	optimized_params
Model	Replicate	log-likelihood	AIC	chi-squared	theta	optimized_params
Model	Replicate	log-likelihood	AIC	chi-squared	theta	optimized_params
Model	Replicate	log-likelihood	AIC	chi-squared	theta	optimized_params
Model	Replicate	log-likelihood	AIC	chi-squared	theta	optimized_params
Model	Replicate	log-likelihood	AIC	chi-squared	theta	optimized_params
Model	Replicate	log-likelihood	AIC	chi-squared	theta	optimized_params
Model	Replicate	log-likelihood	AIC	chi-squared	theta	optimized_params
Model	Replicate	log-likelihood	AIC	chi-squared	theta	optimized_params
Model	Replicate	log-likelihood	AIC	chi-squared	theta	optimized_params
1	Round_1_Replicate_1	-9033.66	18073.32	34021.51	1502.48	0.2774,0.6149,0.0608
1	Round_1_Replicate_1	-9949.2	19904.4	35949.45	1767.38	0.1537,0.4509,0.0673
1	Round_1_Replicate_1	-13804.47	27614.94	189655.32	1957.46	0.2056,0.3365,0.1716
1	Round_1_Replicate_1	-9217.27	18440.54	23516.12	1487.02	0.3275,0.5741,0.0793
1	Round_1_Replicate_1	-10800.95	21607.9	62830.63	1487.99	0.1337,0.9305,0.0858
1	Round_1_Replicate_2	-9000.8	18007.6	39922.32	1502.72	0.2346,0.6872,0.0554
1	Round_1_Replicate_2	-9000.81	18007.62	40096.73	1495.91	0.2372,0.6978,0.0561
1	Round_1_Replicate_1	-11212.99	22431.98	67776.87	1739.51	0.0932,0.5877,0.0662
1	Round_1_Replicate_2	-9000.19	18006.38	36932.69	1502.67	0.2363,0.6846,0.0564
1	Round_1_Replicate_2	-9169.85	18345.7	24551.63	1513.93	0.2499,0.6464,0.074
1	Round_1_Replicate_3	-9000.93	18007.86	34562.54	1497.49	0.2428,0.6847,0.0582
1	Round_1_Replicate_2	-9018.78	18043.56	28433.9	1501.53	0.2596,0.6481,0.0626
1	Round_1_Replicate_2	-9052.29	18110.58	39146.68	1488.73	0.2942,0.6151,0.0614
1	Round_1_Replicate_3	-9097.02	18200.04	40545.66	1442.28	0.3408,0.6391,0.0679
1	Round_1_Replicate_3	-15583.63	31173.26	269158.67	2012.01	0.2821,0.2339,0.2001
1	Round_1_Replicate_4	-17696.78	35399.56	839105.04	1748.6	0.1341,0.6035,0.268
1	Round_1_Replicate_4	-9217.25	18440.5	311973.12	1440.3	0.3243,0.6717,0.0547
1	Round_1_Replicate_1	-59657.76	119321.52	-1.4584848903816669e+22	427.4	0.1102,3.8397,4.0531
1	Round_1_Replicate_4	-9000.19	18006.38	36487.43	1499.67	0.2383,0.6878,0.057
1	Round_1_Replicate_5	-9655.74	19317.48	25670.99	1318.47	0.5683,0.5796,0.1037
1	Round_1_Replicate_1	-23307.34	46620.68	1417164.07	1691.46	0.5883,0.1359,0.3168
1	Round_1_Replicate_2	-10048.58	20103.16	39942.82	1331.89	0.1584,1.3734,0.075
1	Round_1_Replicate_6	-9310.37	18626.74	117471.2	1212.23	0.5336,0.952,0.0933
1	Round_1_Replicate_5	-9026.17	18058.34	28686.2	1466.41	0.2814,0.685,0.0675
1	Round_1_Replicate_2	-9019.97	18045.94	57529.07	1506.7	0.2145,0.7149,0.05
1	Round_1_Replicate_3	-34205.1	68416.2	24138917.59	1514.06	0.7495,0.1088,0.5237
1	Round_1_Replicate_6	-10673.28	21352.56	46568.91	1430.46	0.4803,0.4729,0.141
1	Round_1_Replicate_3	-9006.92	18019.84	35556.82	1454.78	0.2524,0.7654,0.0621
1	Round_1_Replicate_4	-12384.46	24774.92	91333.23	1571.86	0.4391,0.3521,0.1692
1	Round_1_Replicate_7	-11383.69	22773.38	67216.96	2004.08	0.1196,0.3347,0.0755
1	Round_1_Replicate_7	-9134.66	18275.32	45217.16	1430.37	0.3615,0.6328,0.0688
1	Round_1_Replicate_5	-9134.03	18274.06	24013.54	1514.53	0.3032,0.5573,0.0693
1	Round_1_Replicate_8	-9000.29	18006.58	36862.63	1501.45	0.2396,0.6814,0.0568
1	Round_1_Replicate_8	-9016.68	18039.36	56226.65	1475.85	0.2313,0.7566,0.0539
1	Round_1_Replicate_3	-9398.73	18803.46	34459.54	1328.43	0.5167,0.6348,0.0885
1	Round_1_Replicate_1	-82124.45	164254.9	7.4570257376188985e+22	192.33	8.7016,0.1705,7.4562
1	Round_1_Replicate_9	-9004.33	18014.66	37405.91	1515.88	0.218,0.6891,0.0534
1	Round_1_Replicate_4	-9001.45	18008.9	36157.5	1495.24	0.2479,0.6801,0.0583
1	Round_1_Replicate_10	-9089.36	18184.72	34874.29	1375.39	0.2496,0.9883,0.0686
1	Round_1_Replicate_2	-10598.42	21202.84	55410.92	1441.85	0.1339,1.0495,0.0802
1	Round_1_Replicate_6	-70818.15	141642.3	77878877191345.27	323.95	2.124,0.7994,12.5611
1	Round_1_Replicate_11	-14015.14	28036.28	190040.82	1505.19	0.474,0.391,0.2555
1	Round_1_Replicate_3	-9037.53	18081.06	40420.81	1401.31	0.3226,0.7647,0.0711
1	Round_1_Replicate_7	-9127.91	18261.82	24680.72	1453.59	0.3291,0.634,0.0778
1	Round_1_Replicate_3	-13564.86	27135.72	109515.73	1295.45	0.7918,0.3433,0.2075
1	Round_1_Replicate_12	-9014.3	18034.6	32494.56	1518.86	0.2535,0.6213,0.0583
1	Round_1_Replicate_8	-13361.58	26729.16	127473.38	1648.48	0.4173,0.3094,0.184
1	Round_1_Replicate_4	-12719.4	25444.8	159307.09	1563.42	0.2618,0.5861,0.2065
1	Round_1_Replicate_5	-9162.65	18331.3	53920.07	1318.19	0.4312,0.7938,0.0827
1	Round_1_Replicate_9	-17085.1	34176.2	526325.84	544.83	2.4618,1.1224,0.9362
1	Round_1_Replicate_13	-9209.37	18424.74	47563.52	1384.63	0.4164,0.6516,0.0752
1	Round_1_Replicate_10	-9076.76	18159.52	26794.71	1492.83	0.2061,0.7674,0.0602
1	Round_1_Replicate_6	-20516.59	41039.18	764798.52	1667.86	0.5676,0.168,0.2961
1	Round_1_Replicate_11	-9001.18	18008.36	39036.18	1498.3	0.2322,0.7017,0.0557
1	Round_1_Replicate_7	-10810.48	21626.96	62227.35	1425.51	0.1345,1.0851,0.0855
1	Round_1_Replicate_12	-14736.95	29479.9	274736.59	2003.91	0.181,0.3519,0.191
1	Round_1_Replicate_4	-85258.25	170522.5	-2.7443949411923167e+23	347.62	1.5833,0.3218,15.3916
1	Round_1_Replicate_8	-73409.73	146825.46	-1.4324171174886551e+26	615.53	0.0806,1.225,7.6697
1	Round_1_Replicate_9	-11031.89	22069.78	42152.04	1786.04	0.303,0.2678,0.088
1	Round_1_Replicate_1	-9066.93	18139.86	40627.42	1459.29	0.3174,0.6396,0.0651
1	Round_1_Replicate_10	-9012.96	18031.92	55214.0	1474.41	0.256,0.7117,0.0566
1	Round_1_Replicate_11	-9010.95	18027.9	50939.06	1489.25	0.253,0.683,0.0559
1	Round_1_Replicate_12	-9006.45	18018.9	45204.44	1497.55	0.2253,0.7161,0.0536
1	Round_1_Replicate_13	-9035.35	18076.7	39811.24	1372.25	0.3075,0.8695,0.073
1	Round_1_Replicate_14	-61333.07	122672.14	-1.3290979409393254e+17	304.52	0.0293,12.6791,1.2969
1	Round_1_Replicate_14	-9217.69	18441.38	223772.9	1388.6	0.3718,0.7207,0.0629
1	Round_1_Replicate_15	-13071.67	26149.34	119963.63	2256.81	0.0863,0.2655,0.0778
1	Round_1_Replicate_13	-9404.91	18815.82	114805.64	1299.91	0.526,0.7065,0.0805
1	Round_1_Replicate_15	-12570.41	25146.82	137198.69	452.77	1.7649,3.9339,0.6938
1	Round_1_Replicate_14	-9703.49	19412.98	32091.62	1614.49	0.1306,0.6788,0.0573
1	Round_2_Replicate_1	-9009.49	18024.98	29313.72	1537.77	0.2259,0.6313,0.056
1	Round_1_Replicate_15	-9034.53	18075.06	31504.01	1509.3	0.2739,0.6075,0.0611
1	Round_1_Replicate_5	-62750.91	125507.82	-2.4492045607286807e+24	134.59	0.1053,14.7234,11.0698
1	Round_2_Replicate_1	-9000.18	18006.36	37149.16	1502.12	0.2369,0.6848,0.0564
1	Round_2_Replicate_2	-9000.46	18006.92	37130.57	1510.61	0.2321,0.6747,0.0554
1	Round_2_Replicate_1	-9000.56	18007.12	35282.46	1501.02	0.2406,0.6807,0.0575
1	Round_1_Replicate_6	-10917.47	21840.94	50212.61	1361.41	0.5629,0.4834,0.1558
1	Round_2_Replicate_2	-9000.19	18006.38	37345.79	1501.49	0.2367,0.6865,0.0564
1	Round_2_Replicate_3	-9000.18	18006.36	37055.48	1502.04	0.2367,0.6854,0.0565
1	Round_2_Replicate_2	-9005.78	18017.56	34760.32	1496.47	0.2255,0.7194,0.0565
1	Round_1_Replicate_7	-9019.55	18045.1	60784.05	1475.42	0.2327,0.7549,0.0535
1	Round_2_Replicate_3	-9000.19	18006.38	36950.83	1501.93	0.2378,0.6836,0.0566
1	Round_2_Replicate_4	-9004.23	18014.46	41583.34	1479.89	0.2359,0.7375,0.0567
1	Round_1_Replicate_8	-9330.92	18667.84	26421.81	1596.97	0.1913,0.6012,0.0666
1	Round_2_Replicate_3	-9018.59	18043.18	63535.74	1497.78	0.2369,0.6923,0.0523
1	Round_2_Replicate_4	-9000.18	18006.36	37033.61	1502.04	0.2366,0.6855,0.0565
1	Round_2_Replicate_5	-9000.23	18006.46	37335.77	1501.88	0.2383,0.6827,0.0565
1	Round_1_Replicate_9	-9065.38	18136.76	41053.32	1372.54	0.3541,0.7804,0.076
1	Round_2_Replicate_4	-9003.95	18013.9	45257.0	1497.59	0.2323,0.7026,0.0543
1	Round_2_Replicate_5	-9000.55	18007.1	36303.86	1499.69	0.2423,0.6804,0.0574
1	Round_2_Replicate_6	-9006.79	18019.58	30044.35	1511.52	0.2323,0.6742,0.0583
1	Round_1_Replicate_10	-9059.32	18124.64	101493.0	1408.99	0.2782,0.8395,0.0593
1	Round_1_Replicate_9	-79178.72	158363.44	-3.0331496686557634e+29	567.82	0.0545,1.1231,9.4471
1	Round_2_Replicate_5	-9000.18	18006.36	37036.14	1501.95	0.2369,0.6851,0.0565
1	Round_2_Replicate_6	-9012.5	18031.0	52638.28	1493.35	0.2251,0.7262,0.0526
1	Round_1_Replicate_10	-9017.68	18041.36	33685.32	1477.38	0.278,0.6666,0.0633
1	Round_1_Replicate_11	-13101.79	26209.58	182676.43	1551.22	0.146,0.7826,0.1546
1	Round_2_Replicate_7	-9127.5	18261.0	24726.11	1525.05	0.2086,0.6944,0.064
1	Round_1_Replicate_12	-9000.28	18006.56	37739.73	1503.09	0.2348,0.6864,0.056
1	Round_1_Replicate_11	-43609.19	87224.38	1085829636581873.1	854.74	0.358,0.4116,5.8328
1	Round_2_Replicate_7	-9014.75	18035.5	28959.48	1512.18	0.2224,0.6913,0.0579
1	Round_2_Replicate_8	-9079.66	18165.32	24195.01	1553.98	0.2065,0.6393,0.0594
1	Round_1_Replicate_2	-69344.4	138694.8	-1.2537021702751995e+25	1410.74	0.1112,0.0732,4.4176
1	Round_1_Replicate_12	-9313.45	18632.9	201142.47	1343.23	0.4456,0.7181,0.0705
1	Round_1_Replicate_13	-9445.74	18897.48	28547.27	1596.76	0.1682,0.6415,0.0645
1	Round_2_Replicate_8	-9048.51	18103.02	26581.39	1491.66	0.2226,0.7371,0.0623
1	Round_2_Replicate_6	-9032.18	18070.36	30052.91	1488.93	0.2149,0.7584,0.0581
1	Round_1_Replicate_3	-18267.68	36541.36	569051.39	1895.53	0.3756,0.2157,0.2842
1	Round_2_Replicate_9	-9008.36	18022.72	39054.44	1513.6	0.2488,0.6385,0.0561
1	Round_2_Replicate_9	-9347.85	18701.7	233000.16	1757.18	0.1195,0.359,0.0232
1	Round_1_Replicate_4	-12938.88	25883.76	100939.98	1526.31	0.5121,0.3233,0.1776
1	Round_2_Replicate_7	-9001.53	18009.06	37404.84	1495.66	0.2321,0.7082,0.0563
1	Round_2_Replicate_10	-9004.3	18014.6	32020.2	1506.72	0.245,0.6612,0.0588
1	Round_2_Replicate_10	-9120.57	18247.14	172254.86	1361.0	0.3148,0.9078,0.0631
1	Round_2_Replicate_8	-9012.09	18030.18	32202.6	1501.19	0.2194,0.7206,0.0565
1	Round_1_Replicate_14	-84091.66	168189.32	9.334779355919972e+21	199.0	12.0632,0.0719,3.1388
1	Round_2_Replicate_9	-9007.28	18020.56	30053.32	1524.33	0.2249,0.6604,0.0565
1	Round_1_Replicate_3	-98969.5	197945.0	-6.2762341994951825e+28	639.02	0.0727,0.0768,12.1666
1	Round_1_Replicate_15	-9000.63	18007.26	36131.97	1488.09	0.2453,0.7008,0.0586
1	Round_1_Replicate_4	-13979.23	27964.46	255009.08	1650.9	0.2066,0.5758,0.2208
1	Round_2_Replicate_1	-9016.83	18039.66	59398.65	1510.42	0.235,0.6672,0.0517
1	Round_3_Replicate_1	-9000.18	18006.36	37060.95	1501.98	0.2367,0.6855,0.0565
1	Round_1_Replicate_5	-9007.23	18020.46	29875.13	1511.66	0.2324,0.6739,0.0584
1	Round_2_Replicate_10	-9000.2	18006.4	37460.0	1501.16	0.2364,0.6877,0.0564
1	Round_2_Replicate_2	-9000.17	18006.34	36994.5	1501.68	0.2373,0.685,0.0566
1	Round_1_Replicate_13	-9166.66	18339.32	31813.42	1402.3	0.3916,0.6468,0.078
1	Round_1_Replicate_6	-9217.28	18440.56	111362.63	1398.04	0.3914,0.6623,0.0663
1	Round_2_Replicate_3	-9000.18	18006.36	36998.75	1502.54	0.2364,0.6848,0.0564
1	Round_1_Replicate_14	-9003.12	18012.24	37498.22	1497.89	0.2505,0.6695,0.0579
1	Round_2_Replicate_4	-9161.91	18329.82	24575.37	1526.51	0.2303,0.6553,0.0701
1	Round_1_Replicate_7	-9124.6	18255.2	24116.08	1475.04	0.3095,0.6225,0.076
1	Round_2_Replicate_5	-9000.18	18006.36	37058.05	1501.99	0.2367,0.6855,0.0565
1	Round_1_Replicate_8	-9009.2	18024.4	30439.09	1501.23	0.2531,0.6592,0.0608
1	Round_1_Replicate_15	-9000.68	18007.36	38761.91	1501.02	0.2332,0.6938,0.0557
1	Round_1_Replicate_5	-9844.32	19694.64	34584.35	1367.43	0.5844,0.4713,0.0789
1	Round_2_Replicate_6	-9002.58	18011.16	35788.99	1494.09	0.2514,0.6765,0.0589
1	Round_2_Replicate_1	-9000.18	18006.36	37058.31	1501.99	0.2367,0.6854,0.0565
1	Round_1_Replicate_9	-9072.83	18151.66	32966.7	1473.07	0.3141,0.6165,0.0662
1	Round_3_Replicate_1	-9000.17	18006.34	36937.91	1500.67	0.2377,0.6866,0.0567
1	Round_1_Replicate_6	-12121.88	24249.76	114655.73	1595.73	0.1195,0.7631,0.1062
1	Round_1_Replicate_10	-9015.98	18037.96	56036.71	1491.66	0.2243,0.7317,0.0522
1	Round_2_Replicate_7	-9005.73	18017.46	36521.26	1451.75	0.2656,0.7472,0.0633
1	Round_1_Replicate_5	-68781.82	137569.64	-4.880874978039437e+24	231.46	0.1523,5.4705,13.323
1	Round_1_Replicate_5	-108647.84	217301.68	3.283472041141967e+32	330.78	2.0568,0.0703,15.4858
1	Round_2_Replicate_2	-9126.69	18259.38	25228.67	1509.84	0.3087,0.5563,0.0678
1	Round_1_Replicate_6	-9013.39	18032.78	54409.86	1515.02	0.2196,0.6858,0.0505
1	Round_1_Replicate_6	-9000.86	18007.72	38453.54	1500.42	0.2323,0.6969,0.0557
1	Round_1_Replicate_11	-9208.89	18423.78	22885.48	1541.62	0.2914,0.5323,0.0725
1	Round_2_Replicate_3	-9084.17	18174.34	84212.15	1482.0	0.1942,0.8232,0.0466
1	Round_1_Replicate_7	-19815.13	39636.26	660029.73	1642.13	0.572,0.1815,0.2951
1	Round_2_Replicate_8	-9000.18	18006.36	37095.61	1501.95	0.2367,0.6855,0.0565
1	Round_3_Replicate_2	-9000.18	18006.36	36966.41	1502.0	0.2369,0.6851,0.0565
1	Round_2_Replicate_4	-9000.61	18007.22	35676.55	1499.03	0.2425,0.6817,0.0577
1	Round_1_Replicate_7	-9349.74	18705.48	53240.7	1316.12	0.2046,1.3931,0.0601
1	Round_1_Replicate_7	-9059.81	18125.62	36413.92	1346.59	0.3021,0.9518,0.0764
1	Round_1_Replicate_12	-9602.54	19211.08	24595.91	1461.03	0.4232,0.4913,0.0913
1	Round_2_Replicate_9	-9047.82	18101.64	95681.97	1450.03	0.2675,0.7502,0.0558
1	Round_2_Replicate_5	-9000.77	18007.54	36907.97	1502.89	0.2417,0.6744,0.0569
1	Round_1_Replicate_8	-9017.69	18041.38	31516.23	1521.16	0.2549,0.6148,0.0587
1	Round_1_Replicate_8	-9733.2	19472.4	34717.85	1467.53	0.1573,0.9346,0.0698
1	Round_3_Replicate_3	-9000.18	18006.36	37058.66	1501.99	0.2367,0.6855,0.0565
1	Round_2_Replicate_6	-9000.94	18007.88	39105.71	1498.03	0.2334,0.7001,0.0558
1	Round_2_Replicate_10	-9001.05	18008.1	36566.38	1502.09	0.2309,0.6961,0.056
1	Round_1_Replicate_9	-9982.37	19970.74	42570.58	1496.88	0.175,0.8208,0.0858
1	Round_1_Replicate_13	-45131.32	90268.64	1064212637.04	194.59	6.9897,1.3195,7.9111
1	Round_1_Replicate_14	-9047.55	18101.1	32057.06	1531.82	0.2684,0.5721,0.0585
1	Round_1_Replicate_10	-9113.32	18232.64	126246.44	1405.69	0.3318,0.7441,0.0623
1	Round_2_Replicate_7	-9000.33	18006.66	35657.43	1501.37	0.2386,0.6835,0.0572
1	Round_3_Replicate_1	-9000.18	18006.36	37053.48	1501.94	0.2367,0.6855,0.0565
1	Round_1_Replicate_9	-9343.77	18693.54	109026.58	1323.02	0.4889,0.6999,0.0774
1	Round_1_Replicate_15	-9004.27	18014.54	33035.8	1500.41	0.2501,0.6656,0.0593
1	Round_1_Replicate_11	-9174.04	18354.08	156149.82	1390.29	0.3651,0.726,0.0643
1	Round_3_Replicate_2	-9000.18	18006.36	37024.15	1502.07	0.2368,0.6851,0.0565
1	Round_1_Replicate_10	-11920.17	23846.34	87709.9	1429.51	0.4884,0.4632,0.1935
1	Round_2_Replicate_1	-9000.18	18006.36	36824.88	1502.32	0.2369,0.6844,0.0565
1	Round_1_Replicate_12	-9002.69	18011.38	35624.29	1474.42	0.2454,0.7321,0.0599
1	Round_1_Replicate_11	-13012.9	26031.8	159725.5	1755.13	0.2302,0.4425,0.1811
1	Round_2_Replicate_8	-9077.21	18160.42	110198.8	1524.34	0.2462,0.6132,0.0483
1	Round_1_Replicate_13	-9361.68	18729.36	28224.63	1493.5	0.1815,0.8174,0.0672
1	Round_2_Replicate_2	-9017.82	18041.64	63233.32	1488.57	0.239,0.7101,0.0531
1	Round_1_Replicate_8	-56570.82	113147.64	-11485093546912.86	287.79	1.0422,2.0044,16.001
1	Round_1_Replicate_12	-12568.81	25143.62	99525.79	1736.38	0.3387,0.3141,0.1539
1	Round_2_Replicate_9	-9000.51	18007.02	35172.09	1504.16	0.235,0.684,0.0568
1	Round_1_Replicate_14	-15565.9	31137.8	372865.11	1983.37	0.1916,0.3621,0.2255
1	Round_1_Replicate_9	-9380.61	18767.22	63333.94	1296.78	0.5316,0.6993,0.0858
1	Round_1_Replicate_15	-9344.23	18694.46	27820.76	1319.19	0.4105,0.7886,0.1117
1	Round_2_Replicate_10	-9000.2	18006.4	37523.33	1501.64	0.2364,0.6866,0.0563
1	Round_2_Replicate_3	-10487.86	20981.72	6886862.84	1399.76	0.0873,2.6604,0.0201
1	Round_3_Replicate_1	-9000.18	18006.36	37043.95	1502.03	0.2368,0.6851,0.0565
1	Round_1_Replicate_10	-9081.01	18168.02	25600.39	1532.65	0.1942,0.7029,0.057
1	Round_2_Replicate_4	-9007.07	18020.14	31288.84	1484.5	0.2572,0.6878,0.0621
1	Round_2_Replicate_1	-9000.63	18007.26	35747.76	1496.79	0.2363,0.698,0.0572
1	Round_1_Replicate_11	-18042.03	36090.06	529520.37	1807.47	0.4139,0.2256,0.2901
1	Round_2_Replicate_5	-9000.2	18006.4	37091.68	1502.29	0.2359,0.6861,0.0564
1	Round_3_Replicate_4	-9000.18	18006.36	37017.84	1501.71	0.2368,0.6859,0.0565
1	Round_1_Replicate_13	-61869.72	123745.44	1.960067020940525e+17	1138.48	0.4822,0.1504,3.7844
1	Round_2_Replicate_2	-9165.82	18337.64	25184.01	1534.74	0.1856,0.7176,0.0597
1	Round_2_Replicate_6	-9161.75	18329.5	61207.23	1431.29	0.1865,0.9998,0.0498
1	Round_1_Replicate_14	-16250.26	32506.52	446733.08	1827.59	0.076,0.5976,0.1367
1	Round_2_Replicate_3	-9001.95	18009.9	40330.79	1482.23	0.24,0.7242,0.0573
1	Round_2_Replicate_7	-9000.18	18006.36	36949.47	1502.04	0.2368,0.6852,0.0565
1	Round_1_Replicate_15	-10913.69	21833.38	55639.31	1245.31	0.636,0.6007,0.1871
1	Round_2_Replicate_4	-9148.76	18303.52	305746.11	1440.35	0.2693,0.7749,0.0512
1	Round_3_Replicate_1	-9000.18	18006.36	37034.51	1502.05	0.2368,0.685,0.0565
1	Round_2_Replicate_1	-9000.18	18006.36	36881.86	1502.07	0.2367,0.6853,0.0565
1	Round_2_Replicate_8	-9252.19	18510.38	26147.52	1530.26	0.1943,0.7129,0.0665
1	Round_3_Replicate_3	-9000.18	18006.36	37058.38	1501.99	0.2367,0.6855,0.0565
1	Round_3_Replicate_2	-9000.18	18006.36	37043.91	1501.98	0.2367,0.6854,0.0565
1	Round_2_Replicate_9	-9000.43	18006.86	36543.9	1491.12	0.2441,0.6961,0.0582
1	Round_2_Replicate_2	-9002.36	18010.72	33121.05	1497.86	0.2356,0.6972,0.0581
1	Round_2_Replicate_5	-9020.41	18046.82	40885.87	1484.98	0.2752,0.6542,0.06
1	Round_3_Replicate_2	-9000.18	18006.36	37058.66	1501.99	0.2367,0.6855,0.0565
1	Round_2_Replicate_3	-9000.19	18006.38	37335.93	1501.64	0.2365,0.6865,0.0564
1	Round_2_Replicate_10	-9003.81	18013.62	31365.16	1510.65	0.2364,0.6682,0.058
1	Round_2_Replicate_6	-9261.27	18528.54	25804.01	1530.18	0.2429,0.6307,0.0768
1	Round_3_Replicate_2	-9000.18	18006.36	37059.66	1501.98	0.2367,0.6855,0.0565
1	Round_2_Replicate_4	-9120.3	18246.6	23592.59	1516.32	0.2706,0.6065,0.0715
1	Round_3_Replicate_3	-9000.18	18006.36	37058.66	1501.99	0.2367,0.6855,0.0565
1	Round_2_Replicate_7	-9000.18	18006.36	37012.49	1502.14	0.2366,0.6852,0.0565
1	Round_1_Replicate_12	-73508.86	147023.72	-6.791008838836209e+21	403.32	0.3352,1.5982,12.3813
1	Round_2_Replicate_8	-9092.12	18190.24	161655.23	1466.14	0.2286,0.7891,0.0485
1	Round_2_Replicate_5	-9000.23	18006.46	36192.42	1502.28	0.2367,0.685,0.0567
1	Round_3_Replicate_5	-9000.18	18006.36	36999.33	1502.04	0.2369,0.685,0.0565
1	Round_2_Replicate_6	-9000.75	18007.5	39914.51	1493.76	0.2386,0.7001,0.0564
1	Round_2_Replicate_9	-9012.73	18031.46	56420.28	1479.34	0.2498,0.7117,0.0555
1	Round_2_Replicate_10	-9000.19	18006.38	37158.57	1500.93	0.2383,0.6848,0.0567
1	Round_2_Replicate_7	-9023.61	18053.22	65688.59	1506.55	0.2194,0.7051,0.0497
1	Round_3_Replicate_4	-9000.17	18006.34	37026.61	1501.8	0.2369,0.6856,0.0565
1	Round_2_Replicate_8	-9000.59	18007.18	36534.62	1503.1	0.2408,0.6757,0.0569
1	Round_3_Replicate_3	-9000.18	18006.36	36995.7	1501.76	0.2367,0.686,0.0565
1	Round_3_Replicate_1	-9000.18	18006.36	37058.66	1501.99	0.2367,0.6855,0.0565
1	Round_3_Replicate_3	-9000.18	18006.36	37058.66	1501.99	0.2367,0.6855,0.0565
1	Round_2_Replicate_9	-9000.25	18006.5	37666.63	1501.74	0.2355,0.6882,0.0562
1	Round_3_Replicate_6	-9000.18	18006.36	37027.06	1502.03	0.2367,0.6853,0.0565
1	Round_3_Replicate_4	-9000.18	18006.36	36985.06	1501.97	0.2367,0.6855,0.0565
1	Round_3_Replicate_1	-9000.18	18006.36	37035.41	1502.0	0.2368,0.6853,0.0565
1	Round_2_Replicate_10	-9084.67	18175.34	138894.48	1481.67	0.2635,0.6793,0.0514
1	Round_3_Replicate_4	-9000.18	18006.36	37044.15	1502.0	0.2368,0.6853,0.0565
1	Round_3_Replicate_5	-9000.18	18006.36	37011.1	1502.02	0.2369,0.685,0.0565
1	Round_1_Replicate_13	-65525.65	131057.3	-3.370658633946101e+22	254.27	0.1441,6.7172,7.0749
1	Round_3_Replicate_4	-9000.18	18006.36	37058.67	1501.99	0.2367,0.6855,0.0565
1	Round_3_Replicate_2	-9000.18	18006.36	37051.26	1502.0	0.2367,0.6854,0.0565
1	Round_1_Replicate_14	-77382.01	154770.02	106085095334952.58	614.41	1.1643,0.3862,6.0866
1	Round_3_Replicate_2	-9000.18	18006.36	37058.65	1501.99	0.2367,0.6855,0.0565
1	Round_3_Replicate_7	-9000.18	18006.36	37038.63	1501.98	0.2368,0.6853,0.0565
1	Round_3_Replicate_5	-9000.17	18006.34	36930.41	1501.51	0.2373,0.6853,0.0566
1	Round_3_Replicate_1	-9000.18	18006.36	36981.83	1502.05	0.2368,0.6851,0.0565
1	Round_3_Replicate_6	-9000.18	18006.36	37055.86	1501.99	0.2367,0.6855,0.0565
1	Round_3_Replicate_5	-9000.18	18006.36	37058.66	1501.99	0.2367,0.6855,0.0565
1	Round_3_Replicate_7	-9000.18	18006.36	37058.66	1501.99	0.2367,0.6855,0.0565
1	Round_3_Replicate_5	-9000.18	18006.36	37058.65	1501.99	0.2367,0.6855,0.0565
1	Round_3_Replicate_3	-9000.18	18006.36	37032.68	1502.04	0.2367,0.6853,0.0565
1	Round_1_Replicate_15	-84918.52	169843.04	-3.017195070772798e+25	367.75	2.6689,0.1194,9.6798
1	Round_3_Replicate_3	-9000.18	18006.36	37057.61	1501.99	0.2367,0.6855,0.0565
1	Round_2_Replicate_1	-9000.18	18006.36	37106.41	1501.71	0.2373,0.6849,0.0565
1	Round_3_Replicate_2	-9000.18	18006.36	37057.28	1501.99	0.2367,0.6854,0.0565
1	Round_3_Replicate_8	-9000.18	18006.36	37048.91	1502.01	0.2367,0.6853,0.0565
1	Round_2_Replicate_2	-9261.48	18528.96	26289.76	1530.7	0.1943,0.7123,0.0669
1	Round_3_Replicate_6	-9000.17	18006.34	36901.19	1501.61	0.2368,0.6861,0.0565
1	Round_3_Replicate_6	-9000.17	18006.34	37040.98	1501.18	0.2371,0.6865,0.0566
1	Round_1_Replicate_4	-65439.97	130885.94	-1.2370439343017691e+26	861.12	0.0115,1.794,1.8719
1	Round_2_Replicate_3	-9000.39	18006.78	38543.86	1501.92	0.2377,0.6836,0.0561
1	Round_1_Replicate_5	-18570.79	37147.58	632721.41	1913.48	0.3683,0.2159,0.2945
1	Round_2_Replicate_4	-9000.19	18006.38	37169.19	1501.6	0.2362,0.6872,0.0564
1	Round_1_Replicate_6	-9807.09	19620.18	1888813.71	1349.99	0.1576,1.7069,0.0357
1	Round_2_Replicate_5	-9000.17	18006.34	36948.5	1499.79	0.2386,0.6868,0.0568
1	Round_3_Replicate_8	-9000.18	18006.36	37058.82	1501.97	0.2367,0.6855,0.0565
1	Round_2_Replicate_6	-9035.59	18077.18	28393.39	1491.12	0.218,0.7472,0.0596
1	Round_3_Replicate_3	-9000.18	18006.36	37063.11	1501.97	0.2367,0.6855,0.0565
1	Round_3_Replicate_4	-9000.18	18006.36	37072.82	1501.98	0.2369,0.6851,0.0565
1	Round_2_Replicate_7	-9018.72	18043.44	27859.61	1566.65	0.2092,0.6035,0.0531
1	Round_2_Replicate_8	-9010.11	18026.22	31071.47	1513.58	0.2503,0.6381,0.0592
1	Round_3_Replicate_6	-9000.18	18006.36	37058.05	1502.03	0.2368,0.6852,0.0565
1	Round_1_Replicate_7	-42805.97	85617.94	-2.1792329908149892e+16	590.7	0.481,0.4275,9.797
1	Round_2_Replicate_9	-9001.48	18008.96	35011.81	1488.32	0.2494,0.693,0.0594
1	Round_3_Replicate_7	-9000.18	18006.36	37055.63	1501.98	0.2367,0.6854,0.0565
1	Round_1_Replicate_8	-9001.46	18008.92	40834.32	1504.24	0.2312,0.6899,0.0547
1	Round_2_Replicate_10	-9014.36	18034.72	32413.63	1493.53	0.2206,0.7359,0.0571
1	Round_3_Replicate_7	-9000.18	18006.36	37050.84	1501.95	0.2367,0.6856,0.0565
1	Round_3_Replicate_4	-9000.18	18006.36	37058.65	1501.99	0.2367,0.6855,0.0565
1	Round_3_Replicate_9	-9000.18	18006.36	37046.34	1501.9	0.2368,0.6855,0.0565
1	Round_3_Replicate_5	-9000.18	18006.36	37058.66	1501.99	0.2367,0.6855,0.0565
1	Round_3_Replicate_8	-9000.18	18006.36	36899.38	1501.94	0.237,0.6849,0.0565
1	Round_3_Replicate_9	-9000.18	18006.36	37059.26	1501.94	0.2367,0.6855,0.0565
1	Round_1_Replicate_9	-82754.15	165514.3	-1.684168812595842e+23	405.18	2.3131,0.2278,8.6902
1	Round_1_Replicate_10	-9001.35	18008.7	39044.65	1491.37	0.2478,0.6886,0.0577
1	Round_1_Replicate_11	-15811.93	31629.86	395873.18	2091.36	0.1214,0.3808,0.1778
1	Round_3_Replicate_7	-9000.18	18006.36	37058.66	1501.99	0.2367,0.6855,0.0565
1	Round_3_Replicate_8	-9000.18	18006.36	37056.71	1501.99	0.2367,0.6855,0.0565
1	Round_3_Replicate_1	-9000.18	18006.36	37059.16	1501.98	0.2367,0.6855,0.0565
1	Round_1_Replicate_12	-9737.66	19481.32	34036.16	1499.97	0.3179,0.5744,0.1062
1	Round_3_Replicate_4	-9000.17	18006.34	37080.6	1501.29	0.2371,0.6862,0.0565
1	Round_3_Replicate_10	-9000.17	18006.34	37031.73	1501.79	0.2369,0.6856,0.0565
1	Round_3_Replicate_5	-9000.16	18006.32	36986.87	1499.94	0.2378,0.6879,0.0567
1	Round_1_Replicate_13	-9185.36	18376.72	234389.37	1367.53	0.2506,1.0546,0.0548
1	Round_3_Replicate_2	-9000.18	18006.36	37058.66	1501.99	0.2367,0.6855,0.0565
1	Round_3_Replicate_9	-9000.18	18006.36	37059.33	1501.99	0.2367,0.6855,0.0565
1	Round_1_Replicate_14	-9939.05	19884.1	31967.38	1456.82	0.4251,0.4987,0.1116
1	Round_3_Replicate_10	-9000.18	18006.36	37005.08	1502.04	0.2368,0.6851,0.0565
1	Round_1_Replicate_15	-9000.18	18006.36	37054.76	1502.0	0.2367,0.6854,0.0565
1	Round_2_Replicate_1	-9000.45	18006.9	36780.07	1503.03	0.2399,0.6773,0.0568
1	Round_2_Replicate_2	-9001.67	18009.34	35613.4	1503.58	0.2445,0.6682,0.0576
1	Round_3_Replicate_6	-9000.18	18006.36	37028.15	1501.91	0.2368,0.6854,0.0565
1	Round_3_Replicate_9	-9000.18	18006.36	37149.64	1501.6	0.2368,0.686,0.0565
1	Round_2_Replicate_3	-9000.55	18007.1	38520.53	1499.0	0.2412,0.6837,0.0567
1	Round_4_Replicate_1	-9000.18	18006.36	37058.67	1501.98	0.2367,0.6855,0.0565
1	Round_3_Replicate_5	-9000.18	18006.36	37058.6	1501.99	0.2367,0.6855,0.0565
1	Round_3_Replicate_6	-9000.18	18006.36	37042.35	1502.01	0.2367,0.6854,0.0565
1	Round_2_Replicate_4	-9000.18	18006.36	37072.95	1501.89	0.2368,0.6855,0.0565
1	Round_3_Replicate_8	-9000.18	18006.36	37053.14	1501.96	0.2367,0.6855,0.0565
1	Round_3_Replicate_10	-9000.17	18006.34	37044.3	1501.44	0.237,0.6861,0.0565
1	Round_2_Replicate_5	-9000.22	18006.44	37687.88	1498.73	0.2373,0.6915,0.0566
1	Round_3_Replicate_9	-9000.18	18006.36	37058.66	1501.99	0.2367,0.6855,0.0565
1	Round_3_Replicate_3	-9000.18	18006.36	37059.33	1501.99	0.2367,0.6855,0.0565
1	Round_2_Replicate_6	-9016.39	18038.78	31297.3	1493.68	0.2211,0.7348,0.0577
1	Round_4_Replicate_1	-9000.18	18006.36	37063.79	1501.91	0.2367,0.6856,0.0565
1	Round_2_Replicate_7	-9010.18	18026.36	52499.35	1495.72	0.229,0.7128,0.0529
1	Round_4_Replicate_1	-9000.17	18006.34	37141.26	1501.08	0.2369,0.6871,0.0565
1	Round_3_Replicate_7	-9000.18	18006.36	37035.76	1502.02	0.2367,0.6853,0.0565
1	Round_3_Replicate_7	-9000.18	18006.36	37057.72	1501.99	0.2367,0.6854,0.0565
1	Round_3_Replicate_10	-9000.18	18006.36	36963.98	1502.0	0.2369,0.6851,0.0565
1	Round_3_Replicate_6	-9000.18	18006.36	37002.56	1501.92	0.2369,0.6852,0.0565
1	Round_3_Replicate_4	-9000.18	18006.36	37073.69	1501.91	0.2369,0.6852,0.0565
1	Round_3_Replicate_10	-9000.18	18006.36	37033.24	1502.0	0.2368,0.6852,0.0565
1	Round_2_Replicate_8	-9000.18	18006.36	37127.54	1501.7	0.2369,0.6857,0.0565
1	Round_2_Replicate_9	-9002.99	18011.98	43521.8	1493.83	0.2446,0.6884,0.0562
1	Round_3_Replicate_7	-9000.18	18006.36	37058.66	1501.99	0.2367,0.6855,0.0565
1	Round_2_Replicate_10	-9000.17	18006.34	37049.72	1501.36	0.237,0.6863,0.0565
1	Round_3_Replicate_1	-9000.18	18006.36	36958.98	1502.08	0.2367,0.6851,0.0565
1	Round_3_Replicate_8	-9000.18	18006.36	37052.31	1501.88	0.2367,0.6856,0.0565
1	Round_4_Replicate_1	-9000.18	18006.36	37058.63	1501.99	0.2367,0.6855,0.0565
1	Round_3_Replicate_2	-9000.18	18006.36	37058.66	1501.99	0.2367,0.6855,0.0565
1	Round_4_Replicate_1	-9000.18	18006.36	37052.15	1501.97	0.2367,0.6855,0.0565
1	Round_3_Replicate_8	-9000.18	18006.36	37039.24	1502.04	0.2367,0.6853,0.0565
1	Round_3_Replicate_5	-9000.18	18006.36	37063.08	1501.96	0.2367,0.6854,0.0565
1	Round_3_Replicate_8	-9000.18	18006.36	37048.56	1501.94	0.2368,0.6854,0.0565
1	Round_3_Replicate_3	-9000.18	18006.36	37015.27	1501.94	0.2368,0.6854,0.0565
1	Round_3_Replicate_9	-9000.18	18006.36	37025.06	1502.02	0.2367,0.6854,0.0565
1	Round_3_Replicate_6	-9000.18	18006.36	37058.54	1501.99	0.2367,0.6855,0.0565
1	Round_3_Replicate_9	-9000.18	18006.36	37052.07	1502.0	0.2367,0.6853,0.0565
1	Round_3_Replicate_9	-9000.18	18006.36	37048.27	1502.01	0.2367,0.6854,0.0565
1	Round_3_Replicate_4	-9000.18	18006.36	37054.36	1502.0	0.2367,0.6854,0.0565
1	Round_3_Replicate_10	-9000.18	18006.36	37058.66	1501.99	0.2367,0.6855,0.0565
1	Round_3_Replicate_10	-9000.18	18006.36	37058.66	1501.99	0.2367,0.6855,0.0565
1	Round_3_Replicate_7	-9000.18	18006.36	37058.65	1501.99	0.2367,0.6855,0.0565
1	Round_3_Replicate_10	-9000.18	18006.36	37053.34	1502.0	0.2367,0.6854,0.0565
1	Round_3_Replicate_5	-9000.18	18006.36	36940.99	1501.99	0.2369,0.685,0.0565
1	Round_3_Replicate_8	-9000.18	18006.36	37058.49	1501.99	0.2367,0.6855,0.0565
1	Round_4_Replicate_1	-9000.18	18006.36	37047.09	1502.0	0.2367,0.6854,0.0565
1	Round_4_Replicate_1	-9000.18	18006.36	37059.45	1501.99	0.2367,0.6855,0.0565
1	Round_4_Replicate_1	-9000.18	18006.36	37058.25	1501.99	0.2367,0.6855,0.0565
1	Round_3_Replicate_6	-9000.18	18006.36	37018.59	1501.94	0.2369,0.6852,0.0565
1	Round_3_Replicate_9	-9000.18	18006.36	37057.92	1501.99	0.2367,0.6855,0.0565
1	Round_3_Replicate_10	-9000.18	18006.36	37058.66	1501.99	0.2367,0.6855,0.0565
1	Round_4_Replicate_1	-9000.18	18006.36	37058.66	1501.99	0.2367,0.6855,0.0565
1	Round_3_Replicate_7	-9000.18	18006.36	37046.8	1501.97	0.2367,0.6855,0.0565
1	Round_3_Replicate_8	-9000.17	18006.34	36852.57	1501.16	0.2372,0.6863,0.0566
1	Round_3_Replicate_9	-9000.18	18006.36	37062.7	1502.0	0.2367,0.6853,0.0565
1	Round_3_Replicate_10	-9000.18	18006.36	37058.7	1501.99	0.2367,0.6855,0.0565
1	Round_4_Replicate_1	-9000.18	18006.36	37058.66	1501.99	0.2367,0.6855,0.0565
