Model	Replicate	log-likelihood	AIC	chi-squared	theta	optimized_params
Model	Replicate	log-likelihood	AIC	chi-squared	theta	optimized_params
Model	Replicate	log-likelihood	AIC	chi-squared	theta	optimized_params
Model	Replicate	log-likelihood	AIC	chi-squared	theta	optimized_params
Model	Replicate	log-likelihood	AIC	chi-squared	theta	optimized_params
Model	Replicate	log-likelihood	AIC	chi-squared	theta	optimized_params
Model	Replicate	log-likelihood	AIC	chi-squared	theta	optimized_params
Model	Replicate	log-likelihood	AIC	chi-squared	theta	optimized_params
Model	Replicate	log-likelihood	AIC	chi-squared	theta	optimized_params
Model	Replicate	log-likelihood	AIC	chi-squared	theta	optimized_params
1	Round_1_Replicate_1	-9297.25	18604.5	22914.45	1575.33	0.1937,0.4129,0.3613,0.4952,0.066
1	Round_1_Replicate_1	-23406.79	46823.58	2606175.51	2874.17	0.0081,0.2238,0.2686,0.1023,0.0957
1	Round_1_Replicate_1	-23879.41	47768.82	2045380.92	2110.01	4.3828,1.2287,0.179,0.1297,0.6893
1	Round_1_Replicate_1	-10338.42	20686.84	50710.99	1215.32	0.1014,0.3495,0.4159,3.7389,0.0913
1	Round_1_Replicate_1	-10561.45	21132.9	56830.24	1370.5	0.2075,13.4936,0.4856,0.274,0.1579
1	Round_1_Replicate_2	-9337.8	18685.6	27191.39	1500.33	0.0337,0.1479,0.7081,2.6271,0.0382
1	Round_1_Replicate_2	-15506.6	31023.2	385882.8	1504.16	0.0695,0.8358,0.0975,1.0491,0.135
1	Round_1_Replicate_2	-13527.6	27065.2	99116.47	1231.83	0.6941,11.5136,0.8573,0.1767,0.2983
1	Round_1_Replicate_2	-20489.73	40989.46	1073986.28	2079.75	1.6862,0.3234,0.1924,0.202,0.4418
1	Round_1_Replicate_3	-21235.16	42480.32	2131436.8	1726.82	0.285,2.5094,0.1811,0.3477,0.5646
1	Round_1_Replicate_3	-9400.17	18810.34	34405.46	1152.46	2.5431,1.491,0.3647,0.8371,0.1533
1	Round_1_Replicate_3	-11380.42	22770.84	81788.24	1205.99	0.185,0.9251,1.0015,0.5929,0.1837
1	Round_1_Replicate_3	-29460.37	58930.74	3316882.81	2942.86	4.8692,1.3901,0.1075,0.0348,0.4105
1	Round_1_Replicate_4	-19836.61	39683.22	1454560.52	2419.03	0.0095,0.0304,0.2147,1.128,0.0772
1	Round_1_Replicate_4	-9158.98	18327.96	23545.7	1637.75	0.102,0.3749,0.207,0.7013,0.0459
1	Round_1_Replicate_4	-30545.35	61100.7	30857364.76	1471.51	1.8115,0.0146,0.3213,1.0527,0.3368
1	Round_1_Replicate_5	-17400.14	34810.28	624897.46	2372.9	0.1319,0.0337,0.1568,0.5882,0.1383
1	Round_1_Replicate_5	-10249.94	20509.88	41983.86	1509.7	0.0845,0.5204,0.8353,0.3962,0.0847
1	Round_1_Replicate_6	-11284.19	22578.38	77114.25	1609.44	0.1141,1.8819,0.1213,0.4782,0.0883
1	Round_1_Replicate_5	-22399.83	44809.66	850514.99	1481.41	2.0942,1.5115,0.5496,0.102,0.5156
1	Round_1_Replicate_6	-36771.41	73552.82	151187466.77	1517.75	2.631,2.8728,0.0896,0.4518,1.7058
1	Round_1_Replicate_2	-9172.51	18355.02	179322.7	1197.36	0.4055,11.9923,0.4072,0.5544,0.0931
1	Round_1_Replicate_7	-14254.1	28518.2	188776.69	1744.19	0.4906,0.8074,0.2978,0.2564,0.2549
1	Round_1_Replicate_8	-12189.44	24388.88	97860.2	2064.08	0.0168,0.3423,0.237,0.2174,0.0436
1	Round_1_Replicate_3	-9280.34	18570.68	29029.81	1445.93	0.1067,13.3986,0.4592,0.2453,0.0762
1	Round_1_Replicate_7	-60258.54	120527.08	3.642520505665804e+16	188.78	0.3426,0.544,6.2946,1.7434,14.7656
1	Round_1_Replicate_6	-66488.89	132987.78	3.884907429459371e+23	295.63	0.1831,0.32,0.5161,5.1499,9.8354
1	Round_1_Replicate_4	-9650.09	19310.18	27905.4	1688.62	0.3888,0.3716,0.1716,0.5101,0.0781
1	Round_1_Replicate_9	-9352.44	18714.88	26399.39	1368.97	0.5803,0.787,0.3369,0.6793,0.1117
1	Round_1_Replicate_8	-9374.78	18759.56	25867.94	1467.63	0.9601,0.5214,0.1425,0.9771,0.0921
1	Round_1_Replicate_10	-29988.39	59986.78	17536865.74	2212.38	2.6543,1.2398,0.1004,0.22,1.0554
1	Round_1_Replicate_5	-21181.87	42373.74	1710072.27	2310.52	0.1598,0.2156,0.0371,0.5342,0.1931
1	Round_1_Replicate_7	-9210.36	18430.72	26105.76	1524.37	0.0713,0.3002,0.4566,0.9687,0.0526
1	Round_1_Replicate_9	-11933.23	23876.46	110445.97	1082.07	13.7085,0.4166,0.2624,1.3974,0.3434
1	Round_1_Replicate_6	-18889.16	37788.32	888793.0	2081.33	0.023,6.2172,0.1476,0.1469,0.1294
1	Round_1_Replicate_8	-22192.86	44395.72	2640546.63	2422.69	0.3143,0.125,0.1447,0.3168,0.3604
1	Round_1_Replicate_10	-16739.5	33489.0	568669.52	2016.57	0.0125,0.0493,0.2135,1.9383,0.0705
1	Round_1_Replicate_7	-21130.4	42270.8	1982754.87	1980.91	0.1825,0.0158,0.2638,1.0636,0.1686
1	Round_1_Replicate_11	-22585.8	45181.6	1134398.87	3364.97	0.0178,1.3042,0.1835,0.032,0.1065
1	Round_1_Replicate_9	-9140.93	18291.86	23397.18	1550.01	0.3894,0.5414,0.1796,0.6825,0.0683
1	Round_1_Replicate_8	-10337.99	20685.98	37348.42	1781.22	0.4421,0.79,0.0575,0.4331,0.0646
1	Round_1_Replicate_12	-45381.78	90773.56	272037860.3	1773.87	1.2274,3.7281,0.4334,0.0445,1.2252
1	Round_1_Replicate_9	-20272.79	40555.58	790374.44	1863.23	10.6586,3.8419,0.1746,0.1505,0.6901
1	Round_1_Replicate_10	-10150.05	20310.1	21097.44	1962.39	0.315,1.817,0.1313,0.0904,0.0463
1	Round_1_Replicate_11	-17338.8	34687.6	449421.08	2903.77	0.0411,0.0119,0.111,0.6119,0.0608
1	Round_1_Replicate_12	-8961.31	17932.62	33901.08	1522.88	0.1742,2.2721,0.2553,0.3678,0.0558
1	Round_1_Replicate_13	-12612.33	25234.66	97221.57	2078.21	0.0026,0.2461,0.242,0.1176,0.0123
1	Round_1_Replicate_10	-74231.68	148473.36	-3.3430440684705463e+25	174.63	0.0745,2.4041,5.6142,3.4649,14.7453
1	Round_1_Replicate_11	-13788.38	27586.76	135150.95	2344.0	0.0824,0.6221,0.1421,0.1323,0.0957
1	Round_1_Replicate_14	-10356.13	20722.26	39814.94	1339.77	2.8178,0.3101,0.2796,0.8451,0.1544
1	Round_1_Replicate_1	-26761.77	53533.54	13840822.8	1991.71	0.0995,0.1417,0.1285,0.7408,0.4117
1	Round_1_Replicate_1	-19673.43	39356.86	399661.75	2470.05	1.4044,4.0997,0.1485,0.0579,0.2955
1	Round_1_Replicate_12	-10301.3	20612.6	36411.93	1283.59	0.2311,0.096,0.4272,6.1626,0.0849
1	Round_1_Replicate_2	-29921.97	59853.94	24724584.96	2223.02	0.0393,0.3207,0.0594,0.4991,0.254
1	Round_1_Replicate_15	-9275.95	18561.9	24555.98	1422.15	0.7295,1.3294,0.2848,0.4769,0.1062
1	Round_1_Replicate_13	-34479.99	68969.98	92527605.2	2222.08	0.8507,0.2308,0.0607,0.4547,0.7864
1	Round_1_Replicate_2	-10041.7	20093.4	40665.83	1532.03	0.3958,5.1696,0.1278,0.3775,0.104
1	Round_1_Replicate_3	-25062.51	50135.02	1978782.49	1995.11	0.7247,0.4902,0.3801,0.087,0.4377
1	Round_2_Replicate_1	-9225.69	18461.38	27346.6	1388.21	0.4534,6.1227,0.2693,0.3848,0.1089
1	Round_2_Replicate_2	-9435.07	18880.14	30107.94	1600.73	0.0688,2.7794,0.2466,0.3071,0.0528
1	Round_1_Replicate_4	-8982.76	17975.52	29571.65	1532.81	0.1087,3.2795,0.4205,0.2572,0.0537
1	Round_1_Replicate_3	-36824.31	73658.62	107148957.15	2149.78	1.2015,0.041,0.2444,0.1899,0.4992
1	Round_1_Replicate_4	-8981.69	17973.38	29537.72	1583.92	0.0782,0.3213,0.3034,0.8606,0.0381
1	Round_2_Replicate_3	-9684.4	19378.8	33572.96	1535.53	0.2796,9.6437,0.2228,0.2566,0.1036
1	Round_1_Replicate_5	-15663.88	31337.76	215202.95	2838.2	0.0631,0.1336,0.0466,0.1592,0.0663
1	Round_2_Replicate_4	-8958.74	17927.48	32118.49	1436.52	0.0846,2.7823,0.5055,0.3984,0.0542
1	Round_1_Replicate_5	-78704.3	157418.6	7.071949659190729e+22	160.72	14.3315,0.1513,8.4187,0.6118,11.3425
1	Round_1_Replicate_6	-28424.43	56858.86	12254167.06	3308.63	0.1247,0.0171,0.11,0.2381,0.1864
1	Round_1_Replicate_6	-20074.83	40159.66	1588040.85	1950.0	6.3321,0.0725,0.0793,0.771,0.3656
1	Round_2_Replicate_5	-8978.89	17967.78	28992.4	1488.11	0.1125,0.6913,0.325,0.7293,0.0517
1	Round_1_Replicate_7	-9053.71	18117.42	45456.09	1270.61	0.2587,4.1694,0.4646,0.5523,0.0883
1	Round_1_Replicate_14	-9374.96	18759.92	313157.18	1355.79	6.2832,19.8355,0.1793,0.2776,0.1057
1	Round_2_Replicate_6	-9722.5	19455.0	33680.18	1518.53	0.5701,2.4846,0.1326,0.4659,0.1037
1	Round_1_Replicate_11	-85503.57	171017.14	-5.172269444616834e+27	220.42	0.3341,0.0402,8.8227,0.8932,8.0926
1	Round_1_Replicate_7	-23093.89	46197.78	6500330.64	316.09	0.2697,19.0926,2.1741,4.4221,1.7316
1	Round_1_Replicate_8	-13722.78	27455.56	202798.97	1489.97	0.3946,0.3833,0.4275,0.5038,0.2591
1	Round_2_Replicate_7	-8943.51	17897.02	27355.47	1557.33	0.0633,0.803,0.4609,0.4427,0.042
1	Round_1_Replicate_12	-10012.98	20035.96	25099.02	2020.39	0.0023,13.6693,15.6812,0.0151,0.0084
1	Round_1_Replicate_8	-36519.9	73049.8	140773407.76	2896.33	0.1009,0.13,0.0296,0.3884,0.321
1	Round_1_Replicate_9	-18384.16	36778.32	879694.6	1779.13	0.0727,3.021,0.1029,0.3567,0.2049
1	Round_1_Replicate_13	-10281.84	20573.68	30879.39	1923.55	0.004,5.8944,10.1368,0.0292,0.0143
1	Round_2_Replicate_8	-9285.94	18581.88	28773.61	1554.83	0.0571,1.6099,0.3399,0.4005,0.0501
1	Round_1_Replicate_10	-18691.28	37392.56	1033016.7	2063.06	0.7711,0.199,0.1198,0.4628,0.3634
1	Round_1_Replicate_14	-21125.56	42261.12	1355700.57	2472.6	0.5774,0.0974,0.1578,0.2087,0.2842
1	Round_2_Replicate_9	-8975.83	17961.66	35496.66	1462.64	0.1461,2.8436,0.2726,0.4402,0.0565
1	Round_1_Replicate_15	-14431.77	28873.54	262276.18	1874.74	0.0621,0.3994,0.1166,0.5662,0.1147
1	Round_1_Replicate_4	-80518.43	161046.86	5.61420449073975e+23	165.17	11.5285,0.1744,7.4578,0.4316,14.3471
1	Round_1_Replicate_11	-19672.26	39354.52	834011.08	1658.22	1.2783,0.0952,0.38,0.2982,0.3066
1	Round_2_Replicate_10	-9558.57	19127.14	29851.34	1527.71	0.2374,1.3228,0.3372,0.3725,0.0954
1	Round_2_Replicate_1	-12160.34	24330.68	134573.11	1337.05	0.4326,0.9402,0.3342,0.7119,0.254
1	Round_1_Replicate_5	-9280.48	18570.96	24208.53	1458.03	0.3541,0.4314,0.3885,0.6286,0.0755
1	Round_2_Replicate_2	-9508.57	19027.14	30539.17	1489.61	0.2846,0.4378,0.1961,1.0307,0.0837
1	Round_1_Replicate_9	-83598.66	167207.32	2.6969319390878997e+28	554.55	0.2274,0.6052,0.1497,0.4345,12.338
1	Round_1_Replicate_12	-23654.3	47318.6	3287786.86	633.91	5.4873,19.1368,1.0616,0.5675,2.7286
1	Round_1_Replicate_6	-9419.96	18849.92	26957.06	1545.06	0.0848,0.1476,0.347,1.9187,0.0519
1	Round_1_Replicate_15	-90476.39	180962.78	-4.871166722636966e+24	336.64	2.1201,0.6198,3.1152,0.0793,10.463
1	Round_1_Replicate_7	-28622.78	57255.56	14976237.55	2720.22	0.1504,0.1744,0.0372,0.389,0.2978
1	Round_2_Replicate_3	-9240.16	18490.32	26314.69	1423.08	0.5605,1.5891,0.2275,0.5595,0.1034
1	Round_1_Replicate_13	-9061.65	18133.3	26699.48	1512.69	0.4534,1.7397,0.2056,0.4125,0.0749
1	Round_1_Replicate_10	-42078.83	84167.66	1057959633.43	1448.49	1.3699,0.0168,0.3453,0.8975,0.5635
1	Round_1_Replicate_14	-18123.07	36256.14	1052583.74	1493.5	0.0412,0.9889,0.5199,0.5059,0.2485
1	Round_2_Replicate_1	-9159.98	18329.96	23058.65	1576.56	0.0969,0.5117,0.506,0.4227,0.0534
1	Round_2_Replicate_4	-9046.87	18103.74	24869.66	1600.49	0.208,0.5737,0.2275,0.5006,0.0538
1	Round_1_Replicate_11	-17724.38	35458.76	498638.06	1792.84	0.0302,0.1474,1.4467,0.2059,0.1353
1	Round_1_Replicate_8	-10116.58	20243.16	36896.73	1249.36	0.2769,1.2299,0.8731,0.4784,0.1378
1	Round_1_Replicate_15	-14517.76	29045.52	181880.69	2148.59	0.0342,0.5203,0.4489,0.1251,0.094
1	Round_2_Replicate_5	-9131.0	18272.0	26003.3	1467.08	0.7444,1.1947,0.1612,0.6232,0.0833
1	Round_1_Replicate_12	-8910.72	17831.44	54524.23	1567.78	0.0379,0.771,0.5201,0.4549,0.0288
1	Round_1_Replicate_9	-12625.0	25260.0	107202.87	2023.52	0.1689,0.3835,0.1942,0.2555,0.1209
1	Round_2_Replicate_2	-9045.24	18100.48	29098.13	1446.02	0.4168,1.6232,0.2087,0.5619,0.0769
1	Round_1_Replicate_13	-11827.21	23664.42	81002.43	1436.92	5.4192,2.4034,0.2089,0.3676,0.2971
1	Round_1_Replicate_10	-9771.4	19552.8	21485.72	1857.14	0.2549,1.1644,0.1738,0.1496,0.0542
1	Round_2_Replicate_1	-9018.13	18046.26	26107.24	1565.88	0.0511,0.9835,0.3689,0.4601,0.0394
1	Round_2_Replicate_6	-8993.94	17997.88	29159.07	1480.3	0.2049,3.6074,0.2662,0.3601,0.0664
1	Round_2_Replicate_3	-9035.1	18080.2	25903.41	1450.4	0.1436,0.7758,0.4023,0.6501,0.0653
1	Round_1_Replicate_14	-10079.03	20168.06	39272.01	1491.47	1.1745,0.2481,0.137,1.3305,0.1124
1	Round_1_Replicate_11	-9822.28	19654.56	35401.6	1695.33	0.048,0.6345,0.1797,0.4886,0.0431
1	Round_2_Replicate_2	-8937.54	17885.08	29977.92	1576.17	0.0623,0.4908,0.4746,0.5236,0.0385
1	Round_3_Replicate_1	-8899.42	17808.84	47558.43	1553.93	0.0449,1.4514,0.538,0.3332,0.0331
1	Round_2_Replicate_4	-9001.94	18013.88	33269.14	1419.47	0.2433,0.968,0.2904,0.7301,0.0678
1	Round_2_Replicate_7	-8966.19	17942.38	28181.83	1525.41	0.1198,1.0537,0.2924,0.5066,0.0517
1	Round_1_Replicate_12	-17956.28	35922.56	730367.28	1971.48	0.1079,2.2014,0.1869,0.2352,0.2735
1	Round_2_Replicate_3	-8938.18	17886.36	33330.56	1494.01	0.1238,1.2183,0.343,0.4914,0.0529
1	Round_2_Replicate_5	-9215.57	18441.14	53689.64	1179.64	0.4109,2.1673,0.5932,0.7465,0.108
1	Round_2_Replicate_8	-9323.42	18656.84	25348.79	1466.84	0.427,1.1345,0.303,0.4627,0.0986
1	Round_1_Replicate_1	-17840.99	35691.98	651614.77	1916.04	0.1307,0.0841,0.4783,0.3473,0.2049
1	Round_1_Replicate_1	-9387.85	18785.7	24251.63	1490.72	3.6132,0.4443,0.0937,1.0462,0.0859
1	Round_1_Replicate_13	-9019.16	18048.32	31886.71	1501.18	0.2927,2.2753,0.1937,0.4324,0.0639
1	Round_2_Replicate_4	-8933.53	17877.06	35580.54	1492.01	0.1252,1.9288,0.334,0.4117,0.0532
1	Round_2_Replicate_6	-9125.38	18260.76	25976.09	1410.21	0.5046,1.5046,0.2372,0.5958,0.0938
1	Round_2_Replicate_9	-9215.5	18441.0	26300.3	1547.27	0.1125,0.6376,0.2571,0.67,0.0585
1	Round_1_Replicate_2	-8909.5	17829.0	42788.63	1509.47	0.081,2.3394,0.4137,0.3426,0.0444
1	Round_1_Replicate_15	-54952.09	109914.18	1.3739365108205502e+19	989.21	1.3718,0.3693,0.1948,0.1572,6.289
1	Round_1_Replicate_14	-11316.31	22642.62	67353.46	1768.97	0.0917,0.0495,0.2495,2.1082,0.0654
1	Round_2_Replicate_5	-8902.74	17815.48	42361.83	1553.02	0.0419,2.0862,0.5493,0.2899,0.0331
1	Round_2_Replicate_7	-9054.07	18118.14	40873.69	1307.07	0.3324,4.1643,0.3054,0.5851,0.0866
1	Round_2_Replicate_10	-9026.44	18062.88	25047.86	1530.74	0.0655,0.3439,0.6071,0.709,0.0447
1	Round_1_Replicate_2	-9240.48	18490.96	73054.37	1369.25	11.1574,17.4433,0.1209,0.3374,0.1139
1	Round_1_Replicate_3	-12020.03	24050.06	74111.69	1526.9	0.1733,1.4144,0.7125,0.2137,0.1477
1	Round_2_Replicate_1	-9039.22	18088.44	49733.43	1649.13	0.1046,0.3023,0.234,0.6399,0.0339
1	Round_2_Replicate_6	-8986.92	17983.84	37772.62	1578.38	0.0735,2.1737,0.2393,0.339,0.0367
1	Round_1_Replicate_15	-8965.31	17940.62	38901.91	1468.05	0.2237,1.5189,0.2792,0.4948,0.0619
1	Round_2_Replicate_8	-9071.73	18153.46	25882.43	1509.18	0.2416,7.5319,0.2566,0.2626,0.0737
1	Round_1_Replicate_3	-11276.81	22563.62	40590.72	1542.43	0.3075,3.6539,0.6035,0.1408,0.1228
1	Round_2_Replicate_2	-8907.26	17824.52	39257.86	1543.71	0.0446,0.8672,0.6229,0.4204,0.0346
1	Round_2_Replicate_7	-8904.2	17818.4	37602.01	1576.78	0.043,1.1728,0.5158,0.3384,0.0327
1	Round_2_Replicate_9	-9283.13	18576.26	25850.21	1520.17	0.4071,1.0949,0.1911,0.5332,0.0866
1	Round_2_Replicate_1	-8916.6	17843.2	36586.01	1510.54	0.0856,2.2083,0.4077,0.3479,0.0466
1	Round_1_Replicate_4	-20646.03	41302.06	1170789.54	2371.15	0.0332,0.3131,0.0324,0.331,0.0933
1	Round_2_Replicate_10	-8970.54	17951.08	29366.57	1516.79	0.1669,0.9354,0.2771,0.5339,0.0561
1	Round_2_Replicate_3	-8933.57	17877.14	35001.99	1608.85	0.0207,0.3981,0.941,0.4891,0.0234
1	Round_3_Replicate_2	-8899.46	17808.92	47533.66	1554.99	0.044,1.3894,0.5445,0.3375,0.0328
1	Round_2_Replicate_8	-8944.6	17899.2	47918.7	1537.17	0.0235,2.0339,1.2683,0.2506,0.0272
1	Round_2_Replicate_2	-8934.81	17879.62	31811.99	1515.88	0.0952,1.9007,0.4142,0.3485,0.0499
1	Round_2_Replicate_4	-8946.34	17902.68	27665.98	1556.09	0.0482,0.9952,0.501,0.4092,0.0384
1	Round_1_Replicate_1	-9564.41	19138.82	556240.44	1122.39	16.1016,13.4167,0.2595,0.4922,0.1588
1	Round_2_Replicate_9	-9454.99	18919.98	29631.25	1697.81	0.015,0.3822,0.689,0.4028,0.0264
1	Round_1_Replicate_4	-56725.19	113460.38	-7.088742388711636e+20	2477.07	0.0748,0.1263,0.0428,0.0496,2.1477
1	Round_2_Replicate_3	-8961.66	17933.32	67454.0	1391.7	0.1469,19.3337,0.4579,0.2599,0.0625
1	Round_2_Replicate_5	-8917.09	17844.18	39496.52	1543.57	0.0327,0.8112,0.6572,0.4718,0.03
1	Round_1_Replicate_2	-9112.11	18234.22	23736.34	1557.4	0.0936,0.2279,0.3264,1.1974,0.0471
1	Round_2_Replicate_10	-8917.59	17845.18	32297.08	1570.11	0.0479,0.5509,0.5207,0.5176,0.0348
1	Round_2_Replicate_4	-9004.16	18018.32	27443.75	1444.22	0.1703,1.5844,0.3723,0.4806,0.0688
1	Round_1_Replicate_5	-57920.49	115850.98	157435274253364.22	289.29	1.0626,0.6753,2.7744,0.9119,13.0761
1	Round_2_Replicate_6	-8921.61	17853.22	32937.96	1561.48	0.0364,1.7698,0.61,0.2931,0.0329
1	Round_2_Replicate_5	-8980.68	17971.36	51697.29	1439.47	0.1049,1.0274,0.6009,0.5012,0.0519
1	Round_2_Replicate_7	-8973.29	17956.58	39841.25	1691.26	0.0201,0.7291,0.4486,0.2688,0.0191
1	Round_1_Replicate_6	-21219.46	42448.92	1000757.16	2048.88	1.1381,0.2138,0.2615,0.151,0.35
1	Round_3_Replicate_1	-8899.44	17808.88	47698.58	1554.49	0.0443,1.4381,0.5435,0.3331,0.0329
1	Round_2_Replicate_6	-8956.74	17923.48	30038.46	1530.35	0.1183,1.4139,0.2828,0.4399,0.0503
1	Round_1_Replicate_13	-95330.46	190670.92	1.8088476703869742e+37	364.12	1.1825,0.09,0.0827,1.9075,15.5375
1	Round_2_Replicate_8	-8901.54	17813.08	42362.62	1552.58	0.0458,1.9257,0.5412,0.296,0.0344
1	Round_1_Replicate_7	-17306.11	34622.22	578374.6	2227.6	0.115,0.0207,0.2017,0.86,0.1153
1	Round_1_Replicate_8	-15707.51	31425.02	220400.54	2192.09	0.008,0.4054,1.5284,0.0655,0.0501
1	Round_2_Replicate_9	-9273.08	18556.16	27246.65	1619.87	0.0437,1.1237,0.4535,0.3199,0.0446
1	Round_2_Replicate_7	-8977.28	17964.56	34536.64	1434.72	0.2021,3.157,0.2827,0.4395,0.0661
1	Round_1_Replicate_14	-22912.16	45834.32	2164077.18	1838.86	2.9367,0.0379,0.2268,0.3443,0.2796
1	Round_1_Replicate_9	-9190.3	18390.6	21743.4	1815.34	0.0232,0.6727,0.5557,0.1453,0.0235
1	Round_3_Replicate_1	-8899.42	17808.84	47647.83	1553.4	0.0453,1.4498,0.5351,0.3346,0.0332
1	Round_2_Replicate_8	-9011.16	18032.32	29389.26	1462.78	0.2356,2.2911,0.2403,0.4684,0.0678
1	Round_1_Replicate_15	-17199.29	34408.58	441213.63	1639.07	3.1905,2.3119,0.2365,0.2377,0.5557
1	Round_3_Replicate_3	-8899.41	17808.82	47591.44	1552.46	0.0456,1.4568,0.5341,0.3352,0.0333
1	Round_2_Replicate_10	-9362.09	18734.18	27107.11	1522.09	0.1177,1.4756,0.4826,0.3319,0.0737
1	Round_1_Replicate_5	-62356.55	124723.1	-4.155733275275717e+24	139.32	0.171,0.279,10.9391,1.7375,18.4863
1	Round_1_Replicate_10	-12372.64	24755.28	75186.89	1802.71	0.0883,0.8892,0.608,0.141,0.1007
1	Round_1_Replicate_3	-89243.61	178497.22	-9.235846492176939e+29	111.32	0.5253,0.0535,12.722,4.1156,19.6992
1	Round_2_Replicate_9	-9007.12	18024.24	26513.92	1539.8	0.1525,0.6442,0.243,0.6529,0.0529
1	Round_2_Replicate_1	-8968.63	17947.26	28908.68	1573.9	0.0835,1.0649,0.2724,0.4459,0.042
1	Round_1_Replicate_4	-9754.81	19519.62	33110.18	1316.12	0.434,0.4832,0.1682,2.1263,0.0943
1	Round_2_Replicate_10	-9339.67	18689.34	26728.89	1529.55	0.2543,2.6834,0.274,0.324,0.0883
1	Round_1_Replicate_11	-14247.38	28504.76	131219.77	1974.57	0.078,0.1914,0.6084,0.1545,0.0997
1	Round_2_Replicate_2	-9015.86	18041.72	24606.92	1554.33	0.1451,0.6081,0.3175,0.5311,0.0552
1	Round_1_Replicate_5	-9110.46	18230.92	108369.04	1479.93	0.634,11.2327,0.2151,0.241,0.0713
1	Round_2_Replicate_3	-9192.69	18395.38	24964.18	1487.43	0.2908,0.5286,0.219,0.8597,0.0745
1	Round_3_Replicate_1	-8899.44	17808.88	47699.22	1554.48	0.0443,1.4383,0.5434,0.3331,0.0329
1	Round_1_Replicate_6	-10671.48	21352.96	52706.04	1367.5	4.8862,1.6371,0.208,0.5026,0.2362
1	Round_1_Replicate_12	-104647.57	209305.14	9.277866804454113e+21	160.66	4.8783,0.7698,8.6083,0.2801,15.3216
1	Round_2_Replicate_4	-8951.64	17913.28	30076.1	1517.66	0.0815,1.2237,0.3423,0.4872,0.0457
1	Round_3_Replicate_2	-8899.44	17808.88	47799.01	1554.32	0.0444,1.4584,0.5417,0.3315,0.0329
1	Round_1_Replicate_7	-15828.55	31667.1	305473.73	1609.36	0.4963,0.1496,0.4706,0.3648,0.2361
1	Round_2_Replicate_5	-8939.25	17888.5	58072.2	1545.65	0.0316,3.6708,0.5138,0.267,0.0274
1	Round_1_Replicate_8	-9460.19	18930.38	23461.75	1505.95	0.7398,0.6546,0.268,0.4646,0.0948
1	Round_3_Replicate_1	-8899.43	17808.86	47672.34	1553.63	0.0447,1.4961,0.5397,0.3291,0.033
1	Round_2_Replicate_6	-9535.94	19081.88	28259.09	1573.03	0.373,0.2877,0.157,1.0334,0.0764
1	Round_3_Replicate_2	-8899.44	17808.88	47698.49	1554.49	0.0443,1.4381,0.5435,0.3331,0.0329
1	Round_1_Replicate_9	-16114.52	32239.04	424107.64	2015.46	0.0109,0.1738,0.7627,0.2891,0.0775
1	Round_2_Replicate_7	-8922.56	17855.12	35532.54	1510.19	0.0598,4.2764,0.4635,0.28,0.0419
1	Round_1_Replicate_10	-13667.49	27344.98	180986.6	1969.12	0.0474,1.0813,0.2466,0.211,0.1089
1	Round_2_Replicate_8	-9422.26	18854.52	27300.61	1585.6	0.1407,0.2191,0.281,1.0083,0.0628
1	Round_3_Replicate_4	-8899.44	17808.88	47640.35	1554.55	0.0443,1.4328,0.5435,0.3336,0.0329
1	Round_1_Replicate_11	-10529.05	21068.1	22779.22	2220.75	0.0703,1.207,0.0537,0.0451,0.0197
1	Round_2_Replicate_9	-9405.3	18820.6	30162.8	1517.5	0.0889,0.3369,0.3536,1.0112,0.0619
1	Round_1_Replicate_12	-13876.97	27763.94	253762.09	1711.03	0.1205,0.1452,0.2536,0.9333,0.1612
1	Round_1_Replicate_13	-60750.23	121510.46	293340712894.03	197.07	18.5741,0.302,3.0419,4.9311,10.0301
1	Round_1_Replicate_6	-59220.33	118450.66	-5.770909341426091e+21	1315.6	0.1699,0.0933,0.2228,0.1212,4.1299
1	Round_2_Replicate_10	-8938.49	17886.98	30059.7	1599.05	0.0428,0.3682,0.5914,0.5516,0.0325
1	Round_1_Replicate_14	-9980.49	19970.98	38515.76	1512.44	0.7832,0.2967,0.1702,1.0143,0.1125
1	Round_1_Replicate_13	-11438.28	22886.56	57461.48	1905.35	0.0101,0.046,3.3642,0.4526,0.0296
1	Round_1_Replicate_15	-13791.81	27593.62	200755.27	1673.49	1.9234,1.1881,0.1123,0.4568,0.2975
1	Round_1_Replicate_7	-11764.72	23539.44	79732.51	1459.26	0.6034,0.2459,0.4283,0.57,0.1666
1	Round_1_Replicate_14	-20472.05	40954.1	892369.93	3322.23	0.1106,0.0064,0.0374,0.6576,0.059
1	Round_2_Replicate_1	-8943.55	17897.1	31138.73	1575.12	0.0339,2.5944,0.5309,0.2565,0.0316
1	Round_3_Replicate_2	-8899.44	17808.88	47812.6	1554.23	0.0443,1.4632,0.5429,0.331,0.0329
1	Round_3_Replicate_3	-8899.44	17808.88	47686.69	1554.32	0.0443,1.4452,0.543,0.3327,0.0329
1	Round_3_Replicate_1	-8899.44	17808.88	47683.27	1554.42	0.0444,1.4295,0.5423,0.3342,0.0329
1	Round_1_Replicate_8	-12665.21	25340.42	115213.52	1491.93	0.2712,3.2597,0.4932,0.2481,0.2251
1	Round_1_Replicate_15	-10065.43	20140.86	39497.34	1162.16	0.1753,0.254,1.0264,1.941,0.1109
1	Round_3_Replicate_3	-8899.44	17808.88	47698.88	1554.49	0.0443,1.4381,0.5435,0.3331,0.0329
1	Round_3_Replicate_2	-8899.41	17808.82	47505.09	1553.16	0.0455,1.4759,0.5338,0.3324,0.0333
1	Round_2_Replicate_2	-8904.22	17818.44	46296.52	1524.61	0.0625,1.2832,0.498,0.3929,0.039
1	Round_1_Replicate_9	-9066.18	18142.36	28306.25	1478.99	0.0479,0.2334,0.9231,1.1711,0.0399
1	Round_2_Replicate_1	-8942.27	17894.54	50589.35	1581.98	0.0542,0.703,0.3282,0.5189,0.0313
1	Round_2_Replicate_3	-8996.41	18002.82	29455.93	1480.44	0.0421,3.1277,0.7623,0.3013,0.0421
1	Round_1_Replicate_10	-8990.55	17991.1	28064.15	1540.92	0.0514,4.4894,0.4204,0.2614,0.0411
1	Round_2_Replicate_4	-9056.17	18122.34	94559.06	1756.06	0.0088,0.1834,1.5758,0.302,0.0112
1	Round_3_Replicate_4	-8899.44	17808.88	47698.48	1554.49	0.0443,1.4381,0.5435,0.3331,0.0329
1	Round_2_Replicate_5	-8952.02	17914.04	83988.75	1603.75	0.0196,4.7668,1.1676,0.1424,0.0214
1	Round_3_Replicate_5	-8899.42	17808.84	47429.61	1553.82	0.0452,1.3991,0.537,0.3388,0.0331
1	Round_2_Replicate_6	-8901.81	17813.62	55059.36	1554.92	0.0451,1.9892,0.558,0.2836,0.0328
1	Round_1_Replicate_11	-84944.26	169898.52	5.730417529488509e+17	676.78	5.1192,0.249,0.1939,0.8094,7.7483
1	Round_2_Replicate_2	-9566.88	19143.76	8072673.96	1291.88	0.7278,19.9782,0.3541,0.3214,0.0754
1	Round_3_Replicate_1	-8899.41	17808.82	47791.41	1553.22	0.0451,1.4608,0.5377,0.3332,0.0331
1	Round_2_Replicate_7	-9055.84	18121.68	26820.11	1619.26	0.0193,6.4121,0.7972,0.1473,0.0262
1	Round_3_Replicate_3	-8899.42	17808.84	47748.92	1553.49	0.0448,1.4731,0.5393,0.3316,0.033
1	Round_3_Replicate_3	-8899.44	17808.88	47697.15	1554.49	0.0443,1.4382,0.5435,0.3331,0.0329
1	Round_1_Replicate_12	-38399.95	76809.9	563661338.74	241.16	7.5069,0.1511,2.644,9.1271,3.7104
1	Round_2_Replicate_8	-9345.45	18700.9	24259.67	1662.21	0.0233,0.9484,1.3468,0.18,0.0325
1	Round_2_Replicate_3	-9081.4	18172.8	27902.87	1438.82	0.1925,4.9098,0.4456,0.2874,0.0764
1	Round_3_Replicate_4	-8899.44	17808.88	47998.02	1554.3	0.0445,1.4594,0.54,0.3317,0.0329
1	Round_3_Replicate_5	-8899.43	17808.86	47334.72	1553.7	0.0448,1.3939,0.5394,0.3395,0.0331
1	Round_3_Replicate_2	-8899.42	17808.84	47172.69	1553.44	0.045,1.4526,0.5391,0.3335,0.0332
1	Round_3_Replicate_6	-8899.42	17808.84	47651.98	1552.66	0.0451,1.4888,0.5357,0.332,0.0332
1	Round_1_Replicate_13	-16141.73	32293.46	187726.44	1485.26	2.2978,0.865,0.4544,0.1637,0.2931
1	Round_2_Replicate_9	-9822.45	19654.9	38041.25	1450.72	0.0675,1.8255,0.8076,0.3355,0.079
1	Round_1_Replicate_14	-16207.52	32425.04	355892.03	2414.4	0.0614,0.0999,0.2571,0.2332,0.1223
1	Round_2_Replicate_10	-9039.82	18089.64	72791.78	1576.78	0.0117,0.1831,3.2012,1.003,0.0172
1	Round_1_Replicate_15	-11272.88	22555.76	53171.4	2067.83	0.0073,0.7607,1.0408,0.0617,0.0232
1	Round_2_Replicate_1	-8903.72	17817.44	41785.03	1548.51	0.0528,2.4248,0.5027,0.2778,0.0368
1	Round_2_Replicate_2	-8943.58	17897.16	33770.12	1612.48	0.0691,3.6253,0.3416,0.2089,0.0385
1	Round_2_Replicate_4	-9080.69	18171.38	37173.16	1652.87	0.1544,19.3707,0.1565,0.1489,0.0425
1	Round_2_Replicate_3	-9129.79	18269.58	25952.21	1573.7	0.0506,0.9034,0.4013,0.4494,0.044
1	Round_3_Replicate_4	-8899.44	17808.88	47698.74	1554.49	0.0443,1.4378,0.5434,0.3331,0.0329
1	Round_3_Replicate_2	-8899.44	17808.88	47559.92	1554.03	0.0447,1.3947,0.5391,0.3392,0.033
1	Round_3_Replicate_4	-8899.44	17808.88	47837.14	1554.11	0.0444,1.4647,0.5424,0.3311,0.0329
1	Round_2_Replicate_4	-8948.77	17907.54	26966.42	1599.31	0.0605,1.0837,0.4119,0.3332,0.0395
1	Round_3_Replicate_7	-8899.42	17808.84	47239.05	1554.16	0.045,1.4386,0.5376,0.3342,0.0331
1	Round_2_Replicate_5	-8905.75	17821.5	46672.89	1570.48	0.0424,1.507,0.6028,0.2868,0.0323
1	Round_3_Replicate_5	-8899.44	17808.88	47711.72	1554.31	0.0443,1.4405,0.5431,0.3332,0.0329
1	Round_3_Replicate_3	-8899.44	17808.88	47698.48	1554.49	0.0443,1.4381,0.5435,0.3331,0.0329
1	Round_2_Replicate_6	-8936.93	17883.86	65061.39	1518.9	0.1214,2.0585,0.3286,0.3549,0.0462
1	Round_3_Replicate_3	-8899.44	17808.88	47714.22	1554.48	0.0443,1.4425,0.5435,0.3326,0.0329
1	Round_2_Replicate_7	-8942.27	17894.54	31121.55	1541.03	0.0802,5.3925,0.3857,0.2373,0.0466
1	Round_3_Replicate_6	-8899.44	17808.88	47777.06	1554.27	0.0443,1.4578,0.543,0.3314,0.0329
1	Round_3_Replicate_1	-8899.42	17808.84	47716.22	1553.76	0.0447,1.4681,0.5397,0.3316,0.033
1	Round_2_Replicate_8	-9265.85	18541.7	30006.49	1485.6	0.0419,3.2255,0.4097,0.3978,0.0442
1	Round_2_Replicate_5	-9695.29	19400.58	8303644.0	1404.36	1.4718,19.9601,0.234,0.2253,0.0692
1	Round_2_Replicate_6	-9700.32	19410.64	32136.39	1494.44	0.8377,10.2963,0.1171,0.3395,0.1085
1	Round_2_Replicate_9	-9240.74	18491.48	26520.73	1635.5	0.0433,1.2728,0.3966,0.301,0.0421
1	Round_2_Replicate_7	-9349.86	18709.72	27547.68	1503.21	0.3713,8.5677,0.1941,0.2938,0.094
1	Round_2_Replicate_10	-9273.74	18557.48	28788.95	1406.72	0.1818,9.1438,0.3931,0.3059,0.0923
1	Round_3_Replicate_5	-8899.44	17808.88	47695.81	1554.49	0.0443,1.4382,0.5435,0.3331,0.0329
1	Round_3_Replicate_8	-8899.44	17808.88	47692.66	1554.35	0.0444,1.4541,0.5424,0.3317,0.0329
1	Round_3_Replicate_5	-8899.44	17808.88	47699.15	1554.49	0.0443,1.4382,0.5435,0.3331,0.0329
1	Round_3_Replicate_6	-8899.44	17808.88	47695.23	1554.49	0.0443,1.4367,0.5435,0.3332,0.0329
1	Round_3_Replicate_4	-8899.44	17808.88	47698.47	1554.49	0.0443,1.4381,0.5435,0.3331,0.0329
1	Round_3_Replicate_7	-8899.44	17808.88	47707.77	1554.24	0.0444,1.437,0.5428,0.3336,0.0329
1	Round_3_Replicate_4	-8899.42	17808.84	47608.59	1553.6	0.0449,1.4823,0.5374,0.3309,0.0331
1	Round_3_Replicate_2	-8899.43	17808.86	47625.54	1554.42	0.0445,1.4238,0.5419,0.3348,0.0329
1	Round_2_Replicate_8	-9940.43	19890.86	28947.29	1738.89	1.1431,19.882,0.089,0.1597,0.0939
1	Round_3_Replicate_1	-8899.44	17808.88	47809.32	1554.32	0.0445,1.4693,0.5422,0.3302,0.0329
1	Round_2_Replicate_9	-9703.66	19417.32	28921.03	1367.48	0.8322,19.3971,0.3542,0.2403,0.1526
1	Round_3_Replicate_9	-8899.44	17808.88	47692.84	1554.48	0.0443,1.4381,0.5434,0.3331,0.0329
1	Round_3_Replicate_6	-8899.43	17808.86	47734.79	1553.82	0.0447,1.4455,0.5406,0.3336,0.033
1	Round_2_Replicate_10	-9431.49	18872.98	29573.2	1512.83	0.2653,4.3656,0.224,0.3329,0.0924
1	Round_3_Replicate_7	-8899.44	17808.88	47836.36	1554.13	0.0444,1.4692,0.5429,0.3305,0.0329
1	Round_3_Replicate_6	-8899.44	17808.88	47528.13	1554.59	0.0443,1.4276,0.5436,0.334,0.0329
1	Round_3_Replicate_5	-8899.42	17808.84	47553.53	1553.79	0.0451,1.4921,0.5372,0.3293,0.0332
1	Round_3_Replicate_8	-8899.44	17808.88	47699.98	1554.47	0.0443,1.4393,0.5434,0.333,0.0329
1	Round_3_Replicate_5	-8899.44	17808.88	47646.28	1554.34	0.0443,1.4424,0.5424,0.3331,0.0329
1	Round_3_Replicate_3	-8899.44	17808.88	47698.49	1554.49	0.0443,1.4381,0.5435,0.3331,0.0329
1	Round_3_Replicate_10	-8899.44	17808.88	47699.78	1554.49	0.0443,1.4383,0.5435,0.3331,0.0329
1	Round_3_Replicate_1	-8899.44	17808.88	47719.99	1554.44	0.0443,1.4431,0.5434,0.3327,0.0329
1	Round_3_Replicate_7	-8899.43	17808.86	47667.89	1554.29	0.0445,1.4443,0.5421,0.3328,0.0329
1	Round_3_Replicate_2	-8899.43	17808.86	47771.55	1554.57	0.0447,1.4357,0.5397,0.3335,0.033
1	Round_3_Replicate_8	-8899.44	17808.88	47699.04	1554.49	0.0443,1.4382,0.5435,0.3331,0.0329
1	Round_3_Replicate_7	-8899.44	17808.88	47470.29	1554.78	0.0444,1.4455,0.5421,0.332,0.0329
1	Round_3_Replicate_9	-8899.44	17808.88	47698.48	1554.49	0.0443,1.4381,0.5435,0.3331,0.0329
1	Round_4_Replicate_1	-8899.44	17808.88	47738.98	1554.34	0.0443,1.4503,0.5431,0.3321,0.0329
1	Round_3_Replicate_6	-8899.43	17808.86	47809.53	1553.9	0.0448,1.4898,0.5401,0.329,0.033
1	Round_3_Replicate_6	-8899.42	17808.84	47340.54	1552.63	0.0449,1.4628,0.5402,0.3338,0.0332
1	Round_3_Replicate_4	-8899.43	17808.86	47390.78	1553.7	0.0446,1.4499,0.5401,0.3338,0.033
1	Round_3_Replicate_8	-8899.44	17808.88	47698.79	1554.49	0.0443,1.4381,0.5435,0.3331,0.0329
1	Round_3_Replicate_2	-8899.46	17808.92	47091.81	1555.15	0.0445,1.3462,0.5423,0.3421,0.0329
1	Round_3_Replicate_3	-8899.44	17808.88	47698.71	1554.49	0.0443,1.4381,0.5435,0.3331,0.0329
1	Round_3_Replicate_9	-8899.41	17808.82	47520.99	1552.85	0.0451,1.4561,0.5388,0.3341,0.0332
1	Round_3_Replicate_10	-8899.44	17808.88	47633.5	1554.66	0.0443,1.435,0.5432,0.3332,0.0329
1	Round_3_Replicate_7	-8899.44	17808.88	47698.0	1554.48	0.0443,1.439,0.5435,0.333,0.0329
1	Round_3_Replicate_8	-8899.43	17808.86	47526.93	1554.5	0.0445,1.4149,0.5413,0.3357,0.0329
1	Round_3_Replicate_7	-8899.44	17808.88	47700.84	1554.48	0.0443,1.4383,0.5435,0.3331,0.0329
1	Round_3_Replicate_9	-8899.43	17808.86	47848.38	1553.25	0.0446,1.4928,0.5408,0.3298,0.033
1	Round_3_Replicate_5	-8899.44	17808.88	47700.84	1554.49	0.0443,1.4347,0.5429,0.3335,0.0329
1	Round_3_Replicate_10	-8899.44	17808.88	47698.48	1554.49	0.0443,1.4381,0.5435,0.3331,0.0329
1	Round_3_Replicate_4	-8899.43	17808.86	47718.78	1554.33	0.0444,1.4429,0.5421,0.3329,0.0329
1	Round_4_Replicate_1	-8899.44	17808.88	47711.66	1554.41	0.0443,1.4427,0.5431,0.3328,0.0329
1	Round_3_Replicate_10	-8899.41	17808.82	47483.96	1552.15	0.0452,1.4537,0.5369,0.3359,0.0332
1	Round_3_Replicate_3	-8899.44	17808.88	47698.48	1554.49	0.0443,1.4381,0.5435,0.3331,0.0329
1	Round_3_Replicate_8	-8899.44	17808.88	47695.83	1554.59	0.0443,1.4431,0.5433,0.3324,0.0329
1	Round_3_Replicate_8	-8899.43	17808.86	47842.37	1554.03	0.0449,1.4532,0.5406,0.332,0.0331
1	Round_3_Replicate_9	-8899.44	17808.88	47700.73	1554.48	0.0443,1.4381,0.5434,0.3331,0.0329
1	Round_3_Replicate_9	-8899.42	17808.84	47464.12	1553.3	0.0454,1.4843,0.5336,0.3315,0.0333
1	Round_3_Replicate_4	-8899.42	17808.84	47323.39	1554.02	0.045,1.412,0.5378,0.3372,0.0331
1	Round_3_Replicate_5	-8899.44	17808.88	47697.97	1554.49	0.0443,1.4381,0.5435,0.3331,0.0329
1	Round_4_Replicate_1	-8899.44	17808.88	47706.1	1554.48	0.0443,1.4388,0.5435,0.333,0.0329
1	Round_3_Replicate_6	-8899.44	17808.88	47704.14	1554.47	0.0443,1.4394,0.5434,0.333,0.0329
1	Round_3_Replicate_9	-8899.43	17808.86	47592.66	1553.82	0.0446,1.4893,0.5421,0.3289,0.033
1	Round_4_Replicate_1	-8899.43	17808.86	47729.75	1553.99	0.0447,1.4599,0.5409,0.3318,0.033
1	Round_3_Replicate_10	-8899.43	17808.86	47850.81	1553.91	0.0447,1.4935,0.5409,0.3285,0.033
1	Round_3_Replicate_10	-8899.44	17808.88	47893.98	1554.0	0.0445,1.4819,0.5417,0.3295,0.033
1	Round_4_Replicate_1	-8899.44	17808.88	47698.48	1554.49	0.0443,1.4381,0.5435,0.3331,0.0329
1	Round_3_Replicate_10	-8899.44	17808.88	47754.06	1554.27	0.0443,1.4462,0.5437,0.3326,0.0329
1	Round_3_Replicate_5	-8899.42	17808.84	47600.44	1553.08	0.0454,1.4891,0.5344,0.3312,0.0332
1	Round_3_Replicate_6	-8899.42	17808.84	47805.64	1552.89	0.045,1.442,0.5412,0.3348,0.0331
1	Round_3_Replicate_7	-8899.44	17808.88	47949.46	1553.94	0.0443,1.4807,0.5428,0.3298,0.0329
1	Round_4_Replicate_1	-8899.41	17808.82	47411.37	1552.81	0.0456,1.4716,0.5335,0.3334,0.0333
1	Round_4_Replicate_1	-8899.44	17808.88	47648.6	1554.43	0.0445,1.4617,0.5422,0.3307,0.0329
1	Round_3_Replicate_7	-8899.43	17808.86	47601.89	1554.36	0.0444,1.436,0.5423,0.3336,0.0329
1	Round_3_Replicate_6	-8899.44	17808.88	47700.95	1554.49	0.0443,1.4389,0.5435,0.333,0.0329
1	Round_3_Replicate_8	-8899.44	17808.88	47698.47	1554.49	0.0443,1.4381,0.5435,0.3331,0.0329
1	Round_3_Replicate_9	-8899.44	17808.88	47718.72	1554.15	0.0444,1.4754,0.5426,0.33,0.0329
1	Round_3_Replicate_7	-8899.42	17808.84	47104.65	1553.43	0.0451,1.4162,0.5375,0.3377,0.0332
1	Round_3_Replicate_8	-8899.44	17808.88	47815.36	1554.16	0.0443,1.4514,0.5443,0.332,0.0329
1	Round_3_Replicate_10	-8899.43	17808.86	47626.02	1554.31	0.0446,1.4406,0.5411,0.3332,0.033
1	Round_3_Replicate_8	-8899.44	17808.88	47521.87	1554.56	0.0444,1.4119,0.5431,0.3357,0.0329
1	Round_3_Replicate_9	-8899.44	17808.88	47587.52	1554.73	0.0444,1.457,0.5414,0.331,0.0329
1	Round_4_Replicate_1	-8899.44	17808.88	47632.36	1554.67	0.0444,1.4452,0.5426,0.332,0.0329
1	Round_3_Replicate_9	-8899.44	17808.88	47698.5	1554.49	0.0443,1.4381,0.5435,0.3331,0.0329
1	Round_3_Replicate_10	-8899.42	17808.84	47721.94	1553.63	0.0449,1.4466,0.5377,0.3344,0.0331
1	Round_3_Replicate_10	-8899.44	17808.88	47765.97	1554.43	0.0444,1.4286,0.5432,0.3341,0.0329
1	Round_4_Replicate_1	-8899.44	17808.88	47698.46	1554.49	0.0443,1.4381,0.5435,0.3331,0.0329
1	Round_4_Replicate_1	-8899.44	17808.88	47672.47	1554.45	0.0443,1.4387,0.5429,0.3331,0.0329
